0.05292485 -0.12464739 -0.062200014 -0.0006822441 0.02584107 0.02757043 -0.041874655 0.02412942 0.06867141 -0.060197335
0.063374884 -0.11769306 -0.06440354 -0.0089605525 0.024205267 0.010997936 -0.04731629 0.03621659 0.080134094 -0.06677972
0.08365087 -0.09519994 -0.084772885 -0.015534283 0.021552157 -0.017816946 -0.04316446 0.039409008 0.07554721 -0.06439675
0.103897676 -0.065127075 -0.11218721 -0.01707573 0.010241838 -0.051505156 -0.0348746 0.03514907 0.05605957 -0.05254953
0.11420119 -0.050632462 -0.11953625 -0.019589107 0.0057332963 -0.06723738 -0.031864565 0.03436006 0.04775498 -0.04845782
0.12242727 -0.03669848 -0.11782066 -0.021529412 0.0009898972 -0.07821107 -0.028426003 0.03200025 0.03911813 -0.04202309
0.12626758 -0.028815567 -0.10538344 -0.022101298 -0.00381873 -0.08188712 -0.028062005 0.031704985 0.033742826 -0.03659261
0.1268535 -0.025208067 -0.092520446 -0.02228348 -0.004441524 -0.08373901 -0.028074319 0.031754985 0.030599352 -0.03248548
0.1276882 -0.025007691 -0.08604197 -0.02334626 -0.0048179394 -0.083637945 -0.028319312 0.03340037 0.029751541 -0.030102588
0.12787507 -0.025693003 -0.082610674 -0.02415624 -0.0053236345 -0.08301164 -0.029092945 0.035141714 0.030159747 -0.029236984
0.12786219 -0.026402643 -0.07993103 -0.02518016 -0.0020064246 -0.08356151 -0.027717954 0.03426931 0.028224044 -0.026971856
0.12933232 -0.026756544 -0.07987362 -0.026196785 -0.0014404971 -0.08425326 -0.027724557 0.034845073 0.02832333 -0.026441257
0.13040061 -0.0257054 -0.080686174 -0.027247574 -0.0018109167 -0.086381294 -0.028743634 0.036812827 0.029915392 -0.027755039
0.130664 -0.026162956 -0.078745194 -0.02660342 -0.0029061455 -0.084713876 -0.028954504 0.036463104 0.030475136 -0.027095297
0.13067108 -0.027138129 -0.07734157 -0.02635457 -0.0034061484 -0.083164915 -0.029370487 0.036452685 0.030854642 -0.026449215
0.13103287 -0.027565004 -0.07708584 -0.026426215 -0.0043395385 -0.08301107 -0.030325765 0.03725473 0.032587487 -0.02691666
0.13110417 -0.028093977 -0.07638569 -0.026361752 -0.0044490676 -0.082416706 -0.030309072 0.037124008 0.032689363 -0.026485438
0.13114233 -0.028426863 -0.07622405 -0.026432406 -0.005720271 -0.082547195 -0.031750105 0.038482442 0.03525131 -0.027514577
0.13233328 -0.028103432 -0.07958398 -0.027731795 -0.0062582856 -0.08586065 -0.033468314 0.041022547 0.038229004 -0.029860562
0.13209622 -0.029161125 -0.07804135 -0.027436774 -0.0055779023 -0.085146494 -0.0328807 0.040066756 0.037797034 -0.02867834
0.13635212 -0.032099605 -0.08577962 -0.029239269 -0.0026542246 -0.08673374 -0.03330399 0.039660133 0.034140065 -0.028632432
0.13520774 -0.037574872 -0.080524296 -0.025935836 -0.00081198104 -0.07804403 -0.03238222 0.033079095 0.029554097 -0.023127211
0.13322413 -0.037883103 -0.07027591 -0.023789909 0.010268809 -0.072070554 -0.03314469 0.027575009 0.017354095 -0.019091045
0.13343449 -0.035815187 -0.06827375 -0.023852222 0.012165714 -0.073967144 -0.034392163 0.027429674 0.017335216 -0.019688347
0.124257326 -0.04204627 -0.057462115 -0.019217603 0.02079748 -0.061822746 -0.033864573 0.018461682 0.009440457 -0.012996405
0.11410614 -0.04702646 -0.041510254 -0.016515292 0.03319208 -0.050777126 -0.03481683 0.01236286 0.0011495065 -0.0069003766
0.11519687 -0.04578229 -0.041450154 -0.021148404 0.040049285 -0.057592735 -0.038669612 0.016564272 0.0015783187 -0.00888236
0.10791479 -0.04993485 -0.02791835 -0.020432325 0.050314657 -0.04973613 -0.040172458 0.014180273 -0.0035857302 -0.0045959605
0.09786075 -0.05807601 -0.016869579 -0.019752426 0.061038416 -0.039782576 -0.040414263 0.0110573135 -0.009051399 0.0007771497
0.09624225 -0.056557972 -0.015485978 -0.025188984 0.069935456 -0.046824098 -0.044292144 0.016715795 -0.008073647 -0.0020798843
0.08831042 -0.064668566 -0.0060794167 -0.023920497 0.07893636 -0.034983017 -0.04284294 0.012483314 -0.0129299415 0.0039209384
0.08035499 -0.066746995 -0.0032060407 -0.0275898 0.09272469 -0.033850852 -0.043915525 0.013198376 -0.017816355 0.0052867713
0.078916326 -0.06644599 0.00038552284 -0.030105244 0.09600951 -0.034650974 -0.046882436 0.01703775 -0.015107629 0.0038215255
0.07326391 -0.066872 0.0026206728 -0.03219466 0.10348761 -0.03284096 -0.049400616 0.018663555 -0.017016307 0.0033187293
0.06626081 -0.070227236 0.005241124 -0.033799794 0.11337992 -0.027789956 -0.048996806 0.01718282 -0.022177879 0.0065351673
0.056332596 -0.07695414 0.013425535 -0.033243366 0.120282605 -0.016777378 -0.04968946 0.015104894 -0.02298691 0.010437623
0.055635475 -0.07886079 0.017449688 -0.035265412 0.12062669 -0.013907671 -0.05284497 0.019119307 -0.018351123 0.009792341
0.04528327 -0.08527183 0.025550488 -0.036315642 0.13022162 -0.003758531 -0.051403023 0.017701916 -0.022118248 0.014763275
0.04440379 -0.08393036 0.022572497 -0.04065495 0.1378693 -0.003358502 -0.051587977 0.01987947 -0.027496774 0.015411637
0.044682138 -0.08638424 0.025869668 -0.041956637 0.13430825 0.0016048439 -0.05606042 0.024459759 -0.020052945 0.0141463075
0.046374567 -0.08104669 0.015663713 -0.04585222 0.14271 -0.003219761 -0.052485105 0.02372912 -0.03485192 0.015416766
0.04885416 -0.077580705 0.0031945556 -0.048628464 0.14607787 -0.00896401 -0.050213546 0.023999704 -0.047764968 0.016188834
0.0542024 -0.081695564 0.0015270282 -0.048894934 0.13472204 4.6744943e-05 -0.058951735 0.028691802 -0.03320631 0.013331611
0.05299059 -0.0756384 -0.011698768 -0.05073548 0.15040587 -0.0079276 -0.043160595 0.020866608 -0.06992608 0.021460196
0.059697554 -0.07608075 -0.026709463 -0.05226126 0.14721212 -0.006345123 -0.04089456 0.01978055 -0.079199955 0.023446279
0.06461667 -0.07822011 -0.034872077 -0.052980244 0.14150786 0.00013830885 -0.04316011 0.019995153 -0.07845518 0.023317872
0.07283551 -0.08255133 -0.040246136 -0.053127438 0.124913745 0.013113461 -0.055376396 0.024707893 -0.057263315 0.018260978
0.0757437 -0.08281618 -0.04674624 -0.053717382 0.11936252 0.017197605 -0.05783138 0.02606345 -0.054414954 0.017116316
0.08169813 -0.079970695 -0.054707736 -0.055251375 0.11411721 0.015677921 -0.06152285 0.029373642 -0.0518856 0.013970349
0.084977984 -0.08093015 -0.06074038 -0.05529239 0.10660587 0.020030823 -0.06437193 0.030460633 -0.04602561 0.012909727
0.08638105 -0.083001405 -0.06375298 -0.05511488 0.09542154 0.028245602 -0.06970684 0.033811066 -0.031568147 0.010885282
0.08935121 -0.08100432 -0.06997348 -0.05855193 0.094115436 0.02877174 -0.073786266 0.038339958 -0.032349806 0.00813595
0.087949656 -0.08190692 -0.06890433 -0.062296845 0.09912312 0.030087762 -0.073246405 0.041085005 -0.043003928 0.00908642
0.08711896 -0.08793771 -0.06597929 -0.06273374 0.099092886 0.03595473 -0.07053618 0.04088496 -0.045870367 0.011805474
0.08525012 -0.092595175 -0.06410083 -0.0661467 0.10010931 0.031876083 -0.07464979 0.04833586 -0.04348704 0.010077332
0.07908275 -0.10514997 -0.05673487 -0.066897735 0.10034406 0.03547348 -0.07633572 0.053998 -0.03900127 0.010743567
0.08032313 -0.112794936 -0.05267854 -0.06702201 0.10671857 0.038925022 -0.070583574 0.05229396 -0.05111643 0.0152035635
0.07612032 -0.1214306 -0.04877043 -0.066229075 0.110603526 0.048557818 -0.06889459 0.051097687 -0.054532997 0.017519196
0.06253052 -0.136745 -0.034155287 -0.0627431 0.102510095 0.07027339 -0.07391368 0.05603538 -0.030987535 0.0146524655
0.05721997 -0.14085786 -0.03047834 -0.06271832 0.10963918 0.070670106 -0.07305249 0.05514459 -0.03952039 0.016569203
0.05900898 -0.14062998 -0.026881117 -0.06384153 0.11984117 0.06599742 -0.07065009 0.05272419 -0.05183273 0.019535199
0.049247324 -0.1493823 -0.019267935 -0.0641597 0.11954358 0.0638942 -0.0761998 0.06034787 -0.043226223 0.016946692
0.038288876 -0.16064498 -0.0123401545 -0.06444427 0.12356457 0.05694302 -0.08051258 0.06738817 -0.04086754 0.015597191
0.040255874 -0.1628545 -0.009095423 -0.066100806 0.13650426 0.051959842 -0.0776692 0.0636788 -0.05567397 0.018946713
0.030308237 -0.17406529 -0.0029432364 -0.064354256 0.13812129 0.05563739 -0.07849772 0.06729825 -0.055520322 0.018809248
0.0182985 -0.18519571 0.0026648343 -0.06280115 0.14678979 0.066504516 -0.07508386 0.064217694 -0.0643538 0.022638658
0.01613666 -0.1880174 0.005997855 -0.06571165 0.15631649 0.06270361 -0.07486795 0.06357932 -0.0701197 0.024769679
0.012132166 -0.1921151 0.0043709613 -0.06913605 0.16307014 0.056109108 -0.07617613 0.063700885 -0.07172935 0.026027108
0.013164096 -0.19309041 0.00080480985 -0.073249415 0.16743597 0.043177947 -0.07894085 0.06573457 -0.0731757 0.025651366
0.012409046 -0.19683838 0.00043865107 -0.07507625 0.17067797 0.037054922 -0.080183275 0.0675625 -0.07632389 0.02573645
0.013383098 -0.19992825 0.0012302902 -0.07535514 0.17177425 0.038403414 -0.078559905 0.067883074 -0.07720599 0.027210504
0.00889251 -0.1989345 -0.002648376 -0.07646412 0.17014897 0.03215029 -0.07955649 0.06673859 -0.07372435 0.027022425
0.0021605305 -0.20470661 -0.0034394693 -0.07595177 0.1705494 0.04274011 -0.0776702 0.065131776 -0.07260878 0.029664926
0.0047050193 -0.20741099 -0.0041577537 -0.07665775 0.16938953 0.045135405 -0.07696949 0.06663326 -0.07220796 0.030652368
0.0008794032 -0.20838088 -0.008713087 -0.07690598 0.16613322 0.04817602 -0.075197786 0.06421026 -0.07419264 0.03135958
0.0016144328 -0.20487355 -0.015791893 -0.07969787 0.16212365 0.0416861 -0.07597857 0.0630897 -0.073641755 0.03024229
0.002369389 -0.20420197 -0.01653761 -0.08011833 0.15842716 0.04148717 -0.07588194 0.06331075 -0.073292576 0.029510008
0.0031004846 -0.20265628 -0.020015988 -0.08114539 0.15503505 0.041099176 -0.07738529 0.063383766 -0.07360003 0.0276207
0.0049385317 -0.20008385 -0.027389215 -0.08363673 0.15039086 0.03522723 -0.078243814 0.062151186 -0.07468576 0.025725089
0.001683725 -0.20358595 -0.029101918 -0.08327389 0.14909226 0.041856892 -0.07764456 0.061091173 -0.07503601 0.026703106
0.0008732099 -0.20277692 -0.031102367 -0.083554626 0.1454715 0.041968703 -0.077539295 0.060224526 -0.07600913 0.025431791
0.0024297712 -0.1999037 -0.034999937 -0.08577907 0.14475632 0.036828343 -0.07788421 0.059360765 -0.07988871 0.024733638
0.0058246693 -0.19873141 -0.04084629 -0.08828269 0.14286146 0.028086305 -0.0810605 0.061685972 -0.08069771 0.02161485
0.0055144383 -0.19925259 -0.040657192 -0.08752508 0.13986532 0.0287074 -0.08111449 0.061674155 -0.07981367 0.020581087
0.009485474 -0.1985395 -0.046828344 -0.08868133 0.137428 0.019543678 -0.08261626 0.06340878 -0.08297875 0.017823206
0.008280746 -0.20053427 -0.049864516 -0.087101184 0.1339844 0.024077006 -0.08114992 0.059968308 -0.08223912 0.017635183
0.0075753722 -0.20108384 -0.04839212 -0.086115114 0.13136521 0.024312325 -0.08173072 0.06013604 -0.08147081 0.016292661
0.008315247 -0.2005263 -0.049991455 -0.08545169 0.13001652 0.024535231 -0.08107231 0.05758651 -0.086109914 0.01559164
0.010500444 -0.20192015 -0.052516222 -0.08551183 0.12947167 0.019788627 -0.08368828 0.05932636 -0.086656384 0.013145629
0.014898337 -0.20363002 -0.055287797 -0.08561507 0.12955615 0.010124341 -0.08705999 0.062374227 -0.08880687 0.009696815
0.015360527 -0.2043397 -0.050786804 -0.08265719 0.1298695 0.0059691444 -0.08791052 0.063252985 -0.08976971 0.008768987
0.01814431 -0.20805882 -0.049720652 -0.08039913 0.13199022 -0.0001591891 -0.08945213 0.064312264 -0.094191775 0.007786462
0.019688088 -0.21142378 -0.052021306 -0.07894571 0.13384312 -0.0024842508 -0.09008074 0.06440112 -0.09839285 0.0077061257
0.020602081 -0.21425991 -0.044913378 -0.073841795 0.13518763 -0.008669917 -0.09170086 0.06577212 -0.09934047 0.006693572
0.022111323 -0.22007571 -0.045231275 -0.07184315 0.1379591 -0.016574267 -0.09505296 0.06856685 -0.10156666 0.004488057
0.026524426 -0.22439472 -0.044096798 -0.06997646 0.1411973 -0.028074246 -0.09788732 0.07129174 -0.10777848 0.002447678
0.026537254 -0.22847082 -0.039555132 -0.066887125 0.14225274 -0.030671787 -0.09879745 0.07158307 -0.11011719 0.0024354297
0.034148864 -0.22981015 -0.04214693 -0.06811339 0.14313203 -0.04219702 -0.10082596 0.07411718 -0.11696551 0.00028987468
0.037656233 -0.23357648 -0.042961754 -0.066648975 0.14417686 -0.04949791 -0.103401884 0.07775264 -0.1198382 -0.0021473449
0.038652025 -0.23632929 -0.0392572 -0.06346759 0.14308949 -0.051035997 -0.10295446 0.077062525 -0.12217261 -0.0019135315
0.039663874 -0.24050532 -0.038848124 -0.062117994 0.14260714 -0.05383411 -0.10227479 0.07698795 -0.1263787 -0.0015021272
0.03549384 -0.24358138 -0.035384487 -0.058488086 0.14119749 -0.048245512 -0.10049659 0.07504969 -0.12609354 8.995301e-05
0.03588445 -0.24513966 -0.035398696 -0.05843001 0.14092927 -0.050145365 -0.100450724 0.07505705 -0.12477085 0.0008954074
0.036574766 -0.24490604 -0.03360183 -0.057444915 0.13998447 -0.05128071 -0.10038201 0.0754526 -0.12349797 0.00092679245
0.040074438 -0.24854545 -0.036980465 -0.05893539 0.14201617 -0.060410798 -0.103256054 0.0808807 -0.12193122 -0.0011662939
0.04898282 -0.24670587 -0.039581165 -0.060576826 0.13933639 -0.06909928 -0.10317052 0.08259656 -0.12391493 -0.0022371463
0.050079107 -0.24714637 -0.038380865 -0.05924216 0.13655876 -0.06769711 -0.10256317 0.08231584 -0.12160372 -0.002279633
0.046944994 -0.24620898 -0.0391902 -0.059500962 0.13443674 -0.0699149 -0.10283975 0.082745135 -0.11920986 -0.0034544931
0.042164262 -0.2516899 -0.045424864 -0.06188724 0.13340841 -0.073162004 -0.10458618 0.08577491 -0.11382404 -0.0054710703
0.04365927 -0.25361747 -0.047237508 -0.06267361 0.13097219 -0.06754665 -0.10323568 0.08626276 -0.11136006 -0.0044685835
0.04325536 -0.25740576 -0.052451137 -0.06542416 0.12920631 -0.07084988 -0.10390545 0.08821695 -0.11340888 -0.0062248865
0.04521691 -0.25735834 -0.062440924 -0.06999422 0.12823686 -0.075292535 -0.10541353 0.09195167 -0.11151944 -0.009369988
0.043607526 -0.26100954 -0.070715666 -0.07246439 0.12536263 -0.07275165 -0.10566597 0.0933757 -0.10577449 -0.011058676
0.045114182 -0.2639153 -0.07475555 -0.07279164 0.12287088 -0.06288914 -0.1044885 0.09339196 -0.10162921 -0.00961765
0.040390566 -0.26201856 -0.07911572 -0.074133486 0.119647056 -0.060967147 -0.10398549 0.09192869 -0.09611468 -0.010432354
0.03475554 -0.26913044 -0.08764864 -0.07609999 0.12060363 -0.053246886 -0.104838274 0.09426084 -0.08911565 -0.010061433
0.03566048 -0.27200967 -0.09299308 -0.076696455 0.1195852 -0.043966934 -0.104046255 0.095025 -0.085373655 -0.008497502
0.035153948 -0.2756673 -0.10069016 -0.07868568 0.120823056 -0.043031596 -0.105098054 0.098854065 -0.08225712 -0.009787455
0.042224754 -0.28002688 -0.1101891 -0.083030656 0.1218322 -0.04870375 -0.10639162 0.104944095 -0.0805971 -0.012637542
0.04434585 -0.28275996 -0.11017254 -0.08093806 0.11860941 -0.04467575 -0.104741186 0.10473311 -0.078183584 -0.011226316
0.051659174 -0.28822696 -0.115130395 -0.08403678 0.11913042 -0.05201256 -0.10589111 0.10891883 -0.082180604 -0.01439889
0.056900475 -0.29157934 -0.11513285 -0.084057145 0.11539105 -0.05533064 -0.10463805 0.10960284 -0.085621655 -0.015809115
0.059105694 -0.29094917 -0.112668194 -0.08106899 0.109783106 -0.054041233 -0.1027465 0.108996674 -0.08520777 -0.01605975
0.059399962 -0.29341155 -0.11566214 -0.08125087 0.10867278 -0.056199513 -0.10330749 0.11157489 -0.08406751 -0.018254861
0.04048346 -0.29423052 -0.10397701 -0.07554868 0.104579985 -0.0482783 -0.10195692 0.10624341 -0.08372454 -0.016712476
0.017139096 -0.30186427 -0.09509201 -0.070531875 0.10195817 -0.035991043 -0.10049702 0.10133743 -0.07729367 -0.012725518
0.018596744 -0.30785254 -0.09630842 -0.07074577 0.102032356 -0.031041618 -0.1001389 0.10336414 -0.0779161 -0.010891684
0.010440284 -0.31062913 -0.09316447 -0.07019032 0.10079086 -0.02735474 -0.10006053 0.1026176 -0.07661553 -0.009847695
0.017298967 -0.31965667 -0.09943085 -0.075971544 0.1056868 -0.024691686 -0.1018192 0.1089707 -0.08178645 -0.008896738
0.020025646 -0.32536772 -0.103934005 -0.07757713 0.10899774 -0.017267358 -0.10263732 0.11285335 -0.07983622 -0.00634108
0.0280995 -0.32985318 -0.107200965 -0.08277984 0.11051735 -0.014867239 -0.10386713 0.11621841 -0.08840824 -0.006553608
0.034452897 -0.32867876 -0.108874224 -0.084689856 0.10927253 -0.013865724 -0.10440333 0.11803637 -0.09510075 -0.0074748606
0.03524641 -0.3287745 -0.11509685 -0.08269863 0.1078325 -0.008457884 -0.103958875 0.1191328 -0.09007732 -0.0059393453
0.026621088 -0.32813394 -0.113177665 -0.0823932 0.106426746 -0.0074528754 -0.10459735 0.11775124 -0.08957221 -0.0066966224
0.021648662 -0.32881802 -0.113437906 -0.08248772 0.107086346 -0.0035308413 -0.10559265 0.119152896 -0.08847819 -0.0059894496
0.013629042 -0.33283323 -0.11822494 -0.08375569 0.1104657 0.0013227202 -0.10818576 0.123123586 -0.084092036 -0.0062242025
0.01576905 -0.33666986 -0.12211307 -0.08393151 0.111141585 0.007869121 -0.10797031 0.12554292 -0.08227376 -0.0039657042
0.012868302 -0.34009892 -0.122836314 -0.083860666 0.11046607 0.017163925 -0.10852732 0.1264892 -0.08130515 -0.0018226977
0.014016376 -0.34355396 -0.124619246 -0.08493982 0.1109324 0.022782397 -0.10902515 0.12881596 -0.08254879 -0.00024039514
0.016563568 -0.34920588 -0.12913959 -0.08392726 0.110211395 0.030294932 -0.107988894 0.13038376 -0.08099203 0.003226487
0.023053166 -0.34687954 -0.13201302 -0.08563228 0.10828203 0.029672597 -0.1086345 0.13318647 -0.083744235 0.0015523944
0.027835263 -0.34634727 -0.13346711 -0.085916206 0.10581524 0.032120336 -0.10848798 0.13421965 -0.086821035 0.0019898736
0.031368755 -0.34454915 -0.13579577 -0.083980575 0.10322152 0.03488994 -0.10626865 0.13440707 -0.08559456 0.0040564006
0.030861767 -0.34084076 -0.13802415 -0.08248922 0.10214496 0.038607262 -0.10495844 0.1341325 -0.08227953 0.005395514
0.036618177 -0.3400715 -0.14026985 -0.08424927 0.10234295 0.036657017 -0.10480549 0.13666669 -0.08580623 0.0044182176
0.039617866 -0.33770862 -0.14059758 -0.08218136 0.09872579 0.037872955 -0.1027463 0.13687113 -0.08317609 0.005352433
0.030576382 -0.33503264 -0.1364425 -0.07741891 0.09472952 0.0427009 -0.101014555 0.13438043 -0.07470804 0.007745811
0.030995242 -0.33649856 -0.13533066 -0.07751684 0.09527597 0.04715038 -0.10086326 0.13573189 -0.07297187 0.009598329
0.030644609 -0.3358106 -0.13284257 -0.07759359 0.09493501 0.04920724 -0.10062907 0.13659945 -0.07203222 0.010034842
0.034562558 -0.33466607 -0.13247521 -0.07678571 0.09319952 0.05157791 -0.09931563 0.13705035 -0.070468985 0.011210494
0.030683858 -0.33494276 -0.13238229 -0.07659447 0.09339549 0.056016743 -0.09970181 0.13766548 -0.06677548 0.011899936
0.02505331 -0.33720064 -0.13086107 -0.0753778 0.09205444 0.06330691 -0.099035144 0.13665767 -0.06515873 0.014191065
0.027807465 -0.3402679 -0.1324803 -0.07563244 0.0924716 0.06824335 -0.09909241 0.13804343 -0.064070925 0.01618027
0.022141384 -0.33964103 -0.12900116 -0.073121026 0.08950025 0.07246053 -0.09757064 0.13632897 -0.061300308 0.018143458
0.022262808 -0.34008062 -0.12823817 -0.07366082 0.090773635 0.08115916 -0.09770529 0.13804367 -0.059143882 0.02033454
0.026041763 -0.3403536 -0.12803978 -0.0733009 0.08975932 0.0847029 -0.09705678 0.13931605 -0.057279542 0.021667011
0.020415938 -0.3419853 -0.12437487 -0.07306902 0.08961937 0.0911917 -0.09720456 0.13856302 -0.0564965 0.023158856
0.0050677834 -0.3423338 -0.11769451 -0.06962606 0.08660363 0.10131323 -0.096644245 0.13565248 -0.04916071 0.02594357
-0.0017423369 -0.34176815 -0.112420335 -0.06890705 0.08511025 0.11051573 -0.09636616 0.13459288 -0.046410292 0.02751164
0.0070984187 -0.34280404 -0.11182107 -0.071335614 0.08717835 0.121974 -0.097432375 0.13861006 -0.04309699 0.030062348
-0.0021251515 -0.34320801 -0.10665451 -0.06888782 0.08406327 0.13176146 -0.09645851 0.1364986 -0.03848552 0.032498796
-0.008699298 -0.34522653 -0.10008969 -0.06645304 0.08121252 0.15188111 -0.09583713 0.13669446 -0.027292188 0.037707075
-0.0009059366 -0.343438 -0.098555654 -0.06707871 0.080313876 0.16071665 -0.095777325 0.13993824 -0.023025757 0.0391769
-0.0022849664 -0.35156202 -0.092999645 -0.06406808 0.07968891 0.1851081 -0.09582324 0.13885526 -0.019663485 0.04153681
0.00039033033 -0.3578028 -0.084128514 -0.059502453 0.07532039 0.21435867 -0.094784394 0.13617906 -0.0184734 0.043016564
0.00691529 -0.35574028 -0.08272755 -0.06147281 0.07657179 0.22426099 -0.095918454 0.13966414 -0.015949326 0.044308178
0.0024804175 -0.36087897 -0.07654824 -0.057202414 0.07552472 0.24685381 -0.09519087 0.13797599 -0.01137495 0.046447575
0.00041945372 -0.3636269 -0.07080134 -0.055954747 0.074636534 0.26737776 -0.095393546 0.1375235 -0.0068651866 0.048761625
-0.0038599744 -0.36038202 -0.06328443 -0.05557043 0.070871264 0.28499275 -0.09562075 0.13839184 -0.0009256279 0.050425746
0.0017589414 -0.35894385 -0.06184805 -0.056343935 0.07110179 0.29484317 -0.09644909 0.14117384 0.0050680907 0.051997505
-0.0031306352 -0.35537738 -0.0511411 -0.05293096 0.059414998 0.3193581 -0.09495994 0.13885258 0.011132421 0.054087874
-0.014610213 -0.35164237 -0.039956816 -0.04943103 0.04762187 0.34798703 -0.0933443 0.13428737 0.021273812 0.057805236
-0.009887731 -0.34912193 -0.03877273 -0.05312849 0.055772096 0.36150408 -0.09803287 0.13961191 0.030666035 0.06072769
-0.03012136 -0.34507686 -0.02718085 -0.0487654 0.042757563 0.3920219 -0.0964317 0.13467349 0.049445543 0.06538862
-0.050661292 -0.3458885 -0.01775821 -0.044290736 0.0371581 0.41760355 -0.09498384 0.1294758 0.061458014 0.07046861
-0.044671264 -0.34594244 -0.016888503 -0.049519356 0.047269013 0.43676972 -0.10296048 0.13729274 0.073780306 0.075248845
-0.0635048 -0.35855392 -0.0044010747 -0.045266546 0.045266777 0.47773293 -0.103324816 0.13551554 0.09099995 0.081955604
-0.057973802 -0.37527314 0.0055080485 -0.040695757 0.042575374 0.5250098 -0.10422276 0.13517722 0.09221372 0.085759565
-0.052933197 -0.37807572 0.008949403 -0.04547347 0.045745842 0.54093546 -0.109665975 0.14088018 0.09389117 0.08814548
-0.04710919 -0.39788258 0.017826108 -0.042991553 0.05427976 0.5794073 -0.113524206 0.14646925 0.10164974 0.09299441
-0.029761655 -0.4202947 0.028282775 -0.041985884 0.060531687 0.6169058 -0.11941144 0.15281785 0.09832371 0.09371702
-0.028892707 -0.4214537 0.03456796 -0.04315552 0.059023857 0.62478495 -0.12035708 0.15602778 0.10008475 0.09291066
-0.014578667 -0.43657383 0.04502828 -0.041962247 0.061718635 0.64969647 -0.12351641 0.15841052 0.09083603 0.09267386
-0.0030010287 -0.44632 0.053119533 -0.04007236 0.061486803 0.6667714 -0.12332379 0.15898335 0.078690425 0.0921053
-0.007382145 -0.44993886 0.05819898 -0.03904371 0.061795473 0.6709798 -0.12127823 0.15981418 0.08219264 0.09185711
-0.009477738 -0.4482544 0.06212015 -0.04006055 0.06004549 0.6709653 -0.120752394 0.16158924 0.081919596 0.08990967
-0.010923898 -0.45317698 0.06835135 -0.03997315 0.06338303 0.6715727 -0.12031131 0.1649293 0.08071841 0.087771654
-0.006165795 -0.46285453 0.07484686 -0.03403631 0.058471467 0.68638027 -0.11586992 0.16422999 0.08282474 0.08805709
-0.0065949624 -0.45933363 0.08130802 -0.034250297 0.05529507 0.6878999 -0.11410623 0.1657159 0.08292271 0.085755184
-0.012473645 -0.46902964 0.08689482 -0.031226212 0.060285456 0.6898544 -0.11213729 0.16756955 0.0946783 0.086967014
-0.02029638 -0.47654822 0.0934402 -0.025862167 0.056210957 0.69595814 -0.10708192 0.16812015 0.11174978 0.08902266
-0.045457628 -0.47944608 0.097335145 -0.02736455 0.064606994 0.6836404 -0.10476391 0.17200194 0.13805546 0.09230262
-0.045746885 -0.48152518 0.10699628 -0.029853392 0.06302833 0.69006777 -0.10537011 0.17463036 0.13442664 0.08981208
-0.06128035 -0.48469552 0.10995025 -0.02763065 0.06353064 0.6819317 -0.10006262 0.1761167 0.15693645 0.094162084
-0.07115366 -0.4931926 0.123926684 -0.026248708 0.055692166 0.6892014 -0.09413872 0.17946683 0.17328718 0.09557552
-0.07104109 -0.498948 0.14320196 -0.03091823 0.050036162 0.70386755 -0.0954825 0.18432379 0.16620977 0.090262845
-0.0788415 -0.5008768 0.15724999 -0.03103042 0.044264056 0.70679784 -0.09128952 0.18732844 0.17482877 0.09009699
-0.08364271 -0.5011753 0.17090306 -0.030622073 0.038060717 0.71088994 -0.087740086 0.18980545 0.181183 0.08973276
-0.088440105 -0.49951285 0.19142446 -0.036450606 0.03653478 0.71926975 -0.08989 0.19293022 0.17547706 0.08459093
-0.10408232 -0.49714515 0.20283186 -0.03569667 0.031768404 0.71598697 -0.084387794 0.19408134 0.18859106 0.08641599
-0.11100595 -0.49346042 0.21429606 -0.034706235 0.025273334 0.71499056 -0.07881405 0.19547519 0.1971282 0.08651048
-0.11552632 -0.4889987 0.23127237 -0.03972146 0.023998521 0.7193768 -0.079949245 0.19710523 0.19237188 0.082249716
-0.13475102 -0.48710147 0.24086922 -0.0420879 0.02478562 0.7089093 -0.076466456 0.1997305 0.20726539 0.08390999
-0.14665297 -0.48806238 0.25339007 -0.043765895 0.024315426 0.69396305 -0.074518286 0.20210159 0.20731175 0.08221918
-0.15062696 -0.4933082 0.27904207 -0.04671045 0.024399078 0.6868664 -0.0754897 0.20475328 0.19531605 0.07792003
-0.14587325 -0.4898578 0.2903232 -0.050611693 0.019682998 0.6943574 -0.07433997 0.2048485 0.189683 0.074073166
-0.15139864 -0.49731535 0.312523 -0.05380357 0.021346878 0.68321395 -0.07458 0.21007547 0.18354261 0.06914546
-0.14742547 -0.5050853 0.33100635 -0.05321341 0.017982945 0.68339765 -0.07133867 0.21212502 0.17770253 0.06633141
-0.1373361 -0.49706322 0.33577967 -0.054974243 0.011191841 0.6869237 -0.066588275 0.20830908 0.16514654 0.06328529
-0.13064516 -0.5031984 0.34216034 -0.052302737 0.0101599395 0.68402904 -0.05987231 0.20721962 0.16536808 0.064516425
-0.12347603 -0.50396276 0.344716 -0.04555585 0.0026363172 0.67905307 -0.048685756 0.20467469 0.159765 0.06484945
-0.12198045 -0.49628285 0.35550702 -0.049109533 -0.0011600293 0.680315 -0.046562158 0.20301268 0.15168321 0.060653333
-0.12491819 -0.498708 0.3725868 -0.04850686 -0.0027399547 0.6766548 -0.04359442 0.20476866 0.15151155 0.057809208
-0.11496267 -0.50605536 0.38752416 -0.046128534 -0.00063151494 0.66592515 -0.044429306 0.20609444 0.14153093 0.050740715
-0.10838588 -0.50757015 0.40005374 -0.04254598 -0.0042329915 0.6574885 -0.040403552 0.20408209 0.13180971 0.044411372
-0.10682036 -0.50018454 0.404271 -0.043877237 -0.0063425153 0.6567835 -0.039197996 0.20159435 0.12888908 0.04092091
-0.100294195 -0.4996879 0.40918362 -0.039984904 -0.008914426 0.6481824 -0.035873916 0.19909899 0.1223033 0.036539245
-0.09583627 -0.4952994 0.41015074 -0.039091043 -0.010553047 0.6325882 -0.031215563 0.19611478 0.115945034 0.03389834
-0.09416427 -0.48490894 0.41106084 -0.04068327 -0.013218738 0.6294099 -0.028445043 0.1925214 0.10992459 0.031744383
-0.09166582 -0.4838392 0.41878384 -0.04138843 -0.0147526115 0.61515987 -0.025082763 0.1919283 0.10156859 0.028844079
-0.08967833 -0.48325735 0.42789957 -0.04158595 -0.018157538 0.59948236 -0.020505942 0.19056062 0.091419704 0.024394495
-0.08803184 -0.47186053 0.4261193 -0.04281731 -0.021961924 0.5920871 -0.016162867 0.1845579 0.07953609 0.021531973
-0.08055942 -0.4717548 0.43588912 -0.042117354 -0.025781289 0.57443416 -0.01183559 0.18230894 0.060363505 0.016061136
-0.07406429 -0.4731471 0.44386438 -0.040811434 -0.028434616 0.55714107 -0.008151501 0.18040298 0.04911827 0.010817664
-0.06820272 -0.46903157 0.4428821 -0.039553083 -0.03243083 0.53059804 -0.0004643593 0.17417997 0.031230547 0.005727405
-0.06415373 -0.45334324 0.4259529 -0.03717778 -0.03709248 0.51631916 0.005208794 0.1646097 0.019162726 0.0027748877
-0.05400308 -0.455201 0.41794318 -0.030895978 -0.041106135 0.49332577 0.011583794 0.15922064 0.0064563085 -0.0016532766
-0.047623016 -0.45564473 0.40638635 -0.026169736 -0.044295024 0.46769685 0.01815581 0.15315062 -0.005393333 -0.005873789
-0.046458986 -0.4424996 0.3853963 -0.022436883 -0.04807456 0.4522189 0.02269578 0.14459044 -0.013268473 -0.009426038
-0.044227898 -0.4483863 0.37480384 -0.01821242 -0.049936056 0.43089175 0.028131403 0.14113437 -0.01674835 -0.012369225
-0.044945534 -0.45354643 0.37029058 -0.015812445 -0.05099925 0.41782784 0.03191674 0.1396279 -0.014916817 -0.014128041
-0.053664677 -0.44190493 0.36377877 -0.016805433 -0.051358003 0.41490617 0.032747053 0.13657847 -0.008729633 -0.016825669
-0.054885063 -0.44584858 0.3672789 -0.01576884 -0.05219675 0.40863925 0.034798026 0.1369224 -0.0054130806 -0.01925297
-0.058964793 -0.45074737 0.36383104 -0.015524566 -0.05088939 0.3987625 0.036034353 0.13642953 0.00025649904 -0.021200843
-0.065963656 -0.44509286 0.3545686 -0.014684037 -0.049353845 0.39552945 0.03598844 0.13435857 0.0057541863 -0.022754917
-0.063840784 -0.44619885 0.34887788 -0.011915837 -0.049489133 0.39028192 0.037212957 0.13302669 0.0056797657 -0.025143823
-0.06371821 -0.44745702 0.34919435 -0.010286487 -0.049070045 0.3880236 0.037328005 0.13284658 0.006122196 -0.02820859
-0.06512079 -0.44873217 0.34564507 -0.011311076 -0.04675816 0.38099495 0.03582479 0.13167101 0.00560755 -0.031735893
-0.07237865 -0.44748625 0.33403087 -0.009553405 -0.04360117 0.37775165 0.035044815 0.1295937 0.011983459 -0.03314415
-0.0710641 -0.45174947 0.32426003 -0.0060586305 -0.04210361 0.37330806 0.036135413 0.12718353 0.008420832 -0.03577076
-0.07542224 -0.46273014 0.31123888 -0.001472611 -0.038998775 0.36731052 0.037798643 0.12501848 0.0028876425 -0.038082585
-0.079918236 -0.4598359 0.29709017 0.0017274972 -0.03740087 0.36247763 0.03930025 0.12146007 -0.0017127001 -0.04007065
-0.08088058 -0.4592397 0.2853551 0.004155406 -0.036310278 0.3597238 0.040901102 0.117748246 -0.0061466177 -0.041079726
-0.08676188 -0.45892537 0.27467248 0.006858662 -0.03414341 0.36137414 0.04156139 0.11562094 -0.014379216 -0.042052556
-0.09135726 -0.45625252 0.26719123 0.008643849 -0.032361366 0.36328465 0.041870154 0.11404076 -0.02374901 -0.04325577
-0.09485365 -0.4513406 0.2612136 0.008889134 -0.030478366 0.36481383 0.041588992 0.11231186 -0.03422027 -0.045229945
-0.09509558 -0.4496916 0.25403613 0.011063239 -0.0299505 0.36549866 0.0427681 0.11024651 -0.043627266 -0.04685542
-0.09619978 -0.449449 0.24737428 0.011336025 -0.028724685 0.36564243 0.042803917 0.108367965 -0.051331595 -0.048020385
-0.0971529 -0.44931927 0.24236685 0.011405011 -0.027792737 0.36554343 0.042816058 0.10673995 -0.05784431 -0.049113885
-0.09989178 -0.44909155 0.23910594 0.009386086 -0.025360022 0.3656453 0.040925547 0.10552591 -0.060517896 -0.050636202
-0.09931494 -0.44961268 0.234889 0.009702686 -0.024844132 0.36570966 0.041249875 0.10382974 -0.06812907 -0.05174844
-0.09920495 -0.44966263 0.23103544 0.009707042 -0.024485938 0.36558652 0.041502807 0.10227947 -0.07466706 -0.052752152
-0.1011323 -0.45025337 0.22842284 0.009354416 -0.023119878 0.36661527 0.040914737 0.10134348 -0.07757452 -0.053506233
-0.102134205 -0.4486757 0.22461674 0.008748793 -0.021510955 0.3692245 0.039774872 0.10013014 -0.08522087 -0.055151418
-0.10264502 -0.44962955 0.2198455 0.009600896 -0.02087517 0.37104142 0.0392104 0.098748595 -0.09031933 -0.056159128
-0.10643666 -0.45265126 0.21513668 0.009721056 -0.01877131 0.37210152 0.037322704 0.097426586 -0.09158334 -0.057854827
-0.11072524 -0.45837468 0.20862398 0.010795016 -0.016435385 0.372436 0.035674974 0.095704764 -0.091124885 -0.05966719
-0.11388386 -0.45989114 0.20486721 0.011810507 -0.014525589 0.37512952 0.034445744 0.09502135 -0.09124041 -0.06073063
-0.117265955 -0.46082923 0.20107707 0.0121033415 -0.012621943 0.377151 0.033192687 0.094153665 -0.091986656 -0.061948396
-0.121868595 -0.46881324 0.19558278 0.014452461 -0.010577589 0.37841272 0.032510504 0.09337386 -0.0872377 -0.06238449
-0.12557833 -0.47303617 0.19420841 0.014126906 -0.008246403 0.38154453 0.031025032 0.093175314 -0.08739765 -0.0631592
-0.12821084 -0.47446278 0.19344053 0.012463508 -0.006083794 0.38428047 0.029720822 0.09269245 -0.092432365 -0.064313814
-0.1328995 -0.48041183 0.19155681 0.012463383 -0.0035880879 0.38623938 0.028266426 0.09231246 -0.09205045 -0.06525189
-0.13658157 -0.48216763 0.19030404 0.0104099205 0.00085129216 0.39082098 0.02485768 0.09287962 -0.09157807 -0.06644339
-0.137947 -0.48419875 0.19015007 0.009359106 0.0022649914 0.39400828 0.023210766 0.092751324 -0.09341502 -0.06700018
-0.14009829 -0.48696703 0.1897441 0.00850699 0.0043013804 0.39673132 0.021344312 0.09279679 -0.09340329 -0.06773064
-0.14201435 -0.4895907 0.19064084 0.0069495533 0.0068292245 0.400302 0.018599564 0.09333856 -0.09357097 -0.06883447
-0.14285818 -0.49178562 0.19074212 0.005872282 0.0081162155 0.4038974 0.01672489 0.09345083 -0.09419007 -0.06928066
-0.1436293 -0.4939489 0.18989801 0.0051404964 0.00870879 0.40614045 0.015742293 0.09315831 -0.09366054 -0.06913359
-0.14494617 -0.49827838 0.19086055 0.0043652053 0.0090813 0.40955028 0.014579218 0.093058564 -0.09411735 -0.06917536
-0.14506117 -0.4997388 0.1935576 0.0018020325 0.011356689 0.4149161 0.011680374 0.09442339 -0.09443524 -0.06976786
-0.14620095 -0.5019209 0.1953403 0.0002755794 0.012906168 0.4193688 0.009753525 0.095297635 -0.094108105 -0.070000336
-0.14668381 -0.5042474 0.19537139 -0.00087254564 0.014080316 0.42196754 0.0080517195 0.095354885 -0.09493252 -0.070464864
-0.14751485 -0.50762653 0.1963006 -0.0027883383 0.015883852 0.4268129 0.0051782015 0.09594463 -0.094219185 -0.07079986
-0.14873073 -0.5116208 0.19886112 -0.004632553 0.018320791 0.43414056 0.001807373 0.0975264 -0.09167639 -0.07093114
-0.14885733 -0.51564384 0.20037824 -0.005474714 0.019167278 0.43864736 0.00018455926 0.098254174 -0.08884306 -0.07050626
-0.14990747 -0.5194734 0.20296718 -0.0073083653 0.0215557 0.44536376 -0.0028762352 0.0998943 -0.08662164 -0.07056005
-0.15127893 -0.5236938 0.20627713 -0.009427122 0.02440847 0.45307064 -0.006299655 0.10200704 -0.08390874 -0.07060679
-0.15193467 -0.5278166 0.20860915 -0.010759862 0.025770914 0.45830598 -0.008051235 0.10321578 -0.08144238 -0.07020016
-0.15213943 -0.5338891 0.21084198 -0.013310743 0.02758402 0.4642443 -0.010448404 0.10437169 -0.080991566 -0.069872834
-0.15188062 -0.54335916 0.2136066 -0.017218482 0.029568419 0.47129127 -0.013141595 0.105548084 -0.08154081 -0.06918595
-0.15281932 -0.54846793 0.21633288 -0.020635743 0.03228136 0.47718912 -0.016107619 0.10730091 -0.08337327 -0.06949916
-0.15490527 -0.5526253 0.22039504 -0.023631003 0.03541327 0.48405313 -0.019077256 0.10994291 -0.08319695 -0.06990366
-0.15606663 -0.5581431 0.22376959 -0.026337504 0.037611276 0.49006116 -0.021241527 0.111902334 -0.08214127 -0.069674276
-0.15713201 -0.5614605 0.22648086 -0.02832907 0.039777935 0.49500346 -0.023408204 0.11380225 -0.08113479 -0.069752365
-0.15777743 -0.5654714 0.22853276 -0.030423975 0.042012975 0.49871892 -0.025401507 0.11545998 -0.0807182 -0.06987804
-0.15730783 -0.5696079 0.23172972 -0.03211387 0.044591743 0.5037274 -0.027437758 0.11730842 -0.079452686 -0.07033421
-0.1573195 -0.57371753 0.2335282 -0.03396222 0.046705443 0.5065764 -0.029187577 0.118529215 -0.07881804 -0.07008324
-0.15923786 -0.57918227 0.23424804 -0.0359203 0.048528783 0.50787675 -0.031229474 0.11962347 -0.073364176 -0.06921648
-0.16070783 -0.5848095 0.23534697 -0.03637319 0.051970676 0.51154643 -0.03258372 0.121223226 -0.06775036 -0.06917046
-0.16199899 -0.58888006 0.23704791 -0.037579365 0.05518083 0.51604563 -0.03465401 0.12321653 -0.06353938 -0.06943998
-0.16227715 -0.5924959 0.23892519 -0.03830907 0.0554261 0.51935524 -0.03442185 0.12399218 -0.059274502 -0.06846986
-0.1636262 -0.5954584 0.24131359 -0.03912605 0.05556912 0.5225053 -0.03392557 0.12501636 -0.057259683 -0.06778892
-0.16533507 -0.5972612 0.24357054 -0.03990943 0.05619514 0.52540624 -0.03399099 0.12631771 -0.056422334 -0.067596816
-0.16677643 -0.5980735 0.24521755 -0.040632136 0.057178803 0.5278175 -0.034640405 0.1275666 -0.05630148 -0.06783806
-0.16705957 -0.5973606 0.2469305 -0.041445144 0.05765594 0.52882016 -0.034915805 0.12894998 -0.055405132 -0.068182796
-0.16739309 -0.5965389 0.24677518 -0.041031726 0.057886656 0.5288786 -0.0342749 0.12918177 -0.054242555 -0.06822353
-0.16855915 -0.59526396 0.24679849 -0.040385947 0.058106255 0.52886057 -0.03412798 0.12925269 -0.054774903 -0.068692476
-0.16761343 -0.5957392 0.24463914 -0.039418858 0.056766357 0.5274142 -0.031883433 0.12771092 -0.0521792 -0.067221835
-0.16863108 -0.59329057 0.24502411 -0.03899178 0.05718632 0.52806973 -0.0319272 0.12821084 -0.0518612 -0.067800954
-0.17062 -0.5915123 0.2461392 -0.038357936 0.05729474 0.528991 -0.03187591 0.12859897 -0.05210812 -0.06837972
-0.17180073 -0.59086984 0.24643953 -0.037879907 0.056726616 0.5288875 -0.031070866 0.12834583 -0.050982963 -0.06820258
-0.1733685 -0.5897182 0.24698818 -0.03727019 0.056116294 0.5289686 -0.030187832 0.12820423 -0.049846694 -0.06813285
-0.17352119 -0.5909844 0.24725275 -0.036249213 0.05393703 0.5283771 -0.0276836 0.12709881 -0.047298513 -0.06679688
-0.17471652 -0.58972335 0.24798286 -0.03581114 0.053942733 0.52894944 -0.027577944 0.12739061 -0.04715054 -0.06710071
-0.17666313 -0.5884728 0.25085297 -0.035701975 0.053732343 0.530489 -0.027432963 0.1285235 -0.047165163 -0.0677881
-0.17792591 -0.5862657 0.2501045 -0.035006627 0.053343162 0.5310326 -0.026034912 0.1284085 -0.04449053 -0.06720793
-0.18002185 -0.58486265 0.2517931 -0.034814086 0.05358943 0.5325538 -0.026145495 0.12917422 -0.044775743 -0.06777502
-0.18109304 -0.58444136 0.25243574 -0.03465807 0.052970048 0.53265655 -0.025423758 0.12906304 -0.044166245 -0.067580625
-0.182655 -0.584103 0.25388706 -0.034851354 0.052555673 0.53344417 -0.024820408 0.12946235 -0.043814566 -0.067528665
-0.18376228 -0.58393866 0.25499517 -0.035177 0.052867353 0.534593 -0.025077548 0.13004972 -0.044476423 -0.067887634
-0.18452305 -0.5845665 0.25605187 -0.035292957 0.052474186 0.53516924 -0.024478469 0.1302335 -0.04442334 -0.06773448
-0.18398324 -0.5837712 0.257314 -0.03450931 0.05213432 0.53685874 -0.02303197 0.13004003 -0.045751218 -0.06779127
-0.18683755 -0.5769533 0.25662827 -0.035651762 0.05128072 0.5341978 -0.022855816 0.13007721 -0.040877353 -0.0672105
-0.18784967 -0.5769171 0.2576181 -0.036068767 0.051437534 0.53470683 -0.023388367 0.13035779 -0.04093826 -0.06732528
-0.19170852 -0.5630169 0.25358102 -0.038579583 0.049273107 0.5268033 -0.022671904 0.12924054 -0.030044803 -0.065454535
-0.19524732 -0.545032 0.24857634 -0.040956352 0.047189403 0.51691866 -0.021223351 0.12804791 -0.018804492 -0.06359888
-0.19557394 -0.54477143 0.24895689 -0.040887766 0.047195308 0.51722336 -0.021184068 0.12823905 -0.018740242 -0.06367195
-0.1993823 -0.5281844 0.24443683 -0.04438821 0.046293143 0.50863767 -0.022760369 0.12849739 -0.0065081115 -0.06308775
-0.20164232 -0.51776636 0.23994404 -0.046633855 0.045319982 0.5007036 -0.023380406 0.12740366 0.0014950945 -0.062292498
-0.19916809 -0.51858723 0.23672472 -0.046226528 0.045478184 0.4982801 -0.022815157 0.1256535 -0.00011852197 -0.061959527
-0.19671094 -0.5100958 0.2319712 -0.046332836 0.045378882 0.4932961 -0.021814972 0.123789705 0.0037256272 -0.061766915
-0.19559035 -0.50023365 0.22665839 -0.04804588 0.045640916 0.48589742 -0.022225905 0.12274994 0.00953943 -0.06091787
-0.19396073 -0.5006123 0.22392398 -0.047491454 0.04578699 0.48296562 -0.022011746 0.12076183 0.00758395 -0.060642935
-0.19412458 -0.49037808 0.21999034 -0.047937952 0.044974517 0.47620556 -0.020316679 0.11844554 0.014220058 -0.05966882
-0.19771509 -0.47479978 0.21430421 -0.050922222 0.0446639 0.4636286 -0.019667458 0.11640072 0.026935697 -0.05696641
-0.20381421 -0.45612833 0.21009824 -0.05534108 0.04476335 0.4503225 -0.020482447 0.115959406 0.043486983 -0.05477218
-0.20350733 -0.45650432 0.20976031 -0.055468068 0.045004215 0.44980386 -0.020695534 0.115634255 0.042847585 -0.0545495
-0.20974755 -0.43296108 0.20324446 -0.06033358 0.046555005 0.43111682 -0.020255817 0.11415648 0.0628394 -0.051033348
-0.21618778 -0.40487367 0.19948214 -0.06623389 0.049449094 0.40973467 -0.020693738 0.114373505 0.08402677 -0.049090173
-0.21352527 -0.40657592 0.19669008 -0.06616542 0.050511736 0.40763906 -0.020745123 0.11253977 0.08232228 -0.048417263
-0.22125715 -0.37994975 0.19858858 -0.07515722 0.05335952 0.3775964 -0.02687562 0.1157533 0.10036313 -0.04949395
-0.21742909 -0.370246 0.20154127 -0.07788873 0.049878426 0.36452246 -0.033538125 0.11860899 0.09365555 -0.0566062
-0.20221639 -0.373397 0.18339524 -0.07588384 0.054449886 0.35477844 -0.031605665 0.110174626 0.089025736 -0.053834748
-0.19685927 -0.37419605 0.17439437 -0.07630103 0.054471333 0.34427908 -0.034298465 0.1070389 0.087354355 -0.054047495
-0.18413365 -0.37775466 0.1612086 -0.07422097 0.05889058 0.33784145 -0.031725988 0.10108645 0.08204661 -0.050932605
-0.1735523 -0.38110572 0.15026523 -0.07246215 0.060998935 0.33224073 -0.028948978 0.09531346 0.07932906 -0.048533827
-0.16836484 -0.3825566 0.14496039 -0.07173372 0.061679706 0.32944536 -0.027899282 0.0926725 0.077849604 -0.047536667
-0.16589552 -0.38318735 0.14213276 -0.07136345 0.0618938 0.3284292 -0.027380792 0.0912781 0.07653923 -0.04714754
-0.16541073 -0.38546988 0.14107977 -0.07114521 0.061076894 0.3284676 -0.026009744 0.08967966 0.078006424 -0.04652975
-0.16504648 -0.3861597 0.14094746 -0.071375206 0.061101086 0.32893032 -0.026107011 0.08952499 0.0775639 -0.046462197
-0.16495341 -0.38576484 0.14237177 -0.072162315 0.062468797 0.33061892 -0.02724275 0.09175017 0.07578353 -0.04661969
-0.16447051 -0.3888607 0.14277446 -0.07255485 0.06187673 0.33057934 -0.026065877 0.09054991 0.076750666 -0.046240214
-0.16476145 -0.38926458 0.14291286 -0.07279567 0.06196279 0.331065 -0.026359918 0.09068072 0.07636311 -0.0463786
-0.16447909 -0.3909412 0.14341569 -0.07267446 0.06264797 0.33223242 -0.024999907 0.09085108 0.07667661 -0.04555126
-0.16468559 -0.39291668 0.14452119 -0.07271084 0.063293725 0.33399257 -0.02376046 0.09122105 0.077273116 -0.044764735
-0.16639224 -0.39257103 0.14528322 -0.07296218 0.06329264 0.33517557 -0.024296716 0.092288576 0.077764 -0.04523131
-0.16682927 -0.3951723 0.14709921 -0.07272162 0.06384112 0.33742768 -0.021954535 0.09236312 0.07893616 -0.0440184
-0.16924289 -0.39467195 0.14999951 -0.07314279 0.064759575 0.34024033 -0.022152532 0.09468896 0.078178935 -0.04436063
-0.17088479 -0.39679402 0.15205835 -0.073266365 0.06488575 0.3426383 -0.02084393 0.094918296 0.07885676 -0.043896336
-0.17353278 -0.39655453 0.15323758 -0.07345387 0.06459912 0.34402966 -0.021311047 0.09574589 0.07927547 -0.044661645
-0.17538574 -0.39825258 0.15552081 -0.073538005 0.064494535 0.3464955 -0.019935964 0.09592342 0.079788975 -0.044290166
-0.17718272 -0.39982817 0.15767142 -0.07355342 0.06455753 0.3487653 -0.01859569 0.09640727 0.08063092 -0.043925006
-0.17999034 -0.39897668 0.15919939 -0.07374564 0.06412962 0.35022524 -0.019081324 0.09761654 0.081168644 -0.04472779
-0.18085417 -0.39744982 0.15930346 -0.07403319 0.064046636 0.35125637 -0.019140095 0.098547146 0.08036249 -0.04555467
-0.1829591 -0.39706343 0.16080606 -0.074521765 0.0638339 0.35304543 -0.02017293 0.09950824 0.08025996 -0.046199806
-0.1832754 -0.3991865 0.16240767 -0.07477367 0.064118385 0.3548588 -0.018972544 0.09946267 0.08044193 -0.04538772
-0.18349151 -0.39476648 0.16181633 -0.07565807 0.06334791 0.35430214 -0.021333866 0.101326965 0.080363974 -0.04727678
-0.18374471 -0.39464742 0.16128506 -0.0755391 0.06369715 0.35374612 -0.021694144 0.10070242 0.07890985 -0.047495417
-0.1841335 -0.3956667 0.15985027 -0.07526491 0.0630479 0.35268152 -0.02149832 0.099157624 0.0797097 -0.04758462
-0.1825284 -0.39494997 0.1587488 -0.07556161 0.063645944 0.35176435 -0.021888386 0.09941555 0.079159826 -0.047679607
-0.18152025 -0.39411968 0.15901496 -0.07575706 0.065130144 0.35161325 -0.022566225 0.10023485 0.076569445 -0.047602255
-0.18115975 -0.3944034 0.15845819 -0.07576179 0.065504044 0.35092163 -0.022756005 0.09976573 0.07575095 -0.04759732
-0.18136598 -0.39392975 0.15857618 -0.07595499 0.063649096 0.35031682 -0.022212267 0.09852072 0.07653998 -0.047379524
-0.17785078 -0.39125776 0.16088735 -0.07674599 0.0620308 0.3512642 -0.01926589 0.097804196 0.07433052 -0.045446113
-0.17861924 -0.38570386 0.16485131 -0.077635236 0.059103236 0.3526119 -0.019167287 0.0985872 0.072487675 -0.04513919
-0.17742708 -0.37993217 0.16782938 -0.07897815 0.05641468 0.3523739 -0.01954778 0.09965764 0.07045291 -0.04560759
-0.17486659 -0.37473714 0.170365 -0.07958759 0.05385973 0.3524204 -0.01784202 0.09877567 0.06769309 -0.044362187
-0.17345996 -0.36931655 0.17284775 -0.07997956 0.051156957 0.3523183 -0.016896974 0.09796955 0.0649039 -0.043292757
-0.17314729 -0.36531037 0.17728561 -0.08011555 0.048770968 0.35392386 -0.014312653 0.0973572 0.06354327 -0.041525595
-0.17115928 -0.35871142 0.18160377 -0.08079958 0.047093198 0.35557416 -0.012292837 0.09817327 0.059414316 -0.040336426
-0.17296524 -0.3555948 0.18750925 -0.081193194 0.044433642 0.35815105 -0.010016319 0.09805851 0.05883788 -0.039081514
-0.1746414 -0.35062322 0.19243288 -0.081952095 0.041174933 0.3596676 -0.009312041 0.09852086 0.057661988 -0.038617127
-0.17305996 -0.34641993 0.19632728 -0.08283639 0.039097875 0.3612911 -0.006486158 0.09903165 0.056439787 -0.037470005
-0.16771224 -0.33451277 0.196017 -0.084985085 0.0339565 0.35828903 -0.007414045 0.10055377 0.056313783 -0.039363086
-0.16828716 -0.3280329 0.19802845 -0.08448909 0.032282658 0.3558779 -0.0067614447 0.09902431 0.051644284 -0.038897928
-0.16740742 -0.3235926 0.20046547 -0.08409035 0.03310154 0.3552735 -0.0044626426 0.09899148 0.046942927 -0.03789852
-0.16751277 -0.3163584 0.20329481 -0.08486085 0.028812412 0.35168666 -0.0035555437 0.0978494 0.045477692 -0.037463263
-0.16897659 -0.3099249 0.20657471 -0.084678315 0.026617765 0.35055387 -0.002694523 0.09744041 0.042022344 -0.037401114
-0.16215955 -0.29776782 0.20663556 -0.085644975 0.022988409 0.34934968 -0.0014348943 0.098477215 0.038962733 -0.03895372
-0.16260865 -0.29420972 0.20882979 -0.08525497 0.02347189 0.3466105 0.00069390796 0.09743513 0.035187818 -0.03654802
-0.16218716 -0.2874825 0.2111109 -0.08446318 0.022851225 0.34448066 0.001266228 0.09621255 0.03149006 -0.036257334
-0.16426054 -0.28173304 0.21694463 -0.08354827 0.022851326 0.3447467 0.0020958874 0.09597662 0.029759813 -0.03578184
-0.16330601 -0.27576986 0.22213718 -0.08344667 0.021951605 0.34566677 0.0034399778 0.095997885 0.027786296 -0.03598477
-0.15945607 -0.2632422 0.22219348 -0.08328985 0.020404007 0.3420618 0.002690198 0.09576472 0.021641543 -0.03705332
-0.16023242 -0.25875986 0.22670054 -0.08285922 0.02071308 0.34159547 0.003300503 0.095027424 0.017999062 -0.035813823
-0.16024116 -0.25610393 0.22954574 -0.08194923 0.022124942 0.34007484 0.0044893306 0.0930261 0.0131388465 -0.033943634
-0.15927358 -0.24894576 0.23222534 -0.082991034 0.019596057 0.33905336 0.00350135 0.09378978 0.008932209 -0.034283545
-0.15982164 -0.24546912 0.23575678 -0.083284736 0.018980075 0.33853823 0.0038158912 0.09333119 0.0042949016 -0.033252258
-0.15649311 -0.23774385 0.23777997 -0.08476941 0.016126597 0.33658326 0.0031860694 0.09429157 -0.00086484826 -0.033498265
-0.15361832 -0.23184505 0.23557988 -0.08541161 0.014261425 0.33160287 0.0006715972 0.094667934 -0.0050215046 -0.033384234
-0.15243731 -0.23161511 0.2323803 -0.08395632 0.01612932 0.3289044 0.0011412613 0.09228131 -0.0070016086 -0.03342101
-0.14365359 -0.22534442 0.22579211 -0.08378655 0.016004544 0.3245633 0.0021276362 0.090451285 -0.011282459 -0.03519123
-0.14191452 -0.22430603 0.22104116 -0.08269821 0.01820245 0.32077146 0.002041323 0.08833902 -0.015703281 -0.03437455
-0.13634457 -0.21972057 0.21612824 -0.082172886 0.018626656 0.3169769 0.002511939 0.08613795 -0.020312358 -0.03587267
-0.13575858 -0.21963319 0.21374285 -0.08116557 0.019803716 0.31573197 0.0020763464 0.08458147 -0.0217196 -0.035926897
-0.1320809 -0.2175619 0.2065202 -0.07967553 0.021128155 0.31227514 0.0010279678 0.08225755 -0.02583268 -0.035182834
-0.12663612 -0.21456647 0.20335269 -0.07992937 0.020445153 0.3115965 0.00029317476 0.08175068 -0.02722727 -0.036395058
-0.12638906 -0.21377772 0.20085506 -0.07847429 0.021521926 0.30995703 -0.00082504563 0.07978984 -0.028831888 -0.036354996
-0.12645867 -0.21427229 0.19712415 -0.077268206 0.023858923 0.30781776 -6.724149e-07 0.07726071 -0.032788143 -0.034838967
