-0.053689327575997536 -0.7332428166093363 0.03681553890925539 0.43565054375952217 -0.05675728915176892 1.2440584189752553 0.05522330836388312 0.0
-0.053689327575997536 -0.7332428166093363 0.03681553890925539 0.4371845245474075 -0.05829126993965428 1.2578642460662257 0.04755340442445499 0.0
-0.053689327575997536 -0.7332428166093363 0.03681553890925539 0.4371845245474075 -0.05829126993965428 1.2578642460662257 0.04755340442445499 0.0
-0.053689327575997536 -0.7332428166093363 0.03681553890925539 0.43565054375952217 -0.05829126993965428 1.2593982268541115 0.04601942363656919 0.0
-0.053689327575997536 -0.7332428166093363 0.03834951969714103 0.43565054375952217 -0.05829126993965428 1.2593982268541115 0.044485442848683394 0.0
-0.053689327575997536 -0.7332428166093363 0.03834951969714103 0.43565054375952217 -0.05829126993965428 1.2593982268541115 0.044485442848683394 0.0
-0.053689327575997536 -0.731708835821451 0.03681553890925539 0.43565054375952217 -0.05829126993965428 1.2593982268541115 0.04295146206079803 0.0
-0.053689327575997536 -0.7301748550335652 0.03681553890925539 0.43565054375952217 -0.05829126993965428 1.2593982268541115 0.04141748127291223 0.0
-0.053689327575997536 -0.7301748550335652 0.03681553890925539 0.43565054375952217 -0.05829126993965428 1.2593982268541115 0.04141748127291223 0.0
-0.053689327575997536 -0.7301748550335652 0.03681553890925539 0.43565054375952217 -0.05829126993965428 1.2593982268541115 0.038349519697141066 0.0
-0.053689327575997536 -0.7301748550335652 0.03681553890925539 0.43411656297163637 -0.05829126993965428 1.2593982268541115 0.03681553890925526 0.0
-0.053689327575997536 -0.7286408742456794 0.03681553890925539 0.43411656297163637 -0.05829126993965428 1.2609322076419973 0.03681553890925526 0.0
-0.053689327575997536 -0.7286408742456794 0.03681553890925539 0.43411656297163637 -0.05829126993965428 1.2609322076419973 0.03681553890925526 0.0
-0.053689327575997536 -0.727106893457794 0.03681553890925539 0.43411656297163637 -0.05829126993965428 1.2593982268541115 0.03681553890925526 0.0
-0.053689327575997536 -0.7255729126699082 0.03681553890925539 0.43411656297163637 -0.05829126993965428 1.2593982268541115 0.038349519697141066 0.0
-0.053689327575997536 -0.7255729126699082 0.03681553890925539 0.43411656297163637 -0.05829126993965428 1.2593982268541115 0.038349519697141066 0.0
-0.053689327575997536 -0.7240389318820228 0.03681553890925539 0.43411656297163637 -0.05829126993965428 1.2593982268541115 0.04141748127291223 0.0
-0.053689327575997536 -0.7209709703062512 0.03681553890925539 0.432582582183751 -0.05829126993965428 1.2593982268541115 0.04448544284868339 0.0
-0.053689327575997536 -0.7209709703062512 0.03681553890925539 0.432582582183751 -0.05829126993965428 1.2593982268541115 0.04448544284868339 0.0
-0.053689327575997536 -0.7163690279425943 0.03681553890925539 0.42337869745643686 -0.05675728915176892 1.247126380551026 0.04448544284868339 0.0
-0.053689327575997536 -0.7163690279425943 0.03681553890925539 0.4172427743048943 -0.05675728915176892 1.2317865726721697 0.04448544284868339 0.0
-0.052155346788111734 -0.7040971816395092 0.03681553890925539 0.4172427743048943 -0.052155346788111956 1.2087768608538854 0.04448544284868339 0.0
-0.052155346788111734 -0.7040971816395092 0.03681553890925539 0.4172427743048943 -0.052155346788111956 1.2087768608538854 0.04448544284868339 0.0
-0.052155346788111734 -0.6918253353364241 0.03681553890925539 0.4187767550927801 -0.052155346788111956 1.1826991874598294 0.04448544284868339 0.0
-0.052155346788111734 -0.6810874698212248 0.03681553890925539 0.42491267824432266 -0.05062136600022615 1.16122345642943 0.04448544284868339 0.0
-0.052155346788111734 -0.6810874698212248 0.03681553890925539 0.42491267824432266 -0.05062136600022615 1.16122345642943 0.04448544284868339 0.0
-0.052155346788111734 -0.674951546669682 0.03681553890925539 0.4295146206079794 -0.04908738521234035 1.1474176293384595 0.04448544284868339 0.0
-0.052155346788111734 -0.6703496043060251 0.035281558121369745 0.4310486013958652 -0.04908738521234035 1.1290098598838316 0.04448544284868339 0.0
-0.052155346788111734 -0.6703496043060251 0.035281558121369745 0.4310486013958652 -0.04908738521234035 1.1290098598838316 0.04448544284868339 0.0
-0.052155346788111734 -0.6688156235181397 0.035281558121369745 0.4295146206079794 -0.04908738521234035 1.1106020904292038 0.04448544284868339 0.0
-0.052155346788111734 -0.6596117387908258 0.035281558121369745 0.4295146206079794 -0.04908738521234035 1.0952622825503475 0.03988350048502687 0.0
-0.052155346788111734 -0.6596117387908258 0.035281558121369745 0.4295146206079794 -0.04908738521234035 1.0952622825503475 0.03988350048502687 0.0
-0.052155346788111734 -0.6473398924877407 0.035281558121369745 0.4310486013958652 -0.04755340442445499 1.0829904362472629 0.038349519697141066 0.0
-0.052155346788111734 -0.636602026972541 0.035281558121369745 0.432582582183751 -0.04755340442445499 1.0691846091562915 0.0322135965455983 0.0
-0.052155346788111734 -0.6243301806694559 0.035281558121369745 0.4371845245474075 -0.04755340442445499 1.0538448012774353 0.03067961575771294 0.0
-0.052155346788111734 -0.6243301806694559 0.035281558121369745 0.4371845245474075 -0.04755340442445499 1.0538448012774353 0.03067961575771294 0.0
-0.052155346788111734 -0.6166602767300278 0.035281558121369745 0.4417864669110645 -0.04755340442445499 1.0431069357622356 0.024543692606170175 0.0
-0.05062136600022615 -0.6089903727905996 0.035281558121369745 0.4417864669110645 -0.04755340442445499 1.038504993398579 0.01380582709097089 0.0
-0.05062136600022615 -0.6089903727905996 0.035281558121369745 0.4417864669110645 -0.04755340442445499 1.038504993398579 0.01380582709097089 0.0
-0.04908738521234057 -0.5997864880632857 0.035281558121369745 0.4433204476989503 -0.04755340442445499 1.038504993398579 -0.007669903939428124 0.0
-0.04908738521234057 -0.5905826033359718 0.0337475773334841 0.4448544284868361 -0.04755340442445499 1.0400389741864648 -0.03067961575771294 0.0
-0.04908738521234057 -0.5905826033359718 0.0337475773334841 0.4448544284868361 -0.04755340442445499 1.0400389741864648 -0.03067961575771294 0.0
-0.04755340442445477 -0.5844466801844295 0.0337475773334841 0.44792239006260726 -0.04601942363656919 1.0415729549743507 -0.06902913545485401 0.0
-0.04755340442445477 -0.5813787186086579 0.0337475773334841 0.44792239006260726 -0.04601942363656919 1.0431069357622356 -0.09510680884890954 0.0
-0.04755340442445477 -0.5813787186086579 0.0337475773334841 0.44792239006260726 -0.04601942363656919 1.0431069357622356 -0.10891263593988043 0.0
-0.04755340442445477 -0.5813787186086579 0.0337475773334841 0.44792239006260726 -0.04601942363656919 1.0431069357622356 -0.10891263593988043 0.0
-0.04755340442445477 -0.5798447378207725 0.0337475773334841 0.44792239006260726 -0.04601942363656919 1.0431069357622356 -0.11811652066719436 0.0
-0.04755340442445477 -0.5767767762450009 0.0337475773334841 0.44638840927472145 -0.04601942363656919 1.0446409165501214 -0.12425244381873712 0.0
-0.04755340442445477 -0.5752427954571155 0.0337475773334841 0.44638840927472145 -0.04601942363656919 1.0446409165501214 -0.13038836697027945 0.0
-0.04755340442445477 -0.5752427954571155 0.0337475773334841 0.44638840927472145 -0.04601942363656919 1.0446409165501214 -0.13038836697027945 0.0
-0.04755340442445477 -0.5675728915176874 0.0337475773334841 0.4448544284868361 -0.04601942363656919 1.0431069357622356 -0.13192234775816525 0.0
-0.04755340442445477 -0.5568350260024877 0.0337475773334841 0.4448544284868361 -0.04601942363656919 1.0400389741864648 -0.13038836697027945 0.0
-0.04755340442445477 -0.5568350260024877 0.0337475773334841 0.4448544284868361 -0.04601942363656919 1.0400389741864648 -0.13038836697027945 0.0
-0.04755340442445477 -0.5445631796994026 0.0337475773334841 0.4448544284868361 -0.04601942363656919 1.038504993398579 -0.12425244381873712 0.0
-0.04908738521234057 -0.5338253141842033 0.0337475773334841 0.44638840927472145 -0.044485442848683394 1.0339030510349225 -0.1150485590914232 0.0
-0.04908738521234057 -0.5338253141842033 0.0337475773334841 0.44638840927472145 -0.044485442848683394 1.0339030510349225 -0.1150485590914232 0.0
-0.04908738521234057 -0.5261554102447747 0.0337475773334841 0.44638840927472145 -0.044485442848683394 1.0231651855197228 -0.11044661672776623 0.0
-0.04908738521234057 -0.5184855063053466 0.032213596545598466 0.44638840927472145 -0.044485442848683394 1.0078253776408665 -0.08897088569736722 0.0
-0.04908738521234057 -0.5092816215780327 0.02761165418194154 0.44638840927472145 -0.044485442848683394 0.9970875121256668 -0.08590292412159606 0.0
-0.04908738521234057 -0.5092816215780327 0.02761165418194154 0.44638840927472145 -0.044485442848683394 0.9970875121256668 -0.08590292412159606 0.0
-0.04908738521234057 -0.5031456984264904 0.019941750242513337 0.44638840927472145 -0.044485442848683394 0.9924855697620094 -0.07823302018216749 0.0
-0.05062136600022615 -0.49547579448706225 0.010737865515199488 0.44792239006260726 -0.044485442848683394 0.9894176081862387 -0.07363107781851097 0.0
-0.05062136600022615 -0.49547579448706225 0.010737865515199488 0.44792239006260726 -0.044485442848683394 0.9894176081862387 -0.07363107781851097 0.0
-0.05062136600022615 -0.49240783291129064 0.0015339807878856412 0.44792239006260726 -0.044485442848683394 0.9832816850346964 -0.07056311624273937 0.0
-0.05062136600022615 -0.4878058905476337 -0.0046019423636569235 0.44792239006260726 -0.044485442848683394 0.969475857943725 -0.07056311624273937 0.0
-0.05062136600022615 -0.4878058905476337 -0.0046019423636569235 0.44792239006260726 -0.044485442848683394 0.969475857943725 -0.07056311624273937 0.0
-0.05062136600022615 -0.4786020058203202 -0.006135923151542565 0.44792239006260726 -0.04601942363656919 0.9633399347921827 -0.07056311624273937 0.0
-0.05062136600022615 -0.4663301595172351 -0.006135923151542565 0.44945637085049306 -0.04601942363656919 0.9618059540042969 -0.07209709703062517 0.0
-0.05062136600022615 -0.4555922940020354 -0.007669903939428206 0.4525243324262642 -0.044485442848683394 0.9602719732164111 -0.07363107781851097 0.0
-0.05062136600022615 -0.4555922940020354 -0.007669903939428206 0.4525243324262642 -0.044485442848683394 0.9602719732164111 -0.07363107781851097 0.0
-0.05062136600022615 -0.44025248612317913 -0.006135923151542565 0.45866025557780654 -0.04601942363656919 0.9572040116406404 -0.07363107781851097 0.0
-0.05062136600022615 -0.42798063982009404 -0.006135923151542565 0.4632621979414635 -0.04601942363656919 0.9464661461254407 -0.07363107781851097 0.0
-0.05062136600022615 -0.42798063982009404 -0.006135923151542565 0.4632621979414635 -0.04601942363656919 0.9464661461254407 -0.07363107781851097 0.0
-0.05062136600022615 -0.4172427743048943 -0.007669903939428206 0.4647961787293493 -0.04601942363656919 0.9357282806102409 -0.07516505860639633 0.0
-0.05062136600022615 -0.4049709280018092 -0.006135923151542565 0.4663301595172351 -0.04755340442445499 0.9295923574586986 -0.07669903939428213 0.0
-0.05062136600022615 -0.4049709280018092 -0.006135923151542565 0.4663301595172351 -0.04755340442445499 0.9295923574586986 -0.07669903939428213 0.0
-0.05062136600022615 -0.3973010240623811 -0.006135923151542565 0.4663301595172351 -0.04601942363656919 0.9234564343071563 -0.07669903939428213 0.0
-0.05062136600022615 -0.389631120122953 -0.006135923151542565 0.4663301595172351 -0.04755340442445499 0.9203884727313847 -0.07823302018216749 0.0
-0.05062136600022615 -0.385029177759296 -0.007669903939428206 0.4663301595172351 -0.04755340442445499 0.9127185687919566 -0.07976700097005329 0.0
-0.05062136600022615 -0.385029177759296 -0.007669903939428206 0.4663301595172351 -0.04755340442445499 0.9127185687919566 -0.07976700097005329 0.0
-0.05062136600022615 -0.3773592738198679 -0.006135923151542565 0.4663301595172351 -0.04755340442445499 0.9081166264282992 -0.08283496254582445 0.0
-0.05062136600022615 -0.36815538909255396 -0.006135923151542565 0.4663301595172351 -0.04755340442445499 0.9065826456404142 -0.08436894333371026 0.0
-0.05062136600022615 -0.36815538909255396 -0.006135923151542565 0.4663301595172351 -0.04755340442445499 0.9065826456404142 -0.08436894333371026 0.0
-0.05062136600022615 -0.35741752357735423 -0.007669903939428206 0.4663301595172351 -0.04755340442445499 0.9035146840646426 -0.08743690490948142 0.0
-0.05062136600022615 -0.34821363885004075 -0.007669903939428206 0.4663301595172351 -0.04908738521234035 0.8927768185494429 -0.08743690490948142 0.0
-0.05062136600022615 -0.34821363885004075 -0.007669903939428206 0.4663301595172351 -0.04908738521234035 0.8927768185494429 -0.08743690490948142 0.0
-0.05062136600022615 -0.337475773334841 -0.006135923151542565 0.4663301595172351 -0.04908738521234035 0.8820389530342441 -0.08897088569736722 0.0
-0.05062136600022615 -0.32673790781964174 -0.006135923151542565 0.4663301595172351 -0.04908738521234035 0.8759030298827009 -0.08897088569736722 0.0
-0.05062136600022615 -0.316000042304442 -0.006135923151542565 0.4663301595172351 -0.04908738521234035 0.8728350683069301 -0.08897088569736722 0.0
-0.05062136600022615 -0.316000042304442 -0.006135923151542565 0.4663301595172351 -0.04908738521234035 0.8728350683069301 -0.08897088569736722 0.0
-0.05062136600022615 -0.3067961575771281 -0.006135923151542565 0.4663301595172351 -0.04908738521234035 0.8666991451553869 -0.09050486648525302 0.0
-0.05062136600022615 -0.294524311274043 -0.007669903939428206 0.4663301595172351 -0.04908738521234035 0.8559612796401876 -0.09357282806102418 0.0
-0.05062136600022615 -0.294524311274043 -0.007669903939428206 0.4663301595172351 -0.04908738521234035 0.8559612796401876 -0.09357282806102418 0.0
-0.052155346788111734 -0.2837864457588437 -0.007669903939428206 0.4663301595172351 -0.04908738521234035 0.8498253564886453 -0.09357282806102418 0.0
-0.052155346788111734 -0.273048580243644 -0.007669903939428206 0.4663301595172351 -0.04908738521234035 0.8452234141249884 -0.09357282806102418 0.0
-0.052155346788111734 -0.273048580243644 -0.007669903939428206 0.4663301595172351 -0.04908738521234035 0.8452234141249884 -0.09357282806102418 0.0
-0.052155346788111734 -0.2638446955163305 -0.006135923151542565 0.4663301595172351 -0.04908738521234035 0.8452234141249884 -0.09510680884890954 0.0
-0.052155346788111734 -0.25770877236478773 -0.007669903939428206 0.4663301595172351 -0.04755340442445499 0.8452234141249884 -0.09510680884890954 0.0
-0.052155346788111734 -0.25770877236478773 -0.007669903939428206 0.4663301595172351 -0.04755340442445499 0.8452234141249884 -0.09510680884890954 0.0
-0.053689327575997536 -0.25310683000113077 -0.007669903939428206 0.4663301595172351 -0.04755340442445499 0.8421554525492172 -0.09817477042468115 0.0
-0.05522330836388312 -0.24697090684958845 -0.007669903939428206 0.46786414030512047 -0.04601942363656919 0.8329515678219033 -0.0997087512125665 0.0
-0.05522330836388312 -0.23930100291015988 -0.007669903939428206 0.46786414030512047 -0.04755340442445499 0.8252816638824751 -0.0997087512125665 0.0
-0.05522330836388312 -0.23930100291015988 -0.007669903939428206 0.46786414030512047 -0.04755340442445499 0.8252816638824751 -0.0997087512125665 0.0
-0.05829126993965428 -0.23163109897073175 -0.007669903939428206 0.46786414030512047 -0.04601942363656919 0.8252816638824751 -0.1012427320004523 0.0
-0.05829126993965428 -0.22242721424341783 -0.006135923151542565 0.46786414030512047 -0.04601942363656919 0.8237476830945893 -0.10277671278833811 0.0
-0.05829126993965428 -0.22242721424341783 -0.006135923151542565 0.46786414030512047 -0.04601942363656919 0.8237476830945893 -0.10277671278833811 0.0
-0.05829126993965428 -0.21168934872821854 -0.006135923151542565 0.47400006345666323 -0.04601942363656919 0.8237476830945893 -0.10277671278833811 0.0
-0.05982525072754008 -0.1948155600614765 -0.007669903939428206 0.48166996739609136 -0.04755340442445499 0.8237476830945893 -0.10277671278833811 0.0
-0.05982525072754008 -0.1948155600614765 -0.007669903939428206 0.48166996739609136 -0.04755340442445499 0.8237476830945893 -0.10277671278833811 0.0
-0.05982525072754008 -0.17640779060684864 -0.007669903939428206 0.4893398713355195 -0.04755340442445499 0.8237476830945893 -0.10431069357622347 0.0
-0.06135923151542566 -0.15800002115222123 -0.007669903939428206 0.49547579448706225 -0.04755340442445499 0.8237476830945893 -0.10584467436410927 0.0
-0.06289321230331124 -0.13959225169759337 -0.007669903939428206 0.5031456984264904 -0.04908738521234035 0.8222137023067035 -0.10584467436410927 0.0
-0.06289321230331124 -0.13959225169759337 -0.007669903939428206 0.5031456984264904 -0.04908738521234035 0.8222137023067035 -0.10584467436410927 0.0
-0.06289321230331124 -0.12578642460662248 -0.007669903939428206 0.5123495831538043 -0.052155346788111956 0.8237476830945893 -0.10584467436410927 0.0
-0.06442719309119682 -0.1150485590914232 -0.009203884727313847 0.5184855063053466 -0.053689327575997314 0.8237476830945893 -0.10584467436410927 0.0
-0.06442719309119682 -0.1150485590914232 -0.009203884727313847 0.5184855063053466 -0.053689327575997314 0.8237476830945893 -0.10584467436410927 0.0
-0.06289321230331124 -0.10431069357622347 -0.01380582709097077 0.5215534678811178 -0.053689327575997314 0.8222137023067035 -0.10584467436410927 0.0
-0.06289321230331124 -0.09357282806102418 -0.01687378866674205 0.5215534678811178 -0.05522330836388312 0.8222137023067035 -0.10584467436410927 0.0
-0.06289321230331124 -0.09357282806102418 -0.01687378866674205 0.5215534678811178 -0.05522330836388312 0.8222137023067035 -0.10584467436410927 0.0
-0.06289321230331124 -0.08283496254582445 -0.01687378866674205 0.5215534678811178 -0.05522330836388312 0.8222137023067035 -0.10584467436410927 0.0
-0.06289321230331124 -0.07516505860639633 -0.01687378866674205 0.5230874486690036 -0.05675728915176892 0.8222137023067035 -0.10737865515199507 0.0
-0.06289321230331124 -0.07516505860639633 -0.01687378866674205 0.5230874486690036 -0.05675728915176892 0.8222137023067035 -0.10737865515199507 0.0
-0.06289321230331124 -0.0659611738790824 -0.018407769454627694 0.5261554102447747 -0.05675728915176892 0.8222137023067035 -0.10737865515199507 0.0
-0.06289321230331124 -0.04908738521234035 -0.01687378866674205 0.5445631796994026 -0.05522330836388312 0.8222137023067035 -0.10737865515199507 0.0
-0.06289321230331124 -0.0322135965455983 -0.018407769454627694 0.5645049299419158 -0.05829126993965428 0.8222137023067035 -0.10737865515199507 0.0
-0.06289321230331124 -0.0322135965455983 -0.018407769454627694 0.5645049299419158 -0.05829126993965428 0.8222137023067035 -0.10737865515199507 0.0
-0.06135923151542566 -0.018407769454627854 -0.018407769454627694 0.5767767762450009 -0.05982525072754008 0.8237476830945893 -0.10737865515199507 0.0
-0.05982525072754008 -0.007669903939428124 -0.018407769454627694 0.5798447378207725 -0.05982525072754008 0.8237476830945893 -0.10737865515199507 0.0
-0.05982525072754008 -0.007669903939428124 -0.018407769454627694 0.5798447378207725 -0.05982525072754008 0.8237476830945893 -0.10737865515199507 0.0
-0.05522330836388312 0.003067961575771161 -0.018407769454627694 0.5829126993965437 -0.05982525072754008 0.8237476830945893 -0.10737865515199507 0.0
-0.052155346788111734 0.012271846303085088 -0.01687378866674205 0.5859806609723148 -0.05829126993965428 0.8237476830945893 -0.10737865515199507 0.0
-0.052155346788111734 0.012271846303085088 -0.01687378866674205 0.5859806609723148 -0.05829126993965428 0.8237476830945893 -0.10737865515199507 0.0
-0.05062136600022615 0.03067961575771294 -0.01687378866674205 0.5997864880632857 -0.05982525072754008 0.8252816638824751 -0.10584467436410927 0.0
-0.04908738521234057 0.04601942363656919 -0.01687378866674205 0.6120583343663708 -0.05982525072754008 0.8283496254582463 -0.10584467436410927 0.0
-0.04908738521234057 0.06289321230331124 -0.01687378866674205 0.6243301806694559 -0.05982525072754008 0.8314175870340175 -0.10277671278833811 0.0
-0.04908738521234057 0.06289321230331124 -0.01687378866674205 0.6243301806694559 -0.05982525072754008 0.8314175870340175 -0.10277671278833811 0.0
-0.04755340442445477 0.07516505860639633 -0.015339807878856412 0.6335340653967698 -0.05982525072754008 0.8314175870340175 -0.0997087512125665 0.0
-0.04755340442445477 0.08436894333371026 -0.01380582709097077 0.6396699885483126 -0.05982525072754008 0.8329515678219033 -0.09817477042468115 0.0
-0.04755340442445477 0.08436894333371026 -0.01380582709097077 0.6396699885483126 -0.05982525072754008 0.8329515678219033 -0.09817477042468115 0.0
-0.04601942363656919 0.09357282806102418 -0.01227184630308513 0.6427379501240837 -0.05982525072754008 0.8344855486097886 -0.09510680884890954 0.0
-0.04448544284868361 0.0997087512125665 -0.010737865515199488 0.6458059116998549 -0.05982525072754008 0.8360195293976744 -0.09357282806102418 0.0
-0.04448544284868361 0.0997087512125665 -0.010737865515199488 0.6458059116998549 -0.05982525072754008 0.8360195293976744 -0.09357282806102418 0.0
-0.04448544284868361 0.10431069357622347 -0.010737865515199488 0.6488738732756261 -0.05982525072754008 0.8344855486097886 -0.09357282806102418 0.0
-0.04448544284868361 0.11044661672776623 -0.010737865515199488 0.6504078540635119 -0.05982525072754008 0.8360195293976744 -0.09357282806102418 0.0
-0.04448544284868361 0.11044661672776623 -0.010737865515199488 0.6504078540635119 -0.05982525072754008 0.8360195293976744 -0.09357282806102418 0.0
-0.04448544284868361 0.1135145783035374 -0.010737865515199488 0.65807775800294 -0.05982525072754008 0.8375535101855602 -0.09203884727313838 0.0
-0.04448544284868361 0.11811652066719436 -0.010737865515199488 0.662679700366597 -0.05982525072754008 0.8390874909734456 -0.09203884727313838 0.0
-0.04448544284868361 0.12578642460662248 -0.010737865515199488 0.6688156235181397 -0.05982525072754008 0.8406214717613314 -0.09203884727313838 0.0
-0.04448544284868361 0.12578642460662248 -0.010737865515199488 0.6688156235181397 -0.05982525072754008 0.8406214717613314 -0.09203884727313838 0.0
-0.04448544284868361 0.1334563285460506 -0.010737865515199488 0.674951546669682 -0.05982525072754008 0.8406214717613314 -0.09050486648525302 0.0
-0.04448544284868361 0.14112623248547917 -0.010737865515199488 0.6826214506091102 -0.05982525072754008 0.8406214717613314 -0.09050486648525302 0.0
-0.04448544284868361 0.14112623248547917 -0.010737865515199488 0.6826214506091102 -0.05982525072754008 0.8406214717613314 -0.09050486648525302 0.0
-0.04448544284868361 0.14419419406125034 -0.010737865515199488 0.6887573737606529 -0.05982525072754008 0.8421554525492172 -0.09050486648525302 0.0
-0.04448544284868361 0.15033011721279266 -0.010737865515199488 0.6933593161243099 -0.05829126993965428 0.8406214717613314 -0.09050486648525302 0.0
-0.04448544284868361 0.15033011721279266 -0.010737865515199488 0.6933593161243099 -0.05829126993965428 0.8406214717613314 -0.09050486648525302 0.0
-0.04448544284868361 0.15800002115222123 -0.010737865515199488 0.701029220063738 -0.05829126993965428 0.8406214717613314 -0.09050486648525302 0.0
-0.04448544284868361 0.1702718674553063 -0.010737865515199488 0.7163690279425943 -0.05829126993965428 0.8421554525492172 -0.08897088569736722 0.0
-0.04448544284868361 0.1810097329705056 -0.010737865515199488 0.727106893457794 -0.05829126993965428 0.8421554525492172 -0.08897088569736722 0.0
-0.04448544284868361 0.1810097329705056 -0.010737865515199488 0.727106893457794 -0.05829126993965428 0.8421554525492172 -0.08897088569736722 0.0
-0.04448544284868361 0.19021361769781953 -0.010737865515199488 0.7378447589729933 -0.05829126993965428 0.8421554525492172 -0.08897088569736722 0.0
-0.04448544284868361 0.19941750242513345 -0.010737865515199488 0.7501166052760784 -0.05829126993965428 0.8421554525492172 -0.08897088569736722 0.0
-0.04448544284868361 0.19941750242513345 -0.010737865515199488 0.7501166052760784 -0.05829126993965428 0.8421554525492172 -0.08897088569736722 0.0
-0.04448544284868361 0.20862138715244738 -0.010737865515199488 0.7608544707912781 -0.05829126993965428 0.8421554525492172 -0.08897088569736722 0.028878348214286097
-0.04295146206079803 0.2162912910918755 -0.010737865515199488 0.7715923363064774 -0.05829126993965428 0.8421554525492172 -0.08897088569736722 0.06863839285714259
-0.04295146206079803 0.2162912910918755 -0.010737865515199488 0.7715923363064774 -0.05829126993965428 0.8421554525492172 -0.08897088569736722 0.06863839285714259
-0.04295146206079803 0.22396119503130363 -0.010737865515199488 0.7823302018216771 -0.05675728915176892 0.8421554525492172 -0.08897088569736722 0.10002790178571491
-0.04295146206079803 0.23163109897073175 -0.010737865515199488 0.791534086548991 -0.05675728915176892 0.8421554525492172 -0.08897088569736722 0.11676897321428568
-0.04141748127291223 0.24236896448593148 -0.010737865515199488 0.8022719520641903 -0.05522330836388312 0.8421554525492172 -0.08897088569736722 0.11886160714285733
-0.04141748127291223 0.24236896448593148 -0.010737865515199488 0.8022719520641903 -0.05522330836388312 0.8421554525492172 -0.08897088569736722 0.11886160714285733
-0.036815538909255485 0.25464081078901657 -0.010737865515199488 0.8160777791551612 -0.053689327575997314 0.8421554525492172 -0.08897088569736722 0.12304687500000064
-0.03067961575771272 0.2699806186678728 -0.01227184630308513 0.8344855486097886 -0.053689327575997314 0.8421554525492172 -0.08897088569736722 0.12513950892857106
-0.03067961575771272 0.2699806186678728 -0.01227184630308513 0.8344855486097886 -0.053689327575997314 0.8421554525492172 -0.08897088569736722 0.12513950892857106
-0.024543692606170175 0.28532042654672907 -0.01380582709097077 0.8559612796401876 -0.053689327575997314 0.8421554525492172 -0.08743690490948142 0.1272321428571427
-0.021475731030399015 0.3021942152134711 -0.015339807878856412 0.8789709914584725 -0.053689327575997314 0.8452234141249884 -0.08743690490948142 0.1439732142857147
-0.021475731030399015 0.3021942152134711 -0.015339807878856412 0.8789709914584725 -0.053689327575997314 0.8452234141249884 -0.08743690490948142 0.1439732142857147
-0.021475731030399015 0.31446606151655665 -0.015339807878856412 0.9004467224888715 -0.053689327575997314 0.8467573949128737 -0.08590292412159606 0.1879185267857145
-0.019941750242513434 0.32366994624387013 -0.015339807878856412 0.9127185687919566 -0.052155346788111956 0.8452234141249884 -0.08590292412159606 0.2569754464285717
-0.019941750242513434 0.32366994624387013 -0.015339807878856412 0.9127185687919566 -0.052155346788111956 0.8452234141249884 -0.08590292412159606 0.2569754464285717
-0.021475731030399015 0.32366994624387013 -0.015339807878856412 0.9173205111556135 -0.04908738521234035 0.8436894333371026 -0.08590292412159606 0.33231026785714257
-0.021475731030399015 0.32366994624387013 -0.015339807878856412 0.9173205111556135 -0.04755340442445499 0.8421554525492172 -0.08590292412159606 0.4013671874999997
-0.021475731030399015 0.32366994624387013 -0.015339807878856412 0.9173205111556135 -0.04755340442445499 0.8421554525492172 -0.08590292412159606 0.4013671874999997
-0.021475731030399015 0.32366994624387013 -0.015339807878856412 0.9173205111556135 -0.04755340442445499 0.8421554525492172 -0.08743690490948142 0.4432198660714291
-0.021475731030399015 0.32366994624387013 -0.015339807878856412 0.9173205111556135 -0.04755340442445499 0.8421554525492172 -0.09050486648525302 0.47251674107142855
-0.021475731030399015 0.3221359654559848 -0.01687378866674205 0.9188544919434989 -0.04755340442445499 0.8421554525492172 -0.09050486648525302 0.4934430803571426
-0.021475731030399015 0.3221359654559848 -0.01687378866674205 0.9188544919434989 -0.04755340442445499 0.8421554525492172 -0.09050486648525302 0.4934430803571426
-0.021475731030399015 0.32060198466809897 -0.018407769454627694 0.9188544919434989 -0.04601942363656919 0.8436894333371026 -0.09050486648525302 0.5185546875
-0.021475731030399015 0.316000042304442 -0.018407769454627694 0.9188544919434989 -0.04601942363656919 0.8421554525492172 -0.09050486648525302 0.5583147321428577
-0.021475731030399015 0.316000042304442 -0.018407769454627694 0.9188544919434989 -0.04601942363656919 0.8421554525492172 -0.09050486648525302 0.5583147321428577
-0.023009711818284595 0.3083301383650139 -0.019941750242513337 0.9188544919434989 -0.04601942363656919 0.8436894333371026 -0.08897088569736722 0.5980747767857142
-0.023009711818284595 0.2975922728498146 -0.021475731030398976 0.9188544919434989 -0.04601942363656919 0.8436894333371026 -0.08743690490948142 0.6273716517857149
-0.023009711818284595 0.28532042654672907 -0.02914563496982718 0.9188544919434989 -0.044485442848683394 0.8452234141249884 -0.08590292412159606 0.642020089285714
-0.023009711818284595 0.28532042654672907 -0.02914563496982718 0.9188544919434989 -0.044485442848683394 0.8452234141249884 -0.08590292412159606 0.642020089285714
-0.023009711818284595 0.26691265709210166 -0.035281558121369745 0.9157865303677277 -0.044485442848683394 0.8467573949128737 -0.08590292412159606 0.6503906250000006
-0.023009711818284595 0.2485048876374738 -0.039883500485026674 0.9127185687919566 -0.04601942363656919 0.8467573949128737 -0.08590292412159606 0.6587611607142859
-0.023009711818284595 0.2485048876374738 -0.039883500485026674 0.9127185687919566 -0.04601942363656919 0.8467573949128737 -0.08590292412159606 0.6587611607142859
-0.023009711818284595 0.23163109897073175 -0.04141748127291231 0.9081166264282996 -0.04601942363656919 0.8467573949128737 -0.08590292412159606 0.6650390624999996
-0.023009711818284595 0.2162912910918755 -0.04141748127291231 0.9035146840646426 -0.04601942363656919 0.8467573949128737 -0.08590292412159606 0.669224330357143
-0.023009711818284595 0.2162912910918755 -0.04141748127291231 0.9035146840646426 -0.04601942363656919 0.8467573949128737 -0.08590292412159606 0.669224330357143
-0.024543692606170175 0.19941750242513345 -0.04141748127291231 0.9019807032767568 -0.04601942363656919 0.8482913757007595 -0.08590292412159606 0.6713169642857146
-0.024543692606170175 0.18254371375839143 -0.04141748127291231 0.8973787609130999 -0.04601942363656919 0.8482913757007595 -0.08590292412159606 0.6713169642857146
-0.024543692606170175 0.18254371375839143 -0.04141748127291231 0.8973787609130999 -0.04601942363656919 0.8482913757007595 -0.08590292412159606 0.6713169642857146
-0.02761165418194156 0.16566992509164935 -0.04141748127291231 0.8958447801252145 -0.04601942363656919 0.8513593372765307 -0.08436894333371026 0.6734095982142863
-0.02914563496982714 0.15033011721279266 -0.04141748127291231 0.8958447801252145 -0.04601942363656919 0.8620972027917304 -0.08283496254582445 0.6734095982142863
-0.03067961575771272 0.1365242901218222 -0.04141748127291231 0.8989127417009857 -0.04601942363656919 0.8805049722463583 -0.08436894333371026 0.6775948660714284
-0.03067961575771272 0.1365242901218222 -0.04141748127291231 0.8989127417009857 -0.04601942363656919 0.8805049722463583 -0.08436894333371026 0.6775948660714284
-0.03221359654559852 0.12118448224296552 -0.04141748127291231 0.9019807032767568 -0.044485442848683394 0.8989127417009861 -0.08283496254582445 0.6964285714285721
-0.03221359654559852 0.10277671278833811 -0.04141748127291231 0.9019807032767568 -0.044485442848683394 0.9111845880040708 -0.0813009817579391 0.7236328124999998
-0.03221359654559852 0.10277671278833811 -0.04141748127291231 0.9019807032767568 -0.044485442848683394 0.9111845880040708 -0.0813009817579391 0.7236328124999998
-0.0337475773334841 0.0813009817579391 -0.04295146206079795 0.8989127417009857 -0.04601942363656919 0.9173205111556131 -0.0813009817579391 0.7550223214285722
-0.0337475773334841 0.06135923151542544 -0.04295146206079795 0.8958447801252145 -0.04601942363656919 0.9203884727313847 -0.0813009817579391 0.7780412946428579
-0.0337475773334841 0.06135923151542544 -0.04295146206079795 0.8958447801252145 -0.04601942363656919 0.9203884727313847 -0.0813009817579391 0.7780412946428579
-0.0337475773334841 0.04295146206079803 -0.04295146206079795 0.8943107993373287 -0.04601942363656919 0.9280583766708128 -0.0813009817579391 0.7947823660714286
-0.0337475773334841 0.023009711818284817 -0.04295146206079795 0.8912428377615575 -0.04601942363656919 0.9449321653375549 -0.0813009817579391 0.8157087053571427
-0.03221359654559852 0.004601942363656963 -0.04295146206079795 0.8912428377615575 -0.04601942363656919 0.9587379924285253 -0.0813009817579391 0.830357142857143
-0.03221359654559852 0.004601942363656963 -0.04295146206079795 0.8912428377615575 -0.04601942363656919 0.9587379924285253 -0.0813009817579391 0.830357142857143
-0.03221359654559852 -0.009203884727313927 -0.04141748127291231 0.8912428377615575 -0.04601942363656919 0.969475857943725 -0.0813009817579391 0.8387276785714284
-0.03221359654559852 -0.026077673394055978 -0.04141748127291231 0.8897088569736717 -0.04601942363656919 0.9802137234589248 -0.0813009817579391 0.8387276785714284
-0.03221359654559852 -0.026077673394055978 -0.04141748127291231 0.8897088569736717 -0.04601942363656919 0.9802137234589248 -0.0813009817579391 0.8387276785714284
-0.03221359654559852 -0.04448544284868339 -0.04141748127291231 0.8881748761857864 -0.04601942363656919 0.9940195505498952 -0.0813009817579391 0.8387276785714284
-0.03067961575771272 -0.06289321230331124 -0.04141748127291231 0.8881748761857864 -0.04601942363656919 1.0093593584287515 -0.07976700097005329 0.8387276785714284
-0.03067961575771272 -0.06289321230331124 -0.04141748127291231 0.8881748761857864 -0.04601942363656919 1.0093593584287515 -0.07976700097005329 0.8387276785714284
-0.02914563496982714 -0.08436894333371026 -0.04141748127291231 0.8881748761857864 -0.04601942363656919 1.030835089459151 -0.07976700097005329 0.8387276785714284
-0.02914563496982714 -0.10584467436410927 -0.039883500485026674 0.8881748761857864 -0.04601942363656919 1.0507768397016646 -0.07976700097005329 0.8387276785714284
-0.02914563496982714 -0.12885438618239364 -0.039883500485026674 0.8881748761857864 -0.04601942363656919 1.0691846091562915 -0.07976700097005329 0.8387276785714284
-0.02914563496982714 -0.12885438618239364 -0.039883500485026674 0.8881748761857864 -0.04601942363656919 1.0691846091562915 -0.07976700097005329 0.8387276785714284
-0.02914563496982714 -0.15186409800067846 -0.03834951969714103 0.8881748761857864 -0.04601942363656919 1.0875923786109194 -0.07976700097005329 0.8387276785714284
-0.02914563496982714 -0.17487380981896328 -0.03834951969714103 0.8881748761857864 -0.04601942363656919 1.1044661672776614 -0.07976700097005329 0.8387276785714284
-0.02914563496982714 -0.17487380981896328 -0.03834951969714103 0.8881748761857864 -0.04601942363656919 1.1044661672776614 -0.07976700097005329 0.8387276785714284
-0.02914563496982714 -0.1963495408493623 -0.03834951969714103 0.8881748761857864 -0.04601942363656919 1.116738013580747 -0.07823302018216749 0.8387276785714284
-0.02914563496982714 -0.2162912910918755 -0.03834951969714103 0.8881748761857864 -0.04601942363656919 1.1274758790959458 -0.07823302018216749 0.8387276785714284
-0.02914563496982714 -0.2162912910918755 -0.03834951969714103 0.8881748761857864 -0.04601942363656919 1.1274758790959458 -0.07823302018216749 0.8387276785714284
-0.02914563496982714 -0.2346990605465029 -0.03681553890925539 0.8881748761857864 -0.04601942363656919 1.1397477253990314 -0.07823302018216749 0.8387276785714284
-0.02914563496982714 -0.2500388684253596 -0.03681553890925539 0.8881748761857864 -0.04601942363656919 1.1489516101263453 -0.07669903939428213 0.8387276785714284
-0.02914563496982714 -0.2500388684253596 -0.03681553890925539 0.8881748761857864 -0.04601942363656919 1.1489516101263453 -0.07669903939428213 0.8387276785714284
-0.02914563496982714 -0.2607767339405589 -0.035281558121369745 0.8866408953979006 -0.04601942363656919 1.1566215140657734 -0.07669903939428213 0.8408203125000001
-0.02761165418194156 -0.2715145994557586 -0.0337475773334841 0.8866408953979006 -0.04601942363656919 1.1673593795809731 -0.07516505860639633 0.8408203125000001
-0.02761165418194156 -0.2822524649709579 -0.0337475773334841 0.8866408953979006 -0.04601942363656919 1.1811652066719436 -0.07363107781851097 0.8408203125000001
-0.02761165418194156 -0.2822524649709579 -0.0337475773334841 0.8866408953979006 -0.04601942363656919 1.1811652066719436 -0.07363107781851097 0.8408203125000001
-0.02761165418194156 -0.29145634969827183 -0.032213596545598466 0.8851069146100148 -0.04601942363656919 1.187301129823486 -0.07209709703062517 0.8491908482142855
-0.02761165418194156 -0.30066023442558576 -0.032213596545598466 0.8851069146100148 -0.044485442848683394 1.1888351106113717 -0.06902913545485401 0.8638392857142858
-0.02761165418194156 -0.30066023442558576 -0.032213596545598466 0.8851069146100148 -0.044485442848683394 1.1888351106113717 -0.06902913545485401 0.8638392857142858
-0.02761165418194156 -0.3052621767892427 -0.032213596545598466 0.8820389530342436 -0.04601942363656919 1.1888351106113717 -0.0674951546669682 0.868024553571429
-0.02761165418194156 -0.3083301383650139 -0.032213596545598466 0.8805049722463578 -0.04601942363656919 1.187301129823486 -0.0659611738790824 0.868024553571429
-0.02761165418194156 -0.3083301383650139 -0.032213596545598466 0.8805049722463578 -0.04601942363656919 1.187301129823486 -0.0659611738790824 0.868024553571429
-0.02761165418194156 -0.3067961575771281 -0.032213596545598466 0.8805049722463578 -0.04601942363656919 1.1888351106113717 -0.0659611738790824 0.868024553571429
-0.02761165418194156 -0.3067961575771281 -0.030679615757712823 0.8805049722463578 -0.04601942363656919 1.1888351106113717 -0.0659611738790824 0.868024553571429
-0.02761165418194156 -0.3067961575771281 -0.030679615757712823 0.8805049722463578 -0.04601942363656919 1.1888351106113717 -0.0659611738790824 0.868024553571429
-0.02761165418194156 -0.3067961575771281 -0.030679615757712823 0.8805049722463578 -0.04601942363656919 1.1888351106113717 -0.0659611738790824 0.868024553571429
-0.02761165418194156 -0.3067961575771281 -0.030679615757712823 0.8789709914584725 -0.04601942363656919 1.1888351106113717 -0.06289321230331124 0.868024553571429
-0.02761165418194156 -0.3067961575771281 -0.030679615757712823 0.8789709914584725 -0.04601942363656919 1.1888351106113717 -0.06289321230331124 0.8701171875000008
-0.02761165418194156 -0.3067961575771281 -0.030679615757712823 0.8789709914584725 -0.04601942363656919 1.1888351106113717 -0.06289321230331124 0.8701171875000008
-0.02761165418194156 -0.3052621767892427 -0.030679615757712823 0.8789709914584725 -0.04601942363656919 1.187301129823486 -0.06135923151542544 0.8722098214285712
-0.02761165418194156 -0.3037281960013569 -0.030679615757712823 0.8789709914584725 -0.04601942363656919 1.1888351106113717 -0.06135923151542544 0.8722098214285712
-0.02761165418194156 -0.3037281960013569 -0.030679615757712823 0.8789709914584725 -0.04601942363656919 1.1888351106113717 -0.06135923151542544 0.8722098214285712
-0.02761165418194156 -0.3037281960013569 -0.030679615757712823 0.8789709914584725 -0.04601942363656919 1.1888351106113717 -0.05982525072754008 0.8722098214285712
-0.02761165418194156 -0.3052621767892427 -0.030679615757712823 0.8789709914584725 -0.04601942363656919 1.1888351106113717 -0.05829126993965428 0.8722098214285712
-0.02761165418194156 -0.3052621767892427 -0.030679615757712823 0.8789709914584725 -0.04601942363656919 1.1888351106113717 -0.05829126993965428 0.8722098214285712
-0.02761165418194156 -0.3052621767892427 -0.030679615757712823 0.8789709914584725 -0.04601942363656919 1.1888351106113717 -0.05829126993965428 0.8701171875000008
-0.02761165418194156 -0.3083301383650139 -0.030679615757712823 0.8789709914584725 -0.04601942363656919 1.187301129823486 -0.05829126993965428 0.8701171875000008
-0.02761165418194156 -0.3098641191528997 -0.030679615757712823 0.8789709914584725 -0.04601942363656919 1.187301129823486 -0.05829126993965428 0.8701171875000008
-0.02761165418194156 -0.3098641191528997 -0.030679615757712823 0.8789709914584725 -0.04601942363656919 1.187301129823486 -0.05829126993965428 0.8701171875000008
-0.02761165418194156 -0.3098641191528997 -0.030679615757712823 0.8805049722463578 -0.04601942363656919 1.187301129823486 -0.05829126993965428 0.8701171875000008
-0.02761165418194156 -0.3098641191528997 -0.030679615757712823 0.8789709914584725 -0.04601942363656919 1.187301129823486 -0.05829126993965428 0.868024553571429
-0.02761165418194156 -0.3098641191528997 -0.030679615757712823 0.8789709914584725 -0.04601942363656919 1.187301129823486 -0.05829126993965428 0.868024553571429
-0.02761165418194156 -0.3098641191528997 -0.030679615757712823 0.8789709914584725 -0.04601942363656919 1.187301129823486 -0.05829126993965428 0.868024553571429
-0.02761165418194156 -0.3098641191528997 -0.030679615757712823 0.8789709914584725 -0.04601942363656919 1.1888351106113717 -0.05829126993965428 0.868024553571429
-0.02761165418194156 -0.3098641191528997 -0.030679615757712823 0.8789709914584725 -0.04601942363656919 1.1888351106113717 -0.05829126993965428 0.868024553571429
-0.02761165418194156 -0.3098641191528997 -0.030679615757712823 0.8789709914584725 -0.04601942363656919 1.187301129823486 -0.05829126993965428 0.8659319196428574
-0.02761165418194156 -0.3098641191528997 -0.030679615757712823 0.8805049722463578 -0.04601942363656919 1.187301129823486 -0.05829126993965428 0.8659319196428574
-0.02761165418194156 -0.31139809994078504 -0.030679615757712823 0.8789709914584725 -0.04601942363656919 1.1888351106113717 -0.05829126993965428 0.8659319196428574
-0.02761165418194156 -0.31139809994078504 -0.030679615757712823 0.8789709914584725 -0.04601942363656919 1.1888351106113717 -0.05829126993965428 0.8659319196428574
-0.02761165418194156 -0.31139809994078504 -0.030679615757712823 0.8789709914584725 -0.04601942363656919 1.1888351106113717 -0.05829126993965428 0.8659319196428574
-0.02761165418194156 -0.31139809994078504 -0.030679615757712823 0.8789709914584725 -0.04601942363656919 1.1888351106113717 -0.05829126993965428 0.8638392857142858
-0.02761165418194156 -0.31139809994078504 -0.030679615757712823 0.8789709914584725 -0.04601942363656919 1.1888351106113717 -0.05829126993965428 0.8638392857142858
-0.02761165418194156 -0.31293208072867085 -0.030679615757712823 0.8789709914584725 -0.04601942363656919 1.1888351106113717 -0.05829126993965428 0.8638392857142858
-0.02761165418194156 -0.31293208072867085 -0.030679615757712823 0.8789709914584725 -0.04601942363656919 1.1888351106113717 -0.05829126993965428 0.8638392857142858
-0.02761165418194156 -0.31293208072867085 -0.030679615757712823 0.8789709914584725 -0.04601942363656919 1.1888351106113717 -0.05829126993965428 0.8638392857142858
-0.02761165418194156 -0.31446606151655665 -0.030679615757712823 0.8789709914584725 -0.04601942363656919 1.1888351106113717 -0.05829126993965428 0.8638392857142858
-0.02761165418194156 -0.316000042304442 -0.030679615757712823 0.8789709914584725 -0.04601942363656919 1.1888351106113717 -0.05829126993965428 0.8638392857142858
-0.02761165418194156 -0.31906800388021317 -0.030679615757712823 0.8789709914584725 -0.04601942363656919 1.1888351106113717 -0.05829126993965428 0.8638392857142858
-0.02761165418194156 -0.31906800388021317 -0.030679615757712823 0.8789709914584725 -0.04601942363656919 1.1888351106113717 -0.05829126993965428 0.8638392857142858
-0.02761165418194156 -0.31906800388021317 -0.030679615757712823 0.8789709914584725 -0.04601942363656919 1.1888351106113717 -0.05829126993965428 0.8638392857142858
-0.02761165418194156 -0.32060198466809897 -0.030679615757712823 0.8789709914584725 -0.04601942363656919 1.1888351106113717 -0.05829126993965428 0.8638392857142858
-0.02761165418194156 -0.32060198466809897 -0.030679615757712823 0.8789709914584725 -0.04601942363656919 1.1888351106113717 -0.05829126993965428 0.8638392857142858
-0.02761165418194156 -0.32060198466809897 -0.030679615757712823 0.8789709914584725 -0.04601942363656919 1.1888351106113717 -0.05829126993965428 0.8638392857142858
-0.026077673394055978 -0.32060198466809897 -0.030679615757712823 0.8789709914584725 -0.04601942363656919 1.1888351106113717 -0.05675728915176892 0.8638392857142858
-0.026077673394055978 -0.32060198466809897 -0.030679615757712823 0.8789709914584725 -0.04601942363656919 1.1888351106113717 -0.05675728915176892 0.8638392857142858
-0.02761165418194156 -0.3221359654559848 -0.030679615757712823 0.8789709914584725 -0.04601942363656919 1.1888351106113717 -0.05675728915176892 0.8638392857142858
-0.02761165418194156 -0.32366994624387013 -0.030679615757712823 0.8789709914584725 -0.04601942363656919 1.1888351106113717 -0.05675728915176892 0.8638392857142858
-0.02761165418194156 -0.32366994624387013 -0.030679615757712823 0.8789709914584725 -0.04601942363656919 1.1888351106113717 -0.05675728915176892 0.8638392857142858
-0.02761165418194156 -0.32673790781964174 -0.030679615757712823 0.8789709914584725 -0.04601942363656919 1.1888351106113717 -0.05675728915176892 0.8638392857142858
-0.02761165418194156 -0.3298058693954129 -0.030679615757712823 0.8789709914584725 -0.04601942363656919 1.1888351106113717 -0.05675728915176892 0.8638392857142858
-0.02761165418194156 -0.3313398501832987 -0.030679615757712823 0.8789709914584725 -0.04601942363656919 1.1888351106113717 -0.05675728915176892 0.8638392857142858
-0.02761165418194156 -0.3313398501832987 -0.030679615757712823 0.8789709914584725 -0.04601942363656919 1.1888351106113717 -0.05675728915176892 0.8638392857142858
-0.02761165418194156 -0.33440781175906986 -0.030679615757712823 0.8774370106705867 -0.04601942363656919 1.1903690913992575 -0.05675728915176892 0.8617466517857142
-0.02761165418194156 -0.337475773334841 -0.030679615757712823 0.8759030298827013 -0.04601942363656919 1.1903690913992575 -0.05675728915176892 0.8617466517857142
-0.02761165418194156 -0.337475773334841 -0.030679615757712823 0.8759030298827013 -0.04601942363656919 1.1903690913992575 -0.05675728915176892 0.8617466517857142
-0.02761165418194156 -0.342077715698498 -0.030679615757712823 0.8743690490948155 -0.04601942363656919 1.1888351106113717 -0.05675728915176892 0.8617466517857142
-0.02761165418194156 -0.3436116964863838 -0.030679615757712823 0.8728350683069297 -0.04601942363656919 1.1888351106113717 -0.05675728915176892 0.8617466517857142
-0.02761165418194156 -0.3436116964863838 -0.030679615757712823 0.8728350683069297 -0.04601942363656919 1.1888351106113717 -0.05675728915176892 0.8617466517857142
-0.02761165418194156 -0.34514567727426915 -0.030679615757712823 0.8728350683069297 -0.04601942363656919 1.1888351106113717 -0.05675728915176892 0.8596540178571437
-0.02761165418194156 -0.34667965806215495 -0.030679615757712823 0.8728350683069297 -0.04601942363656919 1.1888351106113717 -0.05675728915176892 0.8575613839285721
-0.02761165418194156 -0.3512816004258119 -0.030679615757712823 0.8728350683069297 -0.04601942363656919 1.1888351106113717 -0.05675728915176892 0.8575613839285721
-0.02761165418194156 -0.3512816004258119 -0.030679615757712823 0.8728350683069297 -0.04601942363656919 1.1888351106113717 -0.05675728915176892 0.8575613839285721
-0.02761165418194156 -0.35281558121369727 -0.030679615757712823 0.8728350683069297 -0.04601942363656919 1.1903690913992575 -0.05675728915176892 0.8575613839285721
-0.02761165418194156 -0.3558835427894689 -0.030679615757712823 0.8713010875190443 -0.04601942363656919 1.1888351106113717 -0.05675728915176892 0.8554687500000004
-0.02761165418194156 -0.3558835427894689 -0.030679615757712823 0.8713010875190443 -0.04601942363656919 1.1888351106113717 -0.05675728915176892 0.8554687500000004
-0.02761165418194156 -0.35741752357735423 -0.030679615757712823 0.8713010875190443 -0.04601942363656919 1.1888351106113717 -0.05675728915176892 0.8533761160714287
-0.02761165418194156 -0.35895150436524004 -0.030679615757712823 0.8713010875190443 -0.04601942363656919 1.1888351106113717 -0.05675728915176892 0.8512834821428571
-0.02761165418194156 -0.35895150436524004 -0.030679615757712823 0.8713010875190443 -0.04601942363656919 1.1888351106113717 -0.05675728915176892 0.8512834821428571
-0.02761165418194156 -0.36048548515312584 -0.030679615757712823 0.8713010875190443 -0.04601942363656919 1.1888351106113717 -0.05675728915176892 0.8512834821428571
-0.026077673394055978 -0.3620194659410112 -0.030679615757712823 0.8713010875190443 -0.04601942363656919 1.1888351106113717 -0.05675728915176892 0.8491908482142855
-0.026077673394055978 -0.3620194659410112 -0.030679615757712823 0.8713010875190443 -0.04601942363656919 1.1888351106113717 -0.05675728915176892 0.8261718749999998
-0.026077673394055978 -0.3620194659410112 -0.030679615757712823 0.8713010875190443 -0.04601942363656919 1.1888351106113717 -0.05675728915176892 0.8261718749999998
-0.026077673394055978 -0.3620194659410112 -0.030679615757712823 0.8713010875190443 -0.04601942363656919 1.1888351106113717 -0.05675728915176892 0.7738560267857145
-0.026077673394055978 -0.3620194659410112 -0.030679615757712823 0.8713010875190443 -0.04601942363656919 1.1903690913992575 -0.05829126993965428 0.7089843750000007
-0.026077673394055978 -0.3620194659410112 -0.030679615757712823 0.8713010875190443 -0.04601942363656919 1.1903690913992575 -0.05829126993965428 0.7089843750000007
-0.026077673394055978 -0.36048548515312584 -0.030679615757712823 0.8697671067311585 -0.04601942363656919 1.1903690913992575 -0.05675728915176892 0.6545758928571427
-0.026077673394055978 -0.35895150436524004 -0.030679615757712823 0.8697671067311585 -0.04601942363656919 1.1903690913992575 -0.05522330836388312 0.6148158482142861
-0.026077673394055978 -0.35895150436524004 -0.030679615757712823 0.8697671067311585 -0.04601942363656919 1.1903690913992575 -0.05522330836388312 0.6148158482142861
-0.026077673394055978 -0.35895150436524004 -0.02914563496982718 0.8682331259432727 -0.04601942363656919 1.1903690913992575 -0.05522330836388312 0.5876116071428571
-0.026077673394055978 -0.36048548515312584 -0.02914563496982718 0.8651651643675016 -0.04601942363656919 1.1903690913992575 -0.05522330836388312 0.556222098214286
-0.026077673394055978 -0.36048548515312584 -0.02914563496982718 0.8651651643675016 -0.04601942363656919 1.1903690913992575 -0.05522330836388312 0.556222098214286
-0.026077673394055978 -0.36048548515312584 -0.02761165418194154 0.8651651643675016 -0.04601942363656919 1.1903690913992575 -0.05522330836388312 0.5164620535714284
-0.026077673394055978 -0.36048548515312584 -0.02761165418194154 0.8651651643675016 -0.04601942363656919 1.1903690913992575 -0.05522330836388312 0.4494977678571428
-0.026077673394055978 -0.35895150436524004 -0.02761165418194154 0.8651651643675016 -0.04601942363656919 1.1903690913992575 -0.053689327575997314 0.3699776785714286
-0.026077673394055978 -0.35895150436524004 -0.02761165418194154 0.8651651643675016 -0.04601942363656919 1.1903690913992575 -0.053689327575997314 0.3699776785714286
-0.026077673394055978 -0.35741752357735423 -0.02761165418194154 0.8651651643675016 -0.04601942363656919 1.1903690913992575 -0.053689327575997314 0.2632533482142854
-0.024543692606170175 -0.3558835427894689 -0.02761165418194154 0.8651651643675016 -0.04601942363656919 1.1934370529750291 -0.053689327575997314 0.13769531249999975
-0.024543692606170175 -0.3558835427894689 -0.02761165418194154 0.8651651643675016 -0.04601942363656919 1.1934370529750291 -0.053689327575997314 0.13769531249999975
-0.024543692606170175 -0.35281558121369727 -0.02761165418194154 0.8682331259432727 -0.04601942363656919 1.2072428800659996 -0.052155346788111956 0.012137276785714112
-0.024543692606170175 -0.34667965806215495 -0.0260776733940559 0.8728350683069297 -0.04601942363656919 1.2241166687327416 -0.052155346788111956 0.0
-0.024543692606170175 -0.34667965806215495 -0.0260776733940559 0.8728350683069297 -0.04601942363656919 1.2241166687327416 -0.052155346788111956 0.0
-0.024543692606170175 -0.3436116964863838 -0.02761165418194154 0.8743690490948155 -0.04755340442445499 1.228718611096399 -0.05062136600022615 0.0
-0.024543692606170175 -0.3436116964863838 -0.02761165418194154 0.8759030298827013 -0.04601942363656919 1.228718611096399 -0.05062136600022615 0.0
-0.024543692606170175 -0.34514567727426915 -0.02761165418194154 0.8759030298827013 -0.04601942363656919 1.228718611096399 -0.05062136600022615 0.0
-0.024543692606170175 -0.34514567727426915 -0.02761165418194154 0.8759030298827013 -0.04601942363656919 1.228718611096399 -0.05062136600022615 0.0
-0.024543692606170175 -0.34514567727426915 -0.02761165418194154 0.8759030298827013 -0.04601942363656919 1.228718611096399 -0.05062136600022615 0.0
-0.024543692606170175 -0.34666431825427607 -0.02761165418194154 0.8759030298827013 -0.047538064616576135 1.228718611096399 -0.05062136600022615 0.0
-0.024543692606170175 -0.34667965806215495 -0.02761165418194154 0.8759030298827013 -0.04755340442445499 1.228718611096399 -0.05062136600022615 0.0
-0.024543692606170175 -0.34667965806215495 -0.02761165418194154 0.8759030298827013 -0.04601942363656919 1.228718611096399 -0.05062136600022615 0.0
-0.024543692606170175 -0.3497476196379261 -0.02761165418194154 0.8759030298827013 -0.04755340442445499 1.230252591884284 -0.05062136600022615 0.0
-0.024543692606170175 -0.3497476196379261 -0.02761165418194154 0.8759030298827013 -0.04755340442445499 1.230252591884284 -0.05062136600022615 0.0
-0.024543692606170175 -0.35281558121369727 -0.02761165418194154 0.8759030298827013 -0.04755340442445499 1.230252591884284 -0.05062136600022615 0.0
-0.024543692606170175 -0.3558835427894689 -0.02761165418194154 0.8759030298827013 -0.04755340442445499 1.230252591884284 -0.05062136600022615 0.0
-0.024543692606170175 -0.3558835427894689 -0.02761165418194154 0.8759030298827013 -0.04755340442445499 1.230252591884284 -0.05062136600022615 0.0
-0.024543692606170175 -0.36048548515312584 -0.02761165418194154 0.8759030298827013 -0.04755340442445499 1.230252591884284 -0.05062136600022615 0.0
-0.024543692606170175 -0.3620194659410112 -0.02761165418194154 0.8759030298827013 -0.04601942363656919 1.230252591884284 -0.05062136600022615 0.0
-0.024543692606170175 -0.3650874275167828 -0.02761165418194154 0.8759030298827013 -0.04601942363656919 1.230252591884284 -0.05062136600022615 0.0
-0.024543692606170175 -0.3650874275167828 -0.02761165418194154 0.8759030298827013 -0.04601942363656919 1.230252591884284 -0.05062136600022615 0.0
-0.024543692606170175 -0.36815538909255396 -0.02761165418194154 0.8759030298827013 -0.04601942363656919 1.230252591884284 -0.05062136600022615 0.0
-0.024543692606170175 -0.3712233506683251 -0.02761165418194154 0.8759030298827013 -0.04601942363656919 1.230252591884284 -0.05062136600022615 0.0
-0.024543692606170175 -0.3712233506683251 -0.02761165418194154 0.8759030298827013 -0.04601942363656919 1.230252591884284 -0.05062136600022615 0.0
-0.024543692606170175 -0.3727573314562109 -0.02761165418194154 0.8743690490948155 -0.04601942363656919 1.230252591884284 -0.052155346788111956 0.0
-0.024543692606170175 -0.3727573314562109 -0.02761165418194154 0.8743690490948155 -0.04601942363656919 1.230252591884284 -0.052155346788111956 0.0
-0.024543692606170175 -0.3758252930319821 -0.02761165418194154 0.8743690490948155 -0.04601942363656919 1.230252591884284 -0.052155346788111956 0.0
-0.024543692606170175 -0.3758252930319821 -0.02761165418194154 0.8713010875190443 -0.04601942363656919 1.230252591884284 -0.052155346788111956 0.0
-0.024543692606170175 -0.3758252930319821 -0.02761165418194154 0.8713010875190443 -0.04601942363656919 1.230252591884284 -0.052155346788111956 0.0
-0.024543692606170175 -0.3758252930319821 -0.02761165418194154 0.8713010875190443 -0.04755340442445499 1.230252591884284 -0.052155346788111956 0.0
-0.024543692606170175 -0.3773592738198679 -0.02761165418194154 0.8697671067311585 -0.04755340442445499 1.230252591884284 -0.052155346788111956 0.0
-0.024543692606170175 -0.3773592738198679 -0.02761165418194154 0.8697671067311585 -0.04601942363656919 1.230252591884284 -0.052155346788111956 0.0
-0.024543692606170175 -0.3773592738198679 -0.02761165418194154 0.8697671067311585 -0.04601942363656919 1.230252591884284 -0.052155346788111956 0.0
-0.024543692606170175 -0.3773592738198679 -0.02761165418194154 0.8697671067311585 -0.04755340442445499 1.230252591884284 -0.052155346788111956 0.0
-0.024543692606170175 -0.38196121618352485 -0.02761165418194154 0.8682331259432727 -0.04755340442445499 1.230252591884284 -0.053689327575997314 0.0
-0.024543692606170175 -0.38196121618352485 -0.02761165418194154 0.8682331259432727 -0.04755340442445499 1.230252591884284 -0.053689327575997314 0.0
-0.024543692606170175 -0.3834951969714102 -0.02761165418194154 0.8666991451553874 -0.04755340442445499 1.2317865726721697 -0.053689327575997314 0.0
-0.024543692606170175 -0.3865631585471814 -0.02761165418194154 0.8651651643675016 -0.04755340442445499 1.2317865726721697 -0.053689327575997314 0.0
-0.024543692606170175 -0.3865631585471814 -0.02761165418194154 0.8651651643675016 -0.04755340442445499 1.2317865726721697 -0.053689327575997314 0.0
-0.024543692606170175 -0.389631120122953 -0.02761165418194154 0.8651651643675016 -0.04755340442445499 1.2317865726721697 -0.053689327575997314 0.0
-0.024543692606170175 -0.39269908169872414 -0.02761165418194154 0.8636311835796158 -0.04601942363656919 1.2317865726721697 -0.05522330836388312 0.0
-0.024543692606170175 -0.3957670432744953 -0.02761165418194154 0.8636311835796158 -0.04601942363656919 1.2317865726721697 -0.05522330836388312 0.0
-0.024543692606170175 -0.3957670432744953 -0.02761165418194154 0.8636311835796158 -0.04601942363656919 1.2317865726721697 -0.05522330836388312 0.0
-0.024543692606170175 -0.40190296642603807 -0.02761165418194154 0.8605632220038446 -0.04601942363656919 1.2317865726721697 -0.05675728915176892 0.0
-0.024543692606170175 -0.4080388895775804 -0.02761165418194154 0.8513593372765307 -0.04755340442445499 1.2317865726721697 -0.05675728915176892 0.0
-0.024543692606170175 -0.4080388895775804 -0.02761165418194154 0.8513593372765307 -0.04755340442445499 1.2317865726721697 -0.05675728915176892 0.0
-0.024543692606170175 -0.41264083194123735 -0.02761165418194154 0.8498253564886453 -0.04601942363656919 1.2317865726721697 -0.05829126993965428 0.0
-0.026077673394055978 -0.4172427743048943 -0.02761165418194154 0.8467573949128737 -0.04755340442445499 1.2333205534600555 -0.05829126993965428 0.0
-0.026077673394055978 -0.4172427743048943 -0.02761165418194154 0.8467573949128737 -0.04755340442445499 1.2333205534600555 -0.05829126993965428 0.0
-0.026077673394055978 -0.4218447166685513 -0.0260776733940559 0.8390874909734456 -0.04755340442445499 1.2317865726721697 -0.05982525072754008 0.0
-0.026077673394055978 -0.42644665903220824 -0.02761165418194154 0.8375535101855602 -0.04755340442445499 1.2317865726721697 -0.06135923151542544 0.0
-0.026077673394055978 -0.42798063982009404 -0.02761165418194154 0.8360195293976744 -0.04755340442445499 1.2317865726721697 -0.06135923151542544 0.0
-0.026077673394055978 -0.42798063982009404 -0.02761165418194154 0.8360195293976744 -0.04755340442445499 1.2317865726721697 -0.06135923151542544 0.0
-0.026077673394055978 -0.4295146206079794 -0.0260776733940559 0.8344855486097886 -0.04755340442445499 1.2317865726721697 -0.06135923151542544 0.0
-0.026077673394055978 -0.4295146206079794 -0.0260776733940559 0.8298836062461317 -0.04755340442445499 1.2317865726721697 -0.06289321230331124 0.0
-0.026077673394055978 -0.4295146206079794 -0.0260776733940559 0.8298836062461317 -0.04755340442445499 1.2317865726721697 -0.06289321230331124 0.0
-0.026077673394055978 -0.4310486013958652 -0.0260776733940559 0.8298836062461317 -0.04755340442445499 1.2317865726721697 -0.06289321230331124 0.0
-0.026077673394055978 -0.4295146206079794 -0.0260776733940559 0.8283496254582463 -0.04755340442445499 1.2317865726721697 -0.06289321230331124 0.0
-0.026077673394055978 -0.4295146206079794 -0.0260776733940559 0.8283496254582463 -0.04755340442445499 1.2317865726721697 -0.06289321230331124 0.0
-0.026077673394055978 -0.4295146206079794 -0.0260776733940559 0.8252816638824751 -0.04755340442445499 1.2317865726721697 -0.06289321230331124 0.0
-0.02761165418194156 -0.4310486013958652 -0.02761165418194154 0.8206797215188182 -0.04755340442445499 1.2317865726721697 -0.06289321230331124 0.0
-0.02761165418194156 -0.4310486013958652 -0.02761165418194154 0.8206797215188182 -0.04755340442445499 1.2317865726721697 -0.06289321230331124 0.0
-0.02761165418194156 -0.432582582183751 -0.0260776733940559 0.8160777791551612 -0.04755340442445499 1.2317865726721697 -0.06442719309119704 0.0
-0.02761165418194156 -0.43411656297163637 -0.02761165418194154 0.8145437983672754 -0.04755340442445499 1.2317865726721697 -0.0659611738790824 0.0
-0.02761165418194156 -0.43411656297163637 -0.0260776733940559 0.8130098175793896 -0.04755340442445499 1.2333205534600555 -0.0674951546669682 0.0
-0.02761165418194156 -0.43411656297163637 -0.0260776733940559 0.8130098175793896 -0.04755340442445499 1.2333205534600555 -0.0674951546669682 0.0
-0.02761165418194156 -0.43565054375952217 -0.02761165418194154 0.8099418560036185 -0.04755340442445499 1.2317865726721697 -0.06902913545485401 0.0
-0.02761165418194156 -0.4371845245474075 -0.0260776733940559 0.8068738944278473 -0.04755340442445499 1.2317865726721697 -0.06902913545485401 0.0
-0.02761165418194156 -0.4371845245474075 -0.0260776733940559 0.8068738944278473 -0.04755340442445499 1.2317865726721697 -0.06902913545485401 0.0
-0.02761165418194156 -0.43871850533529333 -0.02761165418194154 0.8068738944278473 -0.04755340442445499 1.2317865726721697 -0.07209709703062517 0.0
-0.02761165418194156 -0.43871850533529333 -0.02761165418194154 0.8068738944278473 -0.04755340442445499 1.2317865726721697 -0.07209709703062517 0.0
