0.0019206809 0.008239533 0.0444199 0.9964986 0.06405784 0.053732865 -0.059739184 0.9951261 -0.07845523 0.0
1.3612411e-05 0.008368981 0.045406707 0.9953547 0.06440183 0.07156398 -0.058626283 0.99506384 -0.08006796 0.0
-0.0014139562 0.0077303685 0.04253339 0.99554443 0.05122508 0.07916589 -0.045440484 0.9962801 -0.07321972 0.0
-0.001276375 0.004968295 0.032328278 0.9975984 0.035516508 0.059464365 -0.032303814 0.9980105 -0.054143537 0.0
-0.0013486329 0.003882465 0.027270848 0.9982934 0.027179826 0.051686514 -0.024873665 0.9986885 -0.04474985 0.0
-0.000943967 0.0022982932 0.019895783 0.9991451 0.017446924 0.037478715 -0.016207492 0.99931985 -0.033123337 0.0
-0.00045730715 0.0017187241 0.012507796 0.9996515 0.011705613 0.023661079 -0.011194637 0.9997037 -0.021613896 0.0
0.0004027951 0.001376346 0.007077542 0.999882 0.0066936472 0.013829461 -0.006517006 0.9998971 -0.012778644 0.0
0.00059258036 0.0011582981 0.0047420305 0.9999474 0.003770293 0.009532494 -0.0036994207 0.9999655 -0.0074415575 0.0
0.00039219088 0.0010596635 0.0038470835 0.9999607 0.0036641448 0.008071489 -0.003624846 0.9999815 -0.004878045 0.0
0.00020481156 0.0006264022 0.0027254904 0.99998325 -0.0004565031 0.0057721427 0.00047752622 0.99999326 -0.0036413101 0.0
-5.56086e-05 0.00031698938 0.0023864263 0.9999855 -0.001851487 0.005051618 0.0018655616 0.9999944 -0.0027828857 0.0
-7.420292e-05 0.00017113046 0.0022903243 0.9999736 -0.0015434673 0.007101697 0.001558903 0.9999964 -0.002168498 0.0
2.6515627e-05 0.00013531678 0.0015512119 0.9999868 -0.0011729152 0.0050000786 0.0011814901 0.99999785 -0.0017123541 0.0
0.0002844483 3.571718e-05 0.0012042202 0.99999446 -0.0008349799 0.0032191395 0.0008378523 0.9999992 -0.0008910535 0.0
0.00031780914 4.992413e-06 0.0010742879 0.99999475 0.0003994319 0.003216761 -0.0003971237 0.99999964 -0.00071816053 0.0
0.00022850608 4.849586e-06 0.00082660245 0.99999696 0.0002676314 0.0024617861 -0.0002661875 0.9999998 -0.00058683794 0.0
0.00030051556 -2.2119471e-05 0.0009385686 0.9999919 0.0026575197 0.0030320685 -0.0026561944 0.99999636 -0.0004410491 0.0
0.00035690182 -9.7546465e-05 0.0019104296 0.99997103 0.0043020784 0.006277743 -0.0042998237 0.9999907 -0.00037267705 0.0
0.00025957706 -7.0240094e-05 0.0013827839 0.9999849 0.0030814586 0.00453982 -0.003080239 0.99999523 -0.0002755715 0.0
0.00066891004 -0.00044663486 0.0048722574 0.9999903 0.0018721696 0.0039901985 -0.0018770732 0.9999975 0.0012255443 0.0
0.0012736651 -0.00049181655 0.004748113 0.9999738 0.0012215034 -0.0071345805 -0.0012121977 0.9999984 0.0013084824 0.0
0.004290627 -0.0013980706 0.004881255 0.9998892 0.00017064251 -0.014886857 -7.918229e-05 0.9999811 0.0061440635 0.0
0.003688656 -0.0011295138 0.0036582826 0.999919 -2.7895303e-05 -0.012730083 9.271189e-05 0.99998707 0.0050910455 0.0
0.0065611536 -0.0011601071 0.0031655463 0.999697 -0.00074122613 -0.02460195 0.000866989 0.9999866 0.0051016374 0.0
0.008142503 -0.0010962584 0.0010754806 0.99947524 -0.00042799572 -0.032389145 0.000616673 0.9999829 0.0058155567 0.0
0.005392709 -0.0007602633 0.000718822 0.9997558 -0.00015715443 -0.022098498 0.00024927896 0.9999913 0.004166122 0.0
0.0057650725 -0.0006675937 -0.0011319281 0.99966294 0.00053285557 -0.025955653 -0.00040413722 0.9999876 0.0049641603 0.0
0.0061471295 -0.0003307615 -0.0014737515 0.9994948 0.001070979 -0.03176506 -0.0009107686 0.99998677 0.005057645 0.0
0.0038754572 -0.00022637265 -0.0008345175 0.9998174 0.000680047 -0.019099737 -0.00061855844 0.99999464 0.00322506 0.0
0.0044142026 -0.0003411515 -0.0009917116 0.9996102 0.00026838295 -0.027918188 -0.00018348017 0.99999535 0.0030436462 0.0
0.0048153265 -0.0004373992 0.0007013049 0.99973977 -0.0038647396 -0.022481449 0.003923899 0.999989 0.0025879592 0.0
0.003353899 -0.0002816005 0.00042001513 0.999864 -0.0029975139 -0.01621919 0.0030230214 0.9999942 0.0015483839 0.0
0.0045845956 -0.00049267826 0.002235208 0.99992424 -0.0034623344 -0.011809454 0.0034950234 0.9999901 0.0027485252 0.0
0.0054976065 -0.0005635663 0.0029443067 0.99989855 -0.008153213 -0.011679366 0.008186355 0.99996257 0.0027926618 0.0
0.007174828 -0.00058747816 0.0024020758 0.99983394 -0.008040397 -0.016353263 0.008086999 0.9999634 0.0027855919 0.0
0.005501847 -0.00042405634 0.0018004744 0.9998983 -0.0059702387 -0.012949494 0.005995876 0.99998015 0.0019418884 0.0
0.0061230324 -0.00037980062 0.00091816677 0.9998227 -0.010198133 -0.015830778 0.0102272555 0.9999462 0.0017597129 0.0
0.0051175747 -0.0007174846 0.0020938702 0.99980295 -0.017932864 -0.008515579 0.017945519 0.999838 0.0014121048 0.0
0.0037480379 -0.0005129482 0.0013584321 0.99989617 -0.012634675 -0.0069288863 0.012642098 0.99991953 0.0010285153 0.0
0.003249039 -0.0007180918 0.0026074294 0.9996175 -0.027580904 0.002026915 0.02757887 0.9996191 0.0010245212 0.0
0.0028214746 -0.00022776208 0.0036367993 0.99920714 -0.038697455 0.009361999 0.038680468 0.99924964 0.0019887057 0.0
0.002017665 1.2097007e-05 0.0026578205 0.9996658 -0.024867013 0.0070627076 0.024856959 0.9996899 0.0015076947 0.0
0.002356668 -0.00043822476 0.0026711074 0.9984355 -0.055102523 0.009504178 0.05507652 0.9984777 0.0029761966 0.0
0.0015092575 -0.00025762545 0.0024034705 0.9980624 -0.061521996 0.009301507 0.061501507 0.9981039 0.0024735439 0.0
0.0011061871 -0.00017003142 0.0019068399 0.9982645 -0.058450542 0.0071768695 0.058437563 0.99828905 0.0020054756 0.0
0.0007631074 -8.5051404e-05 0.0010560591 0.99925 -0.038510613 0.004049761 0.038505673 0.99925756 0.0012898693 0.0
0.00065140636 -7.159087e-05 0.0011880308 0.99935883 -0.035538603 0.004346397 0.035533626 0.9993677 0.0012163547 0.0
0.00024282998 -0.00014128532 0.0023908399 0.9994133 -0.0330616 0.008940651 0.033046566 0.9994522 0.0018241005 0.0
0.00026663466 -0.000105444116 0.0020590536 0.9995695 -0.028372044 0.007473926 0.02836127 0.99959654 0.001543469 0.0
0.00018173474 -6.987901e-05 0.0013972047 0.9998291 -0.017778656 0.005065905 0.01777357 0.9998415 0.001047378 0.0
0.0003065659 -0.00016085221 0.0036518928 0.999856 -0.012773456 0.011175012 0.012750143 0.9999164 0.0021549799 0.0
0.0010282247 -0.00014481739 0.005207829 0.99985695 -0.0076022376 0.015109241 0.007558485 0.9999671 0.002950774 0.0
0.0007568171 -8.735078e-05 0.00350031 0.99994045 -0.004017741 0.010146896 0.003997697 0.99999005 0.0019948946 0.0
0.0014048184 -0.000111583155 0.0057979603 0.99984336 0.002861655 0.017467834 -0.0029190618 0.9999904 0.0032618241 0.0
0.0022595096 0.00034297287 0.0060838605 0.9998043 0.011299632 0.016236987 -0.011375613 0.9999247 0.0045948075 0.0
0.0015618639 0.00026431377 0.003948412 0.9999122 0.00857193 0.010103854 -0.008603692 0.99995816 0.0031042008 0.0
0.0024994456 0.00025506655 0.0042771595 0.9999406 0.009900552 0.0045669726 -0.009911505 0.999948 0.0023819718 0.0
0.0033742231 0.00065187947 0.0037605807 0.99963164 0.026804326 -0.004251319 -0.026796432 0.9996391 0.0019027386 0.0
0.0038249805 0.0016685147 0.004314961 0.9996771 0.024670878 -0.0060803136 -0.024648996 0.9996895 0.0036480539 0.0
0.0028367941 0.001244303 0.0028155441 0.99982244 0.01772106 -0.0064041624 -0.017705511 0.9998402 0.002476635 0.0
0.0024185567 0.0028248914 0.0033015977 0.9996737 0.025314657 -0.0034030227 -0.025294935 0.99966365 0.005718804 0.0
0.002254347 0.004630464 0.003711301 0.9995768 0.029083854 0.00053486467 -0.029087396 0.9995394 0.0086545665 0.0
0.0014987119 0.003327163 0.002401934 0.9997956 0.020216182 0.00019616901 -0.020217001 0.9997772 0.006067126 0.0
0.0014348262 0.0049046148 0.0021096845 0.9996896 0.024731679 -0.003014293 -0.02470479 0.99965733 0.008653684 0.0
0.002338703 0.0051997113 0.0018873978 0.9996847 0.022651002 -0.010839153 -0.022559483 0.9997094 0.008492315 0.0
0.0016764837 0.0038183434 0.0013102024 0.9998274 0.016764963 -0.008007685 -0.016716046 0.99984145 0.0061369496 0.0
0.0021068915 0.0030517208 0.0030764297 0.99993086 0.011500821 -0.002459514 -0.011490629 0.9999255 0.004118928 0.0
0.0024535663 0.0019996082 0.004865501 0.9999599 0.0060700877 0.006587908 -0.006092255 0.99997586 0.0033500085 0.0
0.0028467595 0.0014719446 0.005078921 0.99994737 0.0032425867 0.009733765 -0.0032808143 0.99998695 0.0039139306 0.0
0.0020172694 0.0009662892 0.0034965563 0.999976 0.0022610817 0.006550688 -0.0022781347 0.99999404 0.0025969176 0.0
0.004034025 0.0006170722 0.0047221202 0.9999347 -0.0005904174 0.011415085 0.0005829233 0.9999996 0.00065982353 0.0
0.005350794 0.00060432905 0.0045112995 0.9999878 -0.00046846547 0.004919419 0.00046632256 0.9999998 0.00043673915 0.0
0.003685277 0.00049555 0.0026179405 0.99999905 0.00016503778 0.0013697938 -0.00016565435 0.9999999 0.00045002103 0.0
0.0043249116 0.0008204009 0.0032947618 0.9999978 -0.0005033713 -0.0020305505 0.0005046471 0.9999997 0.0006278403 0.0
0.0044812993 0.00030384705 0.0048121116 0.9999902 -0.0036892828 0.0024390249 0.0036907152 0.999993 -0.0005829641 0.0
0.003254972 0.00022453611 0.0032016616 0.99999577 -0.0027720532 0.00088578445 0.002772584 0.999996 -0.00059851474 0.0
0.0033094296 0.00012240138 0.003935881 0.9999982 -0.0013658247 0.0013297759 0.001364464 0.99999857 0.0010236043 0.0
0.0028524413 0.00011679312 0.0045131813 0.9999837 -0.003408187 0.0045716646 0.0034087636 0.99999416 -0.000118332035 0.0
0.0027247185 0.00056657323 0.003613254 0.99999714 -0.0022998352 -0.00061551156 0.0023001453 0.9999972 0.00050366705 0.0
0.0021164839 0.00045457808 0.0024388474 0.99999607 -0.0016722246 -0.0022517212 0.001673206 0.9999985 0.00043406506 0.0
0.0021816695 -5.1091753e-05 0.0037066275 0.999983 -0.0055136727 0.0019014714 0.0055132667 0.9999848 0.0002188657 0.0
0.0020482163 -9.1743146e-05 0.005416857 0.9999431 -0.00577597 0.008971685 0.005767138 0.99998283 0.0010099579 0.0
0.0013417979 -7.375001e-05 0.0038773078 0.99996835 -0.0041665724 0.006781914 0.0041615535 0.99999106 0.0007540498 0.0
0.0015695142 0.00029764912 0.005767132 0.99991643 -0.0047285436 0.012033589 0.004705199 0.999987 0.001967529 0.0
0.002440964 0.000292529 0.0059838346 0.9999678 -0.00459732 0.006574883 0.004595165 0.9999894 0.00034281565 0.0
0.0016310321 0.00019015634 0.004075098 0.9999841 -0.0031991396 0.004653039 0.0031980025 0.9999949 0.00025182037 0.0
0.0024592965 -0.00023375782 0.0051716934 0.99998045 -0.005371911 0.0031982393 0.0053723757 0.9999856 -0.0001368449 0.0
0.002603054 -0.00019921619 0.0062703495 0.9999731 -0.0041956524 0.006011765 0.004193217 0.9999911 0.0004176805 0.0
0.0024733655 -0.00019620635 0.0074239904 0.9999342 -0.0033535922 0.010968119 0.0033412839 0.99999374 0.0011403408 0.0
0.0018114068 -0.00015635768 0.0059166104 0.9999489 -0.0024747404 0.009800903 0.0024646863 0.9999964 0.0010377683 0.0
0.0018391714 -0.00012114285 0.005962231 0.9999509 -0.0030363277 0.009433195 0.0030253795 0.99999475 0.0011746674 0.0
0.0025770462 0.00054948765 0.007495643 0.9999556 -0.0035820513 0.008714186 0.0035632744 0.9999913 0.0021693027 0.0
0.0017498302 0.0005024731 0.005093749 0.9999816 -0.002012435 0.0057289517 0.0020032518 0.9999967 0.0016082758 0.0
0.0019101351 0.00081829075 0.0060713785 0.9999713 -0.00016121689 0.0075804666 0.00014720885 0.9999983 0.0018484342 0.0
0.0019752036 0.00052597374 0.0070369584 0.99994344 -0.000716341 0.010612488 0.00069468183 0.9999977 0.0020444584 0.0
0.0013193974 0.00037417922 0.0045798915 0.999978 -0.0003863381 0.0066172825 0.0003775658 0.99999905 0.0013268639 0.0
0.0012082465 -0.00027723715 0.0057377573 0.9999204 -0.003266076 0.012182783 0.0032505263 0.99999386 0.0012959618 0.0
0.000931921 0.0002666058 0.0059131244 0.9999012 -0.0003124563 0.01405332 0.00027090186 0.9999956 0.0029587224 0.0
0.00064319046 0.0002492289 0.0038528491 0.99996066 -0.00012596234 0.008865802 0.00010808786 0.999998 0.002016566 0.0
0.0007157296 0.00056211586 0.003448506 0.99997735 -0.0016079582 0.0065348875 0.0015970762 0.9999973 0.0016701043 0.0
0.0018228483 0.0009692238 0.0029948358 0.9999998 -0.0002552152 -0.0005318167 0.0002562447 0.9999981 0.001936725 0.0
0.0020198782 0.00065905007 0.0038244696 0.99999905 -0.0013979068 -4.868992e-06 0.0013979084 0.999999 0.00035714777 0.0
0.0017002873 0.0005288034 0.003042187 0.9999992 -0.001017321 -0.0007079378 0.0010172463 0.99999946 -0.000105860345 0.0
0.0010832623 0.0010850144 0.0041360934 0.9999784 0.0011977102 0.0064565693 -0.0012101254 0.99999744 0.0019193069 0.0
0.0010765279 0.00031667424 0.0051944237 0.9999417 -0.0020787523 0.010592822 0.0020605435 0.99999636 0.0017295792 0.0
0.00073544076 0.00026250855 0.0033819468 0.999977 -0.0013737219 0.0066424836 0.0013662808 0.99999845 0.0011246349 0.0
0.0021918206 0.0004355005 0.0038156942 0.9999515 -0.0010962632 0.009791137 0.0010817909 0.99999833 0.0014832709 0.0
0.003614612 0.0013773586 0.0053357873 0.9998749 0.00058146386 0.01580899 -0.0006097721 0.9999982 0.0017858783 0.0
0.002432183 0.0009995907 0.004000285 0.999931 0.0005489405 0.011734363 -0.00056454435 0.999999 0.0013264901 0.0
0.003856806 0.000816214 0.005124342 0.9998695 -0.0014516042 0.016088517 0.001422631 0.9999973 0.0018121594 0.0
0.004781621 0.0012075178 0.007920781 0.99968666 -0.0014709842 0.024987346 0.0013911525 0.99999386 0.003211962 0.0
0.0058429083 0.001668372 0.008436323 0.9996701 -0.0007966001 0.025672937 0.00073356257 0.9999967 0.0024647345 0.0
0.004186618 0.0012261234 0.0058574765 0.9998425 -0.00036092923 0.017742936 0.00033176853 0.99999857 0.0016464272 0.0
0.005795917 0.0013333017 0.0055252938 0.9998188 -0.002265315 0.018899176 0.0022673835 0.99999744 -8.801132e-05 0.0
0.005468375 0.00200913 0.00513112 0.99984753 -0.000233355 0.017461251 0.00023504526 0.99999994 -9.474941e-05 0.0
0.0037920107 0.0013502646 0.003325889 0.99993503 -0.00011179756 0.0113983555 0.00011179077 1.0 1.2331925e-06 0.0
0.0036134624 0.0020000844 0.0044407495 0.99990654 0.0023720441 0.013466129 -0.0023939954 0.9999958 0.0016142245 0.0
0.0025217547 0.0022748709 0.0066838604 0.9998016 0.0031263714 0.019671977 -0.003171602 0.9999924 0.002268461 0.0
0.0014967897 0.0016706563 0.004459875 0.99991196 0.0025693094 0.013015866 -0.002590863 0.9999953 0.0016393488 0.0
0.0013564862 0.0010552077 0.0060661333 0.9998432 0.0012817134 0.017664107 -0.0013197181 0.99999684 0.0021400354 0.0
0.0014515118 0.00075916573 0.0058676437 0.99985003 -0.0014160657 0.017259944 0.0013943072 0.9999982 0.0012726001 0.0
0.0011174906 0.0006285885 0.004056476 0.99992776 -0.001142435 0.011965564 0.0011323354 0.999999 0.00085079187 0.0
0.001557149 0.0010345066 0.004466956 0.9999122 0.0005813424 0.013236746 -0.00060300564 0.9999985 0.0016326691 0.0
0.0061493935 0.00095952593 0.0023838726 0.9999633 -0.00019623962 0.008566466 0.00018573325 0.9999992 0.001227232 0.0
0.009846292 0.002160219 4.6846457e-05 0.9999953 -0.00061475777 0.0030002738 0.0006198614 0.9999984 -0.0017004268 0.0
0.008134907 0.00179405 -0.0007934014 0.99999976 -0.0006380915 0.00014337864 0.00063837133 0.99999785 -0.0019602312 0.0
0.01005596 0.0016377112 -0.0010292515 0.9999967 -0.002240067 0.0012282172 0.0022434772 0.9999936 -0.0027821595 0.0
0.008186421 0.00065411464 0.0016200074 0.99996614 -0.0033963576 0.007492193 0.003407961 0.999993 -0.00153649 0.0
0.005897552 0.00039763196 0.0016400034 0.99997586 -0.0022257902 0.0065791267 0.0022294228 0.9999974 -0.00054484693 0.0
0.004876541 -0.0013460701 0.0038454006 0.9999067 -0.006257077 0.012139894 0.0062633934 0.9999803 -0.0004823406 0.0
0.0047598314 -0.0026178595 0.0048638796 0.99985725 -0.008424712 0.014645385 0.008421704 0.9999645 0.00026707895 0.0
0.0032054826 -0.0016433464 0.0027724311 0.99994993 -0.0053262077 0.008468909 0.0053259647 0.9999858 5.128293e-05 0.0
0.0062804488 -0.0011621929 0.0034838105 0.99991536 -0.0053924713 0.011840363 0.0054069776 0.9999847 -0.0011934859 0.0
0.007806631 -0.00086929335 0.0039221835 0.9998793 -0.0049065347 0.01474011 0.004915808 0.9999877 -0.0005929738 0.0
0.00887362 -0.00015952688 0.0047453064 0.9998414 -0.00033198833 0.01780544 0.00032694486 0.9999999 0.0002861635 0.0
0.0070384834 -4.820613e-05 0.0040318063 0.9998908 0.0006995143 0.0147602735 -0.00070702774 0.99999964 0.00050381944 0.0
0.0073253834 -0.0006771411 0.0039421464 0.9999103 0.0006304167 0.013378619 -0.0006340976 0.99999976 0.0002708994 0.0
0.0067598624 -0.0008482436 0.004232178 0.99989825 0.00029570537 0.014262614 -0.00030124994 0.9999999 0.0003866031 0.0
0.0045477645 -0.0006222326 0.002491734 0.99996334 0.00022862217 0.00856019 -0.00022943548 0.99999994 9.4028685e-05 0.0
0.004207001 -0.0013212701 0.003437133 0.9999347 0.00022220086 0.011429221 -0.00022300881 1.0 6.9417816e-05 0.0
0.00369984 -0.0018345225 0.0033405358 0.99993485 -0.0012006443 0.011351238 0.0012029042 0.9999993 -0.00019225535 0.0
0.0025968654 -0.0012438304 0.0021695846 0.99997234 -0.0011430712 0.0073514245 0.0011444207 0.99999934 -0.000179377 0.0
0.0026934554 -0.00049072166 0.0018509699 0.9999869 0.0002709255 0.0051134885 -0.00027114738 0.99999994 4.2699077e-05 0.0
0.002268397 -0.00039143648 0.002855742 0.9999624 -0.00035715048 0.008665605 0.00035216814 0.99999976 0.0005764779 0.0
0.001678956 -0.0002868145 0.0018506262 0.9999834 -0.00027341518 0.005757845 0.00027148845 0.9999999 0.00033540357 0.0
0.0030103314 0.00013784347 -0.00030613103 0.9999985 0.0014267757 0.0009600618 -0.0014265282 0.9999989 -0.0002584154 0.0
0.0028286981 0.00028797015 -2.9298186e-05 0.99999726 0.0012298905 0.001998597 -0.0012298728 0.9999992 -1.0050508e-05 0.0
0.0037057076 0.00039215534 0.00072309887 0.9999886 0.00093444844 0.00468034 -0.00093567197 0.9999995 0.0002592371 0.0
0.0030978122 0.00032745814 0.0005231645 0.9999936 0.00028107525 0.0035600716 -0.000281711 0.99999994 0.00017807438 0.0
0.0038920147 0.00043098524 0.00091200136 0.9999911 0.0017465387 0.0038367726 -0.001747389 0.99999845 0.00021825843 0.0
0.004683818 0.00056397554 0.0005694593 0.9999964 0.0012982717 0.0023374527 -0.0012983734 0.99999917 4.1993997e-05 0.0
0.0032871491 0.00039921337 0.00025911827 0.999999 0.0007652767 0.0011966298 -0.00076525146 0.9999997 -2.1557918e-05 0.0
0.004082785 0.00057211885 -0.000953276 0.99999934 0.0005210659 -0.000997472 -0.00052141945 0.9999998 -0.00035426853 0.0
0.0039135255 0.00047320384 4.244619e-06 0.9999994 0.0010597721 -0.00015389702 -0.0010596499 0.9999991 0.00079163146 0.0
0.0028718994 0.0003570891 -0.00025563606 0.99999934 0.00082124263 -0.00078525726 -0.00082083564 0.9999995 0.00051852525 0.0
0.0040733204 0.0005034429 0.00020086835 0.9999998 0.0005813669 0.00022934316 -0.00058146036 0.99999976 0.00040774842 0.0
0.0067490586 0.0009159467 -0.0008583502 0.9999968 0.0018237381 -0.0017664465 -0.0018240345 0.99999833 -0.00016623584 0.0
0.008404817 0.001106021 -0.00025442033 0.9999981 0.0018082398 -0.0007763071 -0.0018083306 0.99999833 -0.0001163617 0.0
0.0056742714 0.0007056448 0.0006658868 0.9999984 0.0012157931 0.0013397465 -0.0012159866 0.9999992 0.00014354798 0.0
0.007384237 0.0009505793 0.00014771568 0.9999993 0.0011442568 -0.00040454153 -0.0011443234 0.99999934 -0.00016439662 0.0
0.007455575 0.0009934597 -0.0006578734 0.9999961 0.0008687726 -0.0026422474 -0.0008700724 0.9999995 -0.0004908279 0.0
0.0052175024 0.00069706026 -0.0005384792 0.9999977 0.0006144283 -0.0020701212 -0.0006151851 0.99999976 -0.0003649784 0.0
0.006141349 0.00082901516 -0.00085368194 0.99999475 0.00046206763 -0.0032007021 -0.00046385973 0.99999976 -0.0005591846 0.028878348
0.0071823555 0.0004466215 -0.0015325274 0.99998635 -0.00082943053 -0.0051624756 0.0008231028 0.9999989 -0.0012277196 0.06863839
0.0048890663 0.00027186453 -0.0009147659 0.9999945 -0.0006334653 -0.003246179 0.0006308073 0.99999946 -0.00081975455 0.06863839
0.0063889124 0.00057781127 -0.0016699049 0.99998397 0.0006084213 -0.005634747 -0.0006086711 0.9999998 -4.2631174e-05 0.100027904
0.0068906206 0.0007122111 -0.0014908616 0.9999851 0.000470631 -0.0054399273 -0.00047222176 0.9999998 -0.0002911371 0.11676897
0.007995297 0.00019892117 -0.0005446046 0.99999326 -6.3861065e-05 -0.0036622994 6.5689455e-05 0.9999999 0.00049912924 0.11886161
0.0061810943 -1.7324783e-05 -0.0003654292 0.9999962 -0.00043872537 -0.0027283453 0.00043951863 0.9999999 0.00029015224 0.11886161
0.0084156385 -0.0014851501 -0.00037947705 0.999987 -0.0037433456 -0.0034523394 0.0037421708 0.99999297 -0.0003466842 0.123046875
0.01139792 -0.0022678727 -0.0005747909 0.9999645 -0.0068514757 -0.0049110465 0.006839372 0.99997354 -0.0024771756 0.1251395
0.00832797 -0.0016173893 0.00057082856 0.9999869 -0.004925769 -0.0013997173 0.004923627 0.9999867 -0.0015299257 0.1251395
0.011696483 -0.0023487115 -0.00058865873 0.9999665 -0.0061163288 -0.005442544 0.0060974993 0.9999754 -0.0034695151 0.12723215
0.015045495 -0.0013829968 -0.00211939 0.9999528 -0.0053084814 -0.008137219 0.0052737887 0.99997693 -0.0042790584 0.14397322
0.009806159 -0.0006230968 -0.0014141734 0.9999847 -0.0028783695 -0.004729919 0.0028645115 0.9999916 -0.0029340868 0.14397322
0.0120617645 0.00034776024 -0.0030450947 0.9999567 -9.863885e-05 -0.009299339 7.027874e-05 0.99999535 -0.0030499692 0.18791853
0.012292087 0.0001174176 -0.0035411846 0.999917 -0.00022937263 -0.01288269 0.00020057641 0.9999975 -0.002236512 0.25697544
0.00855116 0.0001339374 -0.002693289 0.99994814 -4.962085e-05 -0.010182171 3.3586155e-05 0.99999875 -0.001574946 0.25697544
0.0063346983 0.0009539879 -0.0036733313 0.99990475 0.0039171497 -0.013234349 -0.0039039566 0.99999183 0.001022567 0.33231026
0.0036170594 0.0005760568 -0.0031467995 0.9999279 0.003919204 -0.011350328 -0.0039006346 0.999991 0.0016577183 0.4013672
0.0025020712 0.00043944287 -0.0025801072 0.99995506 0.003104143 -0.008956166 -0.0030928522 0.9999944 0.0012742643 0.4013672
0.0010660902 0.00022152314 -0.0018015917 0.9999846 0.00031421604 -0.005540213 -0.00031037876 0.9999997 0.0006934686 0.44321987
0.00043639494 0.00011329389 -0.0011369343 0.9999899 -0.0028780545 -0.00343831 0.0028795013 0.99999577 0.00041585954 0.47251675
0.00046237226 0.00077213114 -0.0018161298 0.99998826 -0.0008500503 -0.0047767893 0.00084900536 0.99999964 -0.00022077753 0.49344307
0.00030066704 0.00056431495 -0.0012842078 0.99999446 -0.0005235997 -0.0032942467 0.0005231162 0.9999999 -0.0001476085 0.49344307
-8.52005e-05 0.0009800894 -0.00134411 0.99999607 0.0020300476 -0.0019492542 -0.0020283102 0.99999756 0.00089282886 0.5185547
-9.774789e-05 0.00069043704 -0.0030212658 0.9999754 0.0012959477 -0.00689523 -0.0012952893 0.99999917 9.995296e-05 0.55831474
-9.894607e-05 0.000467858 -0.0022071006 0.99998707 0.00073124067 -0.0050382847 -0.00073094637 0.9999997 6.0254126e-05 0.55831474
-0.00056448544 0.0018407459 -0.004645397 0.9999444 0.0052365516 -0.0091556255 -0.005239626 0.99998623 -0.00031183063 0.5980748
-0.0007955888 0.0022049015 -0.008073035 0.99983203 0.007213153 -0.01684892 -0.0072350632 0.99997306 -0.0012397906 0.62737167
-0.0015195039 0.0051195077 -0.010996008 0.99963367 0.0155251715 -0.022168858 -0.01555101 0.9998786 -0.0009935681 0.6420201
-0.0013029583 0.0045807953 -0.009047432 0.9997416 0.013844948 -0.018029897 -0.013859745 0.9999037 -0.00069596746 0.6420201
-0.0028324092 0.006322765 -0.013533366 0.99949914 0.017234964 -0.026541028 -0.017285956 0.99984914 -0.0016930393 0.6503906
-0.0034330979 0.006032398 -0.015807137 0.9993731 0.014886728 -0.0321221 -0.014997153 0.9998824 -0.0031994928 0.65876114
-0.0023752213 0.004147316 -0.01179799 0.9996604 0.010094356 -0.024025569 -0.010154175 0.99994564 -0.0023690877 0.65876114
-0.0032193337 0.0035060793 -0.013071803 0.99959886 0.008707648 -0.026949868 -0.008772841 0.9999589 -0.0023017146 0.66503906
-0.0039001931 0.0024722493 -0.014080756 0.99955624 0.0064904005 -0.029072378 -0.0065564676 0.99997616 -0.0021777682 0.6692243
-0.0024847228 0.0016430385 -0.0093787 0.999804 0.0042908546 -0.019325262 -0.004319658 0.9999896 -0.0014489227 0.6692243
-0.0027220726 0.0018898726 -0.012296462 0.9996835 0.0048043695 -0.02469485 -0.0048437263 0.99998707 -0.0015341373 0.671317
-0.0034477934 0.0012447756 -0.014177761 0.9995713 0.0035114835 -0.0290657 -0.0035643924 0.9999921 -0.0017687087 0.671317
-0.0023154188 0.00092318037 -0.010156511 0.9997755 0.0025557394 -0.021032041 -0.0025836367 0.9999958 -0.0012993438 0.671317
-0.0028498056 0.0021111558 -0.013008086 0.99965245 0.006628227 -0.025516143 -0.0066596246 0.9999772 -0.001145726 0.6734096
-0.0038257283 0.0024229635 -0.016244244 0.99965596 0.008703536 -0.024742069 -0.008728386 0.9999615 -0.00089654623 0.6734096
-0.0041964073 0.0024783046 -0.01716769 0.99986035 0.0064419797 -0.0154202 -0.006446886 0.9999792 -0.00026847125 0.67759484
-0.0029370664 0.0017151464 -0.012643257 0.9999274 0.004331351 -0.011243394 -0.0043345043 0.9999906 -0.00025613647 0.67759484
-0.0035359154 0.0019189948 -0.014341853 0.9999498 0.0074011935 -0.0067565483 -0.007391601 0.9999716 0.0014435799 0.6964286
-0.0045407843 0.0013620255 -0.016283482 0.9999434 0.007208424 -0.007830772 -0.0072000963 0.9999735 0.0010911964 0.7236328
-0.0032948046 0.00088082714 -0.011967917 0.99996763 0.0049017146 -0.0063827257 -0.004897301 0.9999878 0.0007069297 0.7236328
-0.004759715 0.0018912856 -0.014891727 0.9998767 0.0055085453 -0.014705302 -0.0055258567 0.9999841 -0.0011368343 0.75502235
-0.0057021985 0.0014646165 -0.018478468 0.99964094 0.004255009 -0.026455779 -0.004306144 0.999989 -0.0018761803 0.7780413
-0.0039360733 0.0011233758 -0.013611137 0.999768 0.0031003093 -0.021312973 -0.0031340786 0.99999386 -0.0015512195 0.7780413
-0.004651665 0.00090471795 -0.014925338 0.9997638 0.003009252 -0.021523518 -0.003038624 0.9999945 -0.001332084 0.79478234
-0.0068410104 0.00058442587 -0.01694913 0.99986726 0.0026410194 -0.016076477 -0.002651006 0.9999963 -0.0005999096 0.8157087
-0.0068912543 -0.00023083994 -0.017615842 0.99989355 0.00089698145 -0.014561433 -0.00090524426 0.9999994 -0.0005608603 0.83035713
-0.0051556285 -0.00033706892 -0.013282672 0.9999458 0.00031041424 -0.010404779 -0.0003145843 0.9999999 -0.00039915054 0.83035713
-0.005473021 -0.0008211966 -0.014229629 0.9999496 -0.00079951115 -0.010012617 0.0007953848 0.9999996 -0.00041609377 0.83872765
-0.006127045 -0.00047911354 -0.015213117 0.9999317 5.6697496e-05 -0.0116881775 -6.1384766e-05 0.99999994 -0.00040066824 0.83872765
-0.004201849 -0.00036258786 -0.010639233 0.99996114 -3.9896495e-05 -0.00881513 3.6843758e-05 0.99999994 -0.0003464688 0.83872765
-0.0058579277 -0.00025070453 -0.01303767 0.9999643 0.0004976781 -0.0084386645 -0.00049873133 0.9999999 -0.0001227089 0.83872765
-0.007121704 -0.00076970225 -0.015613999 0.999965 0.00080864737 -0.008324853 -0.0008092249 0.99999964 -6.601203e-05 0.83872765
-0.0050127115 -0.00057603954 -0.010853963 0.99998534 0.00048786085 -0.0053908504 -0.00048796818 0.9999999 -1.859274e-05 0.83872765
-0.00721087 -0.0010437503 -0.014263067 0.9999958 -0.00047293352 -0.002857886 0.00047381112 0.9999998 0.0003064065 0.83872765
-0.009435717 -0.0013648826 -0.017687498 0.99999887 -0.00092341745 -0.0011785264 0.00092393876 0.99999946 0.00044184143 0.83872765
-0.010798755 -0.0008914047 -0.01971031 0.99999684 0.00027278447 -0.002487743 -0.00027143923 0.9999998 0.0005410716 0.83872765
-0.0075938837 -0.0005210866 -0.013535113 0.9999988 0.00041794186 -0.0014861447 -0.0004173315 0.9999998 0.00041098634 0.83872765
-0.009660649 -0.00092027243 -0.017724581 0.9999802 -0.0002484372 -0.006288514 0.00024836147 0.99999994 -1.282112e-05 0.83872765
-0.011037983 -0.00062552793 -0.020375676 0.99993557 0.00059184403 -0.011335984 -0.0005940684 0.9999998 -0.00019285442 0.83872765
-0.0077325776 -0.00031177746 -0.014565711 0.99994695 0.0006960306 -0.010277121 -0.000698819 0.9999997 -0.00026773298 0.83872765
-0.009270251 -0.00016129063 -0.018293016 0.999823 0.002652113 -0.018626785 -0.002665125 0.99999624 -0.000673774 0.83872765
-0.010079919 -7.359451e-05 -0.019983394 0.99973196 0.0025757456 -0.023008442 -0.0025967776 0.99999624 -0.0008842803 0.83872765
-0.0065207332 -5.1540963e-05 -0.012754325 0.9998972 0.0016859466 -0.014240381 -0.0016936298 0.99999845 -0.00052749563 0.83872765
-0.0074998033 -0.00073820073 -0.013841795 0.9999129 4.4056116e-05 -0.013198965 -5.445991e-05 0.9999997 -0.0007878697 0.83872765
-0.007787981 -0.000518259 -0.014211878 0.9998941 0.0017681812 -0.014445164 -0.0017788316 0.99999815 -0.00072448066 0.83872765
-0.0052591246 -0.0002882916 -0.00956026 0.99995106 0.0012604146 -0.009811014 -0.0012650354 0.9999991 -0.00046479594 0.83872765
-0.005628363 -0.0008480109 -0.009238865 0.99995977 -0.00033201327 -0.008963056 0.0003256653 0.9999997 -0.0007096892 0.8408203
-0.0062491847 -0.0018130178 -0.009572179 0.99998426 -0.0012535177 -0.005470908 0.0012495645 0.9999989 -0.0007259486 0.8408203
-0.007119843 -0.0013004241 -0.009545179 0.9999992 0.0012604933 -5.233937e-05 -0.0012604963 0.9999992 -5.7545127e-05 0.8408203
-0.0054510534 -0.000755436 -0.006773473 0.99999535 0.0019386752 0.0023536703 -0.0019392184 0.9999981 0.00022850737 0.8408203
-0.005858013 -0.0010768954 -0.0069380957 0.9999973 0.0021151192 0.0009482936 -0.0021149796 0.99999774 -0.00014810721 0.84919083
-0.005371246 -0.0008275913 -0.007839303 0.99996305 0.0051936926 -0.0068473523 -0.005187989 0.9999862 0.00085044693 0.86383927
-0.003407789 -0.0006244802 -0.005273309 0.9999783 0.0034370003 -0.0056159934 -0.003434239 0.999994 0.0005012652 0.86383927
-0.0031664108 -0.00038035517 -0.0038923125 0.9999774 0.0029698014 -0.006028254 -0.0029778266 0.9999947 -0.001322719 0.8680245
-0.0026304028 -0.0003026609 -0.0030858691 0.9999718 0.0033142979 -0.006739326 -0.0033232966 0.9999936 -0.001324432 0.8680245
-0.0017536165 -0.0002165492 -0.0020690896 0.9999863 0.0023559704 -0.0046778102 -0.0023606564 0.9999967 -0.0009964363 0.8680245
-0.0010209312 -0.00015486123 -0.00057048467 0.99999905 0.0013790004 0.00010681502 -0.0013789398 0.99999887 -0.0005650067 0.8680245
-0.0005278442 -0.0006622965 -0.0003470484 0.9999999 -0.00045518408 0.00011740542 0.00045528437 0.9999995 -0.00085553847 0.8680245
-0.00032218586 -0.0004444352 -0.00022198731 0.99999994 -0.00030885258 -0.00021214633 0.00030872243 0.99999976 -0.0006132455 0.8680245
-0.00018262153 -0.00028006648 -0.00023162071 0.99999994 -0.00015478657 -0.00037390008 0.0001546249 0.9999999 -0.00043240105 0.8680245
-0.00035153877 -0.0002194061 0.00034295203 0.99999535 0.0029073637 0.00091414864 -0.0029071975 0.99999577 -0.00018288479 0.8680245
-0.00023374868 -0.00014413787 0.00018018098 0.9999979 0.0019881786 0.00049588113 -0.001988113 0.99999803 -0.00013305375 0.8701172
-0.00014223477 -9.40834e-05 6.567405e-05 0.9999991 0.0013096827 0.00020330626 -0.001309662 0.99999917 -0.00010193792 0.8701172
0.00024952312 -6.311823e-05 0.0004885414 0.9999976 0.002179287 9.649265e-05 -0.0021792785 0.9999976 -8.879693e-05 0.87220985
0.00024038556 -6.201472e-05 0.0010350657 0.9999948 0.0013947239 0.0029032268 -0.0013950126 0.99999905 9.739567e-05 0.87220985
0.00012951906 -4.011293e-05 0.00062723854 0.9999983 0.0008253319 0.0016693607 -0.00082542584 0.99999964 5.5577853e-05 0.87220985
7.709882e-05 -2.7908072e-05 0.00040795203 0.9999974 0.002034915 0.0010615814 -0.0020349498 0.9999979 3.1821655e-05 0.87220985
-0.00020043022 -6.945116e-06 -0.00041164117 0.99999547 0.0027998888 -0.0010835569 -0.0027999564 0.99999607 -6.0710372e-05 0.87220985
-0.00016225329 -3.4882487e-06 -0.0003498123 0.9999979 0.0018333957 -0.0009206061 -0.001833442 0.99999833 -4.9462415e-05 0.87220985
-9.932302e-05 -2.3629727e-06 -0.0002119163 0.9999991 0.0012212405 -0.00055826554 -0.0012212575 0.9999992 -3.0176701e-05 0.8701172
-0.00031013714 2.3904631e-05 -0.0013204059 0.99998844 0.0009290387 -0.0047212937 -0.0009301857 0.9999995 -0.00024075348 0.8701172
-0.00044153153 2.6657744e-05 -0.00154148 0.9999874 0.00070658786 -0.004960057 -0.00070781534 0.9999997 -0.00024572396 0.8701172
-0.00029596192 1.9342084e-05 -0.0010762799 0.99999374 0.0003271213 -0.0035293775 -0.0003277448 0.99999994 -0.00017609014 0.8701172
1.8650115e-05 5.9515005e-05 -0.0014186278 0.9999918 0.0003768442 -0.0040411423 -0.00037781824 0.9999999 -0.00024027834 0.8701172
-0.000183271 6.4198866e-07 -0.000383914 0.999999 0.00026021726 -0.0014133032 -0.00026030638 0.99999994 -6.28778e-05 0.8680245
-0.00012570703 4.493002e-06 -0.00035939505 0.9999992 0.00020215659 -0.0012201726 -0.00020222743 1.0 -5.7931575e-05 0.8680245
-4.1814154e-05 5.6332083e-06 -0.00023212587 0.9999997 0.00014086103 -0.0007886601 -0.00014089394 1.0 -4.166771e-05 0.8680245
-0.00014056609 -4.7916874e-06 1.0090003e-05 0.9999994 9.189082e-05 0.0010823674 -9.195972e-05 1.0 6.3608015e-05 0.8680245
-9.181251e-05 -4.2549127e-06 4.557771e-05 0.9999996 6.0753922e-05 0.00092053396 -6.0802315e-05 1.0 5.254333e-05 0.8680245
5.890257e-05 5.163245e-06 -8.913529e-05 0.9999997 4.294382e-05 -0.00074873987 -4.2976306e-05 1.0 -4.3376112e-05 0.8659319
0.00028599607 4.9172613e-05 -0.0007165828 0.9999975 9.310166e-05 -0.0022350613 -9.344963e-05 1.0 -0.00015558304 0.8659319
-0.0003813632 -7.345596e-06 -0.0003677065 1.0 5.241983e-05 -0.00016646054 -5.2417327e-05 1.0 1.5024738e-05 0.8659319
-0.00040735773 -1.851111e-05 -0.0001544393 0.99999994 2.6032725e-05 0.00036079323 -2.6050573e-05 1.0 4.946717e-05 0.8659319
-0.0002251637 -8.9436835e-06 -0.000101634156 0.99999994 1.863147e-05 0.00028183163 -1.864007e-05 1.0 3.0514959e-05 0.8659319
-0.00010752119 1.0970598e-07 -0.00012292943 1.0 1.9504958e-05 0.00011287271 -1.950629e-05 1.0 1.1800622e-05 0.86383927
-7.022476e-05 -1.553755e-06 -2.9892744e-05 1.0 9.007699e-06 0.00022666354 -9.011535e-06 1.0 1.6926702e-05 0.86383927
-0.00029145862 8.730254e-06 -0.0006595947 0.99999887 6.084943e-05 -0.0015065838 -6.094893e-05 1.0 -6.5996064e-05 0.86383927
-0.00023979717 7.2554594e-06 -0.0005562897 0.99999917 5.041959e-05 -0.0013009625 -5.0494808e-05 1.0 -5.7783687e-05 0.86383927
-0.00015494083 4.4295402e-06 -0.00035662626 0.99999964 3.20282e-05 -0.00082971604 -3.2057975e-05 1.0 -3.586871e-05 0.86383927
-0.00030260097 1.1741831e-05 -0.00076803414 0.99999815 6.850762e-05 -0.0019338528 -6.867615e-05 1.0 -8.707564e-05 0.86383927
-0.00046968085 1.9244173e-05 -0.0012229152 0.99999505 0.000107506276 -0.00314184 -0.000107960586 1.0 -0.0001444315 0.86383927
-0.00082619535 3.4457473e-05 -0.002173928 0.9999841 0.0001899637 -0.0056428555 -0.00019143755 0.99999994 -0.00026064852 0.86383927
-0.00067897246 2.851284e-05 -0.0017917728 0.99998915 0.00015555261 -0.004654208 -0.00015655518 0.99999994 -0.0002150475 0.86383927
-0.00041164568 1.6993294e-05 -0.0010892445 0.999996 9.390744e-05 -0.002827218 -9.427547e-05 1.0 -0.00013004344 0.86383927
-0.0004337504 1.839513e-05 -0.0011497086 0.9999955 0.000100174424 -0.0029900249 -0.000100585035 1.0 -0.00013717891 0.86383927
-0.00031284028 1.3407185e-05 -0.00083074044 0.9999977 7.206944e-05 -0.002160306 -7.2285504e-05 1.0 -9.993859e-05 0.86383927
-0.00021983944 9.443655e-06 -0.0005842419 0.99999887 5.171851e-05 -0.0015193707 -5.182592e-05 1.0 -7.065176e-05 0.86383927
-0.00012732166 -0.00048849394 -0.0004680353 0.9999993 -1.2169027e-05 -0.0012188198 1.211614e-05 1.0 -4.339958e-05 0.86383927
-0.000105565545 -0.00030713982 -0.00036297203 0.9999995 -0.00014458172 -0.0009451578 0.00014454927 1.0 -3.44006e-05 0.86383927
-0.00034498557 0.00040938045 -0.00081590156 0.9999967 0.0014116416 -0.0021264204 -0.0014118658 0.999999 -0.00010399921 0.86383927
-0.00044292008 0.0003344938 -0.0010974169 0.99999535 0.0010405899 -0.002862256 -0.0010409848 0.99999946 -0.00013643556 0.86383927
-0.00034649463 0.00026252196 -0.0008591449 0.9999972 0.00079582003 -0.0022402059 -0.00079606276 0.9999997 -0.00010746966 0.86383927
-0.0006488984 0.0001956395 -0.0016814609 0.99999017 0.0006294033 -0.004387942 -0.0006302899 0.99999976 -0.00020067747 0.86383927
-0.00081126334 0.00013911801 -0.0021265075 0.99998444 0.0004825009 -0.0055517196 -0.00048390662 0.9999999 -0.0002518583 0.86383927
-0.0007708451 0.0001041485 -0.0020286378 0.99998593 0.0003778441 -0.0052959714 -0.0003791175 0.9999999 -0.00023944213 0.86383927
-0.00059494877 7.646781e-05 -0.0015695924 0.9999916 0.00028159138 -0.00409685 -0.00028234936 0.99999994 -0.00018443486 0.86383927
-0.0012250784 2.0385927e-05 -0.001517161 0.99999595 0.00023347505 -0.002827393 -0.0002336611 1.0 -6.547328e-05 0.86174667
-0.0014890773 -1.3528523e-05 -0.0014750547 0.99999535 0.00018866271 -0.0030420707 -0.00018881321 1.0 -4.9184742e-05 0.86174667
-0.0010462934 -9.715812e-06 -0.0010409977 0.99999785 0.0001313835 -0.002075696 -0.00013145055 1.0 -3.2169315e-05 0.86174667
-0.0014572687 -1.02979175e-05 -0.0020003829 0.9999815 0.00018496532 -0.0060745366 -0.00018622098 0.99999994 -0.00020614431 0.86174667
-0.0014560012 -3.7212405e-05 -0.0014567182 0.9999894 0.00012449778 -0.004602339 -0.00012505136 1.0 -0.00011999475 0.86174667
-0.0010031561 -2.871098e-05 -0.0009489133 0.99999535 7.871193e-05 -0.0030470942 -7.894223e-05 1.0 -7.545853e-05 0.86174667
-0.0009228034 -1.4709221e-05 -0.0011577698 0.9999941 9.672251e-05 -0.00343752 -9.709664e-05 1.0 -0.00010867138 0.859654
-0.00080277736 -3.082685e-06 -0.001241876 0.9999938 0.00010466962 -0.0035232808 -0.00010511609 1.0 -0.00012653452 0.8575614
-0.0012075857 2.7679002e-05 -0.0026093486 0.9999753 0.00022471762 -0.0070238933 -0.00022678495 0.99999994 -0.0002935332 0.8575614
-0.0009977875 2.8822913e-05 -0.0022952508 0.99998116 0.00019906093 -0.006134818 -0.0002006684 0.99999994 -0.00026140775 0.8575614
-0.0010651483 2.095764e-05 -0.0020643277 0.9999912 0.00018936573 -0.004198752 -0.00019003946 0.99999994 -0.00016005714 0.8575614
-0.0011214903 -5.610338e-06 -0.0017902618 0.9999857 0.0001416944 -0.0053426926 -0.00014275294 1.0 -0.00019774525 0.85546875
-0.00078667357 -6.208822e-06 -0.0012079331 0.9999933 9.5552045e-05 -0.0036564292 -9.603936e-05 1.0 -0.00013310066 0.85546875
-0.0007218543 8.133553e-06 -0.0014075366 0.9999919 0.000118053984 -0.0040188152 -0.000118702665 1.0 -0.0001611712 0.8533761
-0.00066020293 1.2566408e-05 -0.0013937049 0.9999925 0.00011752722 -0.0038674765 -0.00011814915 1.0 -0.0001605852 0.8512835
-0.0004890203 8.402298e-06 -0.0010268436 0.99999595 8.474178e-05 -0.002849786 -8.5079126e-05 1.0 -0.00011825372 0.8512835
-0.0005212949 1.4060868e-05 -0.0012051351 0.99999464 0.00010140029 -0.0032649226 -0.00010185878 1.0 -0.00014026249 0.8512835
-0.00052149285 -0.0004932081 -0.0013919058 0.99999225 -0.0012531063 -0.0037288833 0.0012527133 0.9999992 -0.000107716856 0.84919083
-0.00034898918 -0.0003507857 -0.00094034907 0.9999964 -0.00089345017 -0.0025180294 0.0008932796 0.9999996 -6.88356e-05 0.8261719
-0.00025416326 -0.00013187424 -0.0006570236 0.9999984 -0.00032020014 -0.0017571053 0.0003200952 0.99999994 -6.0005113e-05 0.8261719
-0.00017927591 6.456472e-05 -0.00042566785 0.99999934 0.00019336613 -0.0011372807 -0.0001934308 1.0 -5.6752862e-05 0.77385604
-0.00027667795 9.932701e-05 -0.00017242128 0.9999989 -0.0012315707 0.00076005276 0.0012315391 0.9999992 4.219129e-05 0.7089844
-0.00024629937 8.3800245e-05 -8.751455e-05 0.9999986 -0.0013214782 0.0010222055 0.0013214216 0.9999991 5.598853e-05 0.7089844
-0.0002395899 5.12103e-06 0.0010988782 0.99999255 0.00041835447 0.0038310592 -0.00041922356 0.9999999 0.00022605271 0.6545759
3.686241e-05 -9.2357e-06 0.0014029873 0.9999888 0.0018006099 0.004380564 -0.0018016397 0.99999833 0.00023113532 0.61481583
2.429145e-05 -9.699226e-06 0.0009671892 0.99999535 0.0012946045 0.002751083 -0.0012950138 0.99999917 0.00014699205 0.61481583
-0.00012682329 -0.00068873673 0.0011602325 0.9999958 -0.00073149765 0.0027869397 0.0007324063 0.9999997 -0.00032501726 0.5876116
-0.00074010534 -0.000601157 0.0014821164 0.99999475 -0.00062707 0.003186482 0.00062747224 0.9999998 -0.00012524312 0.5562221
-0.0005137511 -0.0004531339 0.000941996 0.99999785 -0.0005826209 0.001978733 0.00058288063 0.9999998 -0.00013067285 0.5562221
-0.00030989386 -0.0009896061 0.00062267727 0.9999971 -0.0020023691 0.0013388677 0.0020032092 0.9999978 -0.0006265348 0.516462
-0.00018430913 -0.00067355885 0.0003687893 0.99999875 -0.0013841655 0.0007907262 0.0013845143 0.9999989 -0.0004407656 0.44949776
7.833898e-05 -0.00054686813 0.0008696947 0.9999976 0.00036758778 0.0021559515 -0.00036697224 0.9999999 -0.0002859021 0.36997768
8.964105e-05 -0.0003881843 0.00077943987 0.999998 0.0005554009 0.0019502443 -0.00055505586 0.9999998 -0.00017744799 0.36997768
0.00023119446 -0.000243876 0.0009990046 0.99999666 0.00040172975 0.0025618984 -0.0004016213 0.99999994 -4.2833803e-05 0.26325336
0.000138795 -0.0007559839 0.001551304 0.99997824 -0.0012157504 0.006486689 0.0012141396 0.9999992 0.00025225227 0.13769531
8.152372e-05 -0.00053115585 0.0011033587 0.9999881 -0.0009656813 0.004785595 0.00096475135 0.9999995 0.00019662023 0.13769531
-0.00041900523 -0.0003111491 0.0014195733 0.9998658 0.0010741344 0.016347833 -0.0010862756 0.99999917 0.0007338192 0.012137277
-0.0004884597 -0.00085531565 0.0026478765 0.9995165 -0.0006178991 0.031086845 0.00059040193 0.9999994 0.0008936998 0.0
-0.0003485871 -0.0006587737 0.0019882896 0.99975646 -0.00060395425 0.022061769 0.00059092714 0.99999964 0.0005969989 0.0
-7.459939e-05 0.00018962412 0.002389955 0.9997448 0.0018792789 0.022514496 -0.0018739508 0.9999982 -0.0002577438 0.0
0.0002211285 0.00011228782 0.0010463857 0.9999146 0.0018414438 0.012940581 -0.001855612 0.9999977 0.0010829539 0.0
7.096874e-05 0.00010115319 -7.8610596e-05 0.9999857 0.0013417748 0.005179585 -0.0013452325 0.99999887 0.0006640906 0.0
1.536857e-05 7.909464e-05 -0.00039939085 0.9999978 0.00083818287 0.0019262463 -0.00083895714 0.9999996 0.000401166 0.0
7.119586e-05 5.5883833e-05 -0.00033771215 0.9999998 0.0003558782 0.0005177271 -0.00035599788 0.9999999 0.00023105473 0.0
-0.00018518277 0.00014725921 -0.00077711797 0.99999934 -0.0002632947 -0.0011031175 0.0002618231 0.99999905 -0.0013339773 0.0
-0.00025541146 0.00013745311 -0.00076718384 0.9999991 -0.00036058828 -0.0013009608 0.00035870078 0.99999887 -0.0014507722 0.0
-0.00023426427 -8.200019e-06 -0.00053720805 0.9999995 0.00024749164 -0.00095621037 -0.0002470956 0.9999999 0.00041425135 0.0
-0.00083204336 0.000104921004 -0.0014367063 0.99999774 -0.00021117121 -0.00211995 0.00020873487 0.99999934 -0.0011493994 0.0
-0.00077901094 0.00010139051 -0.0012969682 0.9999983 -0.0002452679 -0.0018389153 0.00024310999 0.9999993 -0.001173601 0.0
-0.0009842488 8.483256e-05 -0.0019533962 0.9999915 -5.6202753e-05 -0.0041298526 5.2569918e-05 0.9999996 -0.0008797559 0.0
-0.0011806081 7.820221e-05 -0.0025442955 0.9999814 8.495024e-05 -0.006098042 -8.9273366e-05 0.99999976 -0.0007086689 0.0
-0.00089179864 6.1452076e-05 -0.0019604429 0.99998844 6.003222e-05 -0.004808815 -6.274372e-05 0.9999998 -0.00056371087 0.0
-0.001272465 7.320108e-05 -0.002957148 0.9999697 0.00018180395 -0.0077783093 -0.0001864476 0.9999998 -0.0005962797 0.0
-0.001070332 -3.1709555e-05 -0.0025333676 0.9999766 0.0006343283 -0.006817188 -0.0006286068 0.99999946 0.0008413812 0.0
-0.0012251523 -7.0821407e-06 -0.0029023343 0.99996924 0.0005686708 -0.007825157 -0.0005645653 0.9999997 0.0005268532 0.0
-0.00092506025 -2.911882e-06 -0.0021990319 0.99998236 0.00041347192 -0.00592944 -0.0004113747 0.9999999 0.00035491525 0.0
-0.001057836 2.3854082e-05 -0.0025094359 0.9999771 0.00032788722 -0.0067552896 -0.0003278534 0.99999994 6.114205e-06 0.0
-0.0012009226 3.70158e-05 -0.0028455462 0.9999706 0.00031872166 -0.007658629 -0.00031980718 0.99999994 -0.00014051626 0.0
-0.0008813202 2.7972186e-05 -0.002093791 0.9999841 0.00023001815 -0.0056326613 -0.00023066073 0.99999994 -0.00011343416 0.0
-0.0010001519 -1.2442841e-05 -0.0012971155 0.9999924 -0.0012349292 -0.0037009313 0.0012347779 0.9999992 -4.31738e-05 0.0
-0.00064343266 -1.2379649e-05 -0.00075295015 0.99999744 -0.00066588895 -0.0021770275 0.00066585344 0.99999976 -1.705648e-05 0.0
-0.00088658405 5.3196345e-06 -0.0014971825 0.99999136 -0.0002666071 -0.0041480125 0.0002661121 0.99999994 -0.00011988071 0.0
-0.0010403104 -7.942014e-05 0.00020666663 0.99999994 -0.0002604706 3.461526e-05 0.0002604666 0.99999994 0.000115518334 0.0
-0.0006432805 -5.4965003e-05 0.000257403 0.99999994 -0.0001583365 0.00034475376 0.00015830579 1.0 8.907665e-05 0.0
-0.00043976287 6.0370003e-05 0.0002085492 0.99999976 -0.0006031522 0.0003930681 0.0006036778 0.9999989 -0.0013386017 0.0
-0.000708777 1.9362102e-05 0.00018595647 0.9999999 -0.00045480535 0.00019074253 0.00045499273 0.9999994 -0.0009834336 0.0
-0.00050259917 -7.8372344e-05 5.7084333e-05 1.0 0.00016475 -0.00012494202 -0.00016467005 0.99999976 0.0006395683 0.0
-0.00031514154 -6.2697014e-05 -3.938883e-05 0.99999994 0.0001965638 -0.00028035574 -0.00019638734 0.99999976 0.0006293335 0.0
-0.00021468117 4.777602e-05 -5.1824703e-05 0.99999994 -0.00031473138 -0.00018492424 0.00031457457 0.9999996 -0.0008474882 0.0
-0.0010811575 2.6134769e-05 -0.001092485 0.9999935 -0.00165836 -0.0032094698 0.001655817 0.99999833 -0.00079480425 0.0
-0.00072991516 1.6559272e-05 -0.0007558658 0.99999696 -0.0010853101 -0.00221368 0.0010841932 0.9999993 -0.00050569425 0.0
-0.0011273721 -2.492436e-05 -0.0003671576 0.9999996 -0.00089999556 -0.0001136971 0.000899961 0.9999995 -0.00030367737 0.0
-0.0014575509 -3.254872e-05 -0.0007834653 0.99999833 -0.0007490377 -0.0016837378 0.000748469 0.99999964 -0.00033835022 0.0
-0.0011817662 -1.7516773e-05 -0.00090655964 0.9999972 -0.0005754579 -0.0022859927 0.00057476974 0.99999976 -0.0003016607 0.0
-0.0012253319 7.2363764e-06 -0.0017015378 0.9999892 -0.00029189428 -0.00463369 0.00029032995 0.9999999 -0.00033827437 0.0
-0.0015749019 -0.000107030384 -0.0018730622 0.9999847 -0.0011650502 -0.005416201 0.0011706831 0.99999875 0.0010369347 0.0
-0.0015786091 -5.968653e-05 -0.0023469985 0.99997807 -0.000685414 -0.006585427 0.0006891586 0.9999996 0.0005663623 0.0
-0.0012195575 -3.1808246e-05 -0.0019222588 0.9999856 -0.00044560927 -0.005354047 0.00044710148 0.9999999 0.00027751553 0.0
-0.002179693 -7.646308e-05 -0.0022036494 0.9999769 -0.0017159816 -0.0065769004 0.0017169742 0.9999985 0.00014527365 0.0
-0.0037383689 -0.00017845514 -5.7258105e-05 0.9999963 -0.0018872006 -0.0019524356 0.0018853981 0.9999978 -0.0009246407 0.0
-0.002667724 -0.00011957395 -0.00016769525 0.9999976 -0.0013430911 -0.0017221833 0.0013418215 0.9999988 -0.0007381079 0.0
-0.0025939532 -0.00020646706 -0.00085051183 0.99999183 -0.001947243 -0.003534465 0.0019503424 0.99999774 0.0008736972 0.0
-0.0029879708 0.00034652636 -0.0008646979 0.9999966 -0.0005504122 -0.0025441449 0.0005486894 0.99999964 -0.0006778075 0.0
-0.0020242194 0.0002451441 -0.0005729669 0.99999857 -0.0004136548 -0.0016387219 0.00041277098 0.99999976 -0.0005396414 0.0
-0.0027949212 -0.0005615696 0.0013906317 0.99999404 -0.0031844848 0.0013381679 0.0031853206 0.99999475 -0.00062300323 0.0
-0.0029693637 0.00018084509 0.0003067037 0.99999595 -0.0024067466 -0.0015210869 0.0024069208 0.9999971 0.00011261048 0.0
-0.0024709515 0.00014562512 8.221761e-05 0.99999726 -0.0016110507 -0.001691348 0.0016113243 0.9999987 0.0001604045 0.0
-0.0017571128 0.000106790016 3.0164083e-05 0.9999985 -0.001171796 -0.001281099 0.0011719627 0.9999993 0.0001293067 0.0
-0.0015826516 -0.000527969 0.00020095153 0.99999744 -0.002172507 -0.00061973894 0.002172252 0.99999756 -0.0004123031 0.0
-0.0015150821 -0.00047306728 0.0018708513 0.9999892 -0.0027706143 0.00373617 0.0027704732 0.9999962 4.2964966e-05 0.0
-0.0011376665 -0.00034585275 0.0014709311 0.99999344 -0.002073954 0.0029736122 0.0020737934 0.99999785 5.7085257e-05 0.0
-0.0009244223 -0.00018342039 0.00014034852 0.9999993 -0.0011903697 -0.00024528865 0.0011903516 0.9999993 -7.417498e-05 0.0
-0.0006656922 -0.00017506268 0.0012207646 0.99999607 -0.0008792553 0.0026656287 0.0008788645 0.9999996 0.00014779897 0.0
-0.00038248845 -0.00010751474 0.00084022095 0.9999982 -0.0002937875 0.0018812406 0.00029358634 0.99999994 0.000107206964 0.0
-0.0006646436 -0.00016314708 0.0018764206 0.99999046 -0.000264189 0.004355645 0.00026281926 0.99999994 0.00031504733 0.0
-0.0013998549 0.0009167264 0.00274678 0.99997735 0.0027130789 0.006155649 -0.0027194887 0.99999577 0.0010331674 0.0
-0.0010328911 0.0007436541 0.0020084064 0.9999875 0.00219991 0.004497266 -0.0022032736 0.9999973 0.0007430865 0.0
-0.0014785969 -0.00019860092 0.002717992 0.9999806 -0.0014529577 0.006056114 0.0014519657 0.9999989 0.00016819108 0.0
-0.0015818218 0.00039707666 0.0020982735 0.9999894 -0.0014590626 0.004367767 0.001455657 0.9999986 0.0007828099 0.0
-0.0014382934 -0.0003478399 0.0021738363 0.9999723 -0.004403967 0.0060020583 0.0044030654 0.9999903 0.00016341868 0.0
-0.0010531066 -0.00042677176 0.0017164213 0.99998003 -0.0040357052 0.004868549 0.0040358505 0.99999183 -2.0097226e-05 0.0
-0.0011054202 0.00024212795 0.0016562648 0.9999932 -0.0026882463 0.00251545 0.0026866836 0.9999962 0.0006244607 0.0
-0.0014167912 -0.00046973838 0.0019952073 0.9999885 -0.0034937984 0.0032809833 0.0034937323 0.9999939 2.5877906e-05 0.0
-0.0008619213 -0.00032331486 0.0012659759 0.99999535 -0.0022124904 0.0021082065 0.0022125249 0.99999756 -1.3999462e-05 0.0
-0.0007296544 0.00033654465 0.00011541405 0.99999505 -0.003064696 -0.0006714295 0.003064979 0.99999523 0.0004212109 0.0
