0.0 0.0 0.0 0.0 0.0 0.0 0.0 800.0
0.0 0.0 0.0 0.0 0.0 0.0 0.0 800.0
0.0 0.0 0.0 0.0 0.0 0.0 0.0 800.0
0.0 0.0 0.0 0.0 0.0 0.0 0.0 800.0
0.0 0.0 0.0 0.0 0.0 0.0 0.0 800.0
0.0 0.0 0.0 0.0 0.0 0.0 0.0 800.0
0.0 0.0 0.0 0.0 0.0 0.0 0.0 800.0
0.0 0.0 0.0 0.0 0.0 0.0 0.0 800.0
0.0 0.0 0.0 0.0 0.0 0.0 0.0 800.0
0.0 0.0 0.0 0.0 0.0 0.0 0.0 800.0
0.0 0.0 0.0 0.0 0.0 0.0 0.0 800.0
0.0 0.0 0.0 0.0 0.0 0.0 0.0 800.0
0.0 0.0 0.0 0.0 0.0 0.0 0.0 800.0
0.0 0.0 0.0 0.0 0.0 0.0 0.0 800.0
0.0 0.0 0.0 0.0 0.0 0.0 0.0 800.0
0.0 0.0 0.0 0.0 0.0 0.0 0.0 800.0
0.0 0.0 0.0 0.0 0.0 0.0 0.0 800.0
0.0 0.0 0.0 0.0 0.0 0.0 0.0 800.0
0.0 0.0 0.0 0.0 0.0 0.0 0.0 800.0
0.0 0.0 0.0 0.0 0.0 0.0 0.0 800.0
0.0 0.0 0.0 0.0 0.0 0.0 0.0 800.0
0.0 0.0 0.0 0.0 0.0 0.0 0.0 800.0
0.0 0.0 0.0 0.0 0.0 0.0 0.0 800.0
0.0 0.0 0.0 0.0 0.0 0.0 0.0 800.0
0.0 0.0 0.0 0.0 0.0 0.0 0.0 800.0
0.0 0.0 0.0 0.0 0.0 0.0 0.0 800.0
0.0 0.0 0.0 0.0 0.0 0.0 0.0 800.0
0.0 0.0 0.0 0.0 0.0 0.0 0.0 800.0
0.0 0.0 0.0 0.0 0.0 0.0 0.0 800.0
0.0 0.0 0.0 0.0 0.0 0.0 0.0 800.0
0.0 0.0 0.0 0.0 0.0 0.0 0.0 800.0
0.0 0.0 0.0 0.0 0.0 0.0 0.0 800.0
0.0 0.0 0.0 0.0 0.0 0.0 0.0 800.0
0.0 0.0 0.0 0.0 0.0 0.0 0.0 800.0
0.0 0.0 0.0 0.0 0.0 0.0 0.0 800.0
0.0 0.0 0.0 0.0 0.0 0.0 0.0 800.0
0.0 0.0 0.0 0.0 0.0 0.0 0.0 800.0
0.0 0.0 0.0 0.0 0.0 0.0 0.0 800.0
0.0 0.0 0.0 0.0 0.0 0.0 0.0 800.0
0.0 0.0 0.0 0.0 0.0 0.0 0.0 800.0
0.0 0.0 0.0 0.0 0.0 0.0 0.0 800.0
0.0 0.0 0.0 0.0 0.0 0.0 0.0 800.0
0.0 0.0 0.0 0.0 0.0 0.0 0.0 800.0
0.0 0.0 0.0 0.0 0.0 0.0 0.0 800.0
0.0 0.0 0.0 0.0 0.0 0.0 0.0 800.0
0.0 0.0 0.0 0.0 0.0 0.0 0.0 800.0
0.0 0.0 0.0 0.0 0.0 0.0 0.0 800.0
0.0 0.0 0.0 0.0 0.0 0.0 0.0 800.0
0.0 0.0 0.0 0.0 0.0 0.0 0.0 800.0
0.0 0.0 0.0 0.0 0.0 0.0 0.0 800.0
0.0 0.0 0.0 0.0 0.0 0.0 0.0 800.0
0.0 0.0 0.0 0.0 0.0 0.0 0.0 800.0
0.0 0.0 0.0 0.0 0.0 0.0 0.0 800.0
0.0 0.0 0.0 0.0 0.0 0.0 0.0 800.0
0.0 0.0 0.0 0.0 0.0 0.0 0.0 800.0
0.0 0.0 0.0 0.0 0.0 0.0 0.0 800.0
0.0 0.0 0.0 0.0 0.0 0.0 0.0 800.0
0.0 0.0 0.0 0.0 0.0 0.0 0.0 800.0
0.0 0.0 0.0 0.0 0.0 0.0 0.0 800.0
0.0 0.0 0.0 0.0 0.0 0.0 0.0 800.0
0.0 0.0 0.0 0.0 0.0 0.0 0.0 800.0
0.0 0.0 0.0 0.0 0.0 0.0 0.0 800.0
0.0 0.0 0.0 0.0 0.0 0.0 0.0 800.0
-0.03269947710407913 0.046637555816946064 -0.01158738873028449 0.04692466418328001 -0.005869957274669462 0.0635128893395096 -0.018738927065909818 800.0
-0.03246252242428897 0.04701513035921501 -0.011248024249368826 0.0473172535082198 -0.005409400667159374 0.06334534947434722 -0.01812254701960998 800.0
-0.029712830958833147 0.04562745669598811 -0.004013229911833943 0.04957916534731399 -0.0014741163047860878 0.06671981318182563 -0.010362274417725916 800.0
-0.03770069558590042 0.04729362006500648 -0.015916024516173785 0.04107538333116589 -0.009983372415800494 0.060926398734669096 -0.02428518712540577 800.0
-0.03776330660064521 0.0492607600851358 -0.017184467085036112 0.04104398371512441 -0.010575704359149419 0.05840400643768984 -0.025387441610970105 800.0
-0.035537560707890256 0.047000086592403845 -0.008124300816876442 0.04471953579100396 -0.005056022423037669 0.06479216748509153 -0.015448111986749141 800.0
-0.033280959166699306 0.05165165763811885 -0.01219906661096528 0.045588420919655315 -0.006941731003216217 0.0614189092894768 -0.01330009866213892 800.0
-0.027060851319387867 0.04931395136671246 -0.002993437946915936 0.05066201181711549 -0.0013230930756225282 0.06525003408162044 -0.0009627520098771242 800.0
-0.02658073953722278 0.04875077737513722 -0.0029670549409968813 0.05126244685897918 -0.001681629049809015 0.06538840647787425 -0.0013086405177562092 800.0
-0.018213731762564064 0.04162209932195737 0.008836986564013648 0.05400741102304951 0.0065544017343880275 0.06847496333168057 0.014463307401786037 800.0
-0.024372610157131047 0.0322944891868594 0.015685958179174075 0.05424386142393245 0.01092116901011875 0.06707904674454768 0.023573833192884447 800.0
-0.0433168056392331 0.03560884426227906 -0.001342206178393951 0.03664481431142397 -0.018646020663531257 0.0661876167776303 -0.02797402232226046 800.0
-0.04228230027379444 0.03812588344378687 -0.005261719917700105 0.02191556573692821 -0.02978051655587198 0.05812630352309878 -0.044279447311093276 800.0
-0.027093058965816513 0.0296371669704385 -0.002142684836333182 0.008984607763803498 -0.022011075590911974 0.03384643027126577 -0.03824034619726173 800.0
-0.019932886708106237 0.021189501144637357 0.016088743283309965 0.02954607596700387 -0.008476756553144504 0.053021250448338275 -0.012948445939650555 800.0
-0.008268512604907921 0.0142957446801657 0.03149954060866474 0.05064179351409104 0.0036890341763299896 0.07379510667649392 0.02007572621424751 800.0
-0.019002644122800574 0.004033900959566017 -0.014336746492210454 -0.0018379234169613179 -0.013687947778441626 0.010379896201873073 -0.013657428694113724 800.0
-0.017409670770529517 0.0013001322782556501 -0.02093532893093942 -0.013394563873689092 -0.013758100420742395 -0.002782838011037958 -0.013934399236002766 800.0
-0.004929529433949101 -0.008903009339234713 -0.010531961542150104 -0.0061638376877654055 -0.004853764318234515 0.012499254596797238 0.0038890671857985185 800.0
-0.008816897593676543 -0.0109245042276922 0.013853683859902283 0.006881104114945802 0.010851102735960391 0.024986252862010616 0.026537638868459723 800.0
-0.002249641393677476 -0.009441561118224473 0.03530440551062183 0.023544896795824166 0.02147094167176285 0.04167156226691304 0.04821600999656106 800.0
0.0007948586452821427 -0.009821898133265172 0.0380406491259105 0.024348140134561547 0.019839154829452154 0.039990733048252514 0.051250041175990364 800.0
0.004961065989465441 -0.009592767521243717 0.0402596084413868 0.03632803359418613 0.020174140283631122 0.056157374104682356 0.058156323270479926 800.0
0.005222945936361009 -0.00824265458066209 0.036874828095892855 0.028789504094076546 0.018678461052683292 0.04698376633552148 0.05373665731367489 800.0
0.008070110454985971 -0.007790269362141999 0.0411073592205423 0.03539546192049514 0.022886737037612594 0.05505511348188752 0.058109061781492624 800.0
0.011157723250748153 -0.003866657723438638 0.045214792241636936 0.031462740975810366 0.026252447212165127 0.049162527198821415 0.06099284874099405 800.0
0.01804584552534734 -0.0024049759489181977 0.035218851588351016 0.026579878417586134 0.020768215650666454 0.04324742169028517 0.05715603976964875 800.0
-0.004042552172767208 0.008575480841723992 -0.026464261385381077 -0.04906219581259863 -0.01585674025700775 -0.07246493319940295 -0.036056344191611835 800.0
0.016165901137082758 -0.004171367962108152 0.030388712094040406 0.014946116033336065 0.018789065596371567 0.03241785564257382 0.04900415319819866 800.0
0.018609474524257832 -0.004320574017584788 0.047009351616318876 0.027992821069575458 0.027153124151369157 0.0467109010708453 0.06101100308337533 800.0
0.04826396785372758 -0.0021967083036208424 0.02212880616554492 0.028414044060332988 0.010058968857110068 0.04370552316518461 0.06601035000556775 800.0
-0.03950414651344844 0.014947525295744946 -0.011088719982868228 -0.0799940665391744 0.025340831674333947 0.026957795171724808 0.01803061377150407 800.0
-0.013205187733534435 0.02176736608377683 -0.005821550949650867 -0.08481776803331997 0.03239920914607394 0.026116974318998842 0.019800390405575782 800.0
-0.005175176432071951 0.016630404492648077 -0.024066113560961236 -0.08860954597999371 0.02245299384020083 0.02224162074750291 0.016339862567790756 800.0
-0.03310928482879061 0.021572018698206907 -0.03148832992771136 -0.07928749310430316 0.028992274210889853 0.01670411847467035 0.006389228832469493 800.0
-0.0341637007672841 0.02127783095113822 -0.031537761378644606 -0.07953850544066532 0.02786325583916867 0.01573893754508915 0.005917435118360015 800.0
-0.008280872397062475 0.00875290315859989 -0.017846144104833175 -0.0378602389437509 -0.022558372894721186 -0.07357393138826707 -0.04670040383946 800.0
-0.029288185205564518 0.027451409266878946 -0.024483076671720096 -0.07590001255131373 0.03939213832494012 0.013126778509782167 0.01744524325333005 800.0
-0.004649420484995531 0.01000915359468657 -0.011586669812101102 -0.027481058686665172 -0.02393431621852876 -0.07970939565123158 -0.04541256413883704 800.0
-0.022725329705598388 0.037319009611985976 -0.008097499159150572 -0.053762487451940455 0.06126086377682391 0.005061416895344895 0.036828860829908744 800.0
-0.0026224899096875393 0.011604506774047563 -0.0057767579390637785 -0.020234247316522902 -0.021379909457909116 -0.08487216918882812 -0.04189602178258056 800.0
-0.002351384102142584 0.030526364806773287 -0.0024610365918555643 -0.022444684787123914 0.07409716372458666 0.0073734686291075935 0.05484554454589313 800.0
0.004419573371022237 0.026993299367174872 0.004073316620380567 -0.009816831559049555 0.0745532075617159 0.007874634403309155 0.059318432595758405 800.0
-0.0028374191654092634 0.027135921372733796 0.008724537277745963 -0.0036588517788707087 0.07493200475982936 0.012159366348632572 0.05833892824996621 800.0
-0.004505756034153152 0.023483994690048582 0.008684586191757236 -0.0027635399738952238 0.07240882078596092 0.013931409739321499 0.06251415408138242 800.0
-0.0041703400853115025 0.04865243823346843 0.009074580147659536 0.00465307322080466 0.059361477163869816 0.014220546483042273 0.06152674628894261 800.0
0.0039740009315143016 0.023777373635894383 0.019227064624661352 0.008274912817802349 0.06575927734736911 0.01031979683205031 0.06745301223406747 800.0
0.0009983048829297486 0.04726712036892189 0.015128179451225379 0.018536501073283196 0.0541454332236337 0.020877237777849 0.06184474139031093 800.0
0.010537148449040579 0.011852222233694532 0.0252889408187189 0.025137722520782724 0.062296086932118994 0.018084461755619285 0.06533917282440052 800.0
0.011682260719706239 0.0038076244043468987 0.024996980642096343 0.02419850913630983 0.0577581669381301 0.015326461494495014 0.05941219377824647 800.0
0.005303864124343957 0.037934615630505875 0.01673558300246593 0.040231051200033674 0.04551315091530542 0.03484532310122335 0.05786685834703753 800.0
0.000867740173014192 0.011144779046475262 -0.011803220564633836 -0.016193063845168165 -0.029682725746578098 -0.07710895824265185 -0.05144564068599691 800.0
0.0011032567589941145 0.012812486411239998 -0.011177733668817712 -0.017474486658931032 -0.029231787078144805 -0.07777760013850221 -0.05000471121239092 800.0
-0.0018996292094232425 0.01377547166735138 -0.010135555264106727 -0.018568155985395518 -0.027572775474409922 -0.07914646974753303 -0.04831873623284824 800.0
-0.001942616896673327 0.013407877052586281 -0.009768704970505755 -0.018488820791655813 -0.02684710339202309 -0.07984694890042476 -0.047779585308159706 800.0
-0.0005732474211369576 0.014910649127840292 -0.007754156212896664 -0.01553665438174201 -0.02677957909123521 -0.0816027714992793 -0.045822169190922996 800.0
-0.0005263724277194404 0.01166179241420795 -0.008089863525380908 -0.014823136428093298 -0.027853359394773125 -0.08076001892162332 -0.04775525079543358 800.0
0.0007900988725269287 0.010592244101139348 -0.006325363828408516 -0.010079651336371676 -0.02998275975265266 -0.08029169007017511 -0.04898825505504967 800.0
0.0008296353094434383 0.010571787745625838 -0.006278917095007476 -0.009968193520872526 -0.03000551702750129 -0.08027938338859886 -0.04902702191463307 800.0
0.002664501951445991 0.00975677479933662 -0.0036083553810759977 -0.0034552420560003405 -0.03196064982098576 -0.0799286720905601 -0.04962530694619535 800.0
0.003685349479055619 0.010586278017786832 -0.002500189747765523 -0.0007346550355523673 -0.031586629315063744 -0.08019045360404564 -0.04938961681812701 800.0
0.006640365990974811 0.011061986032964433 0.0019822969377678093 0.010565493950105309 -0.0336647657410451 -0.07874311188608996 -0.04882811402305523 800.0
0.011087629952865927 0.014916577752319193 0.00914815383544576 0.030542987412431 -0.03508785603389854 -0.07300507516071075 -0.045575198641781264 800.0
0.00867528893818302 0.01821016303843792 0.010047386547660422 0.02716986121125098 -0.03391994009809232 -0.07529860305322766 -0.043971991440576036 800.0
-0.0040409383147591155 0.021693335579289152 -0.011492354983752964 -0.02294937793202423 -0.021050318597254217 -0.07994628954844085 -0.04494214851152707 800.0
0.013415003229394429 0.023786138104200605 0.0182718050958032 0.04258795465750698 -0.033760913552972546 -0.06900993094673091 -0.034705831294906106 800.0
-0.010985537683752211 0.02393336136904417 -0.0037894778008663935 -0.02248870900283806 -0.018661313049478573 -0.07965692331202368 -0.045748660794516637 800.0
-0.011432305598990111 0.02378180663376206 -0.0035772403276669966 -0.022318018524094096 -0.01855247618179183 -0.0795863903532712 -0.04598531897010979 800.0
0.005192335892034328 0.010644750201067033 0.012861306076883017 0.025516244660413467 -0.01228488498920035 -0.08549679085190043 -0.039782123628539 800.0
0.0066051378715422104 0.013085605807105494 0.017633781617040337 0.03668596282039838 -0.013884878286678518 -0.0818898668898147 -0.0350654931223616 800.0
0.006539138800493907 0.013600091512525114 0.016939047497758944 0.03689672130879218 -0.013932287969031287 -0.08188503660429292 -0.03499585594596037 800.0
0.007032714544897317 0.016135736624974917 0.021743720335299067 0.0459506663607987 -0.015993706862484247 -0.07753035126885521 -0.02896846198200992 800.0
-0.0048421354810821715 0.024577702208728402 -0.015125434211894585 -0.03445043305318374 -0.017484240447657104 -0.07760324745356595 -0.040359837723915534 800.0
-0.004826672363014234 0.026881359654260917 -0.015707311156207958 -0.034551122142453594 -0.018723683338228353 -0.0765504674405979 -0.04003805301027298 800.0
-0.0058977935167238565 0.027066707106792542 -0.014282908664104844 -0.036798987305117214 -0.017892832016745686 -0.07595232163367394 -0.0398187625663498 800.0
-0.005560669240007435 0.030797773101494508 -0.01339297369439011 -0.03353807161232969 -0.019461526383571574 -0.07607889244629695 -0.039365635428709314 800.0
-0.004946227410077331 0.029917111171296806 -0.015486941260456188 -0.0332044236569734 -0.020946627413252532 -0.07524687332037172 -0.04046318140104374 800.0
-0.006099320710536579 0.027841398797995687 -0.016861722996823494 -0.03845654330174986 -0.016883939434504017 -0.07390081087708777 -0.0409638147098256 800.0
-0.006241722807146646 0.030763138517231503 -0.01630430202580258 -0.02867382853342071 -0.026398083138661255 -0.07327355254466794 -0.04313675001369353 800.0
-0.005420858471812687 0.03621639823068423 -0.014191802643928237 -0.020546547040165564 -0.03217355164792981 -0.07252094016405519 -0.04172522914432747 800.0
-0.007288613980279704 0.03200725709936125 -0.016439998189654328 -0.020747279667292173 -0.034793034140379334 -0.07014984119348688 -0.045717972406791416 800.0
-0.007365128206132693 0.0318854254436467 -0.016524330807818715 -0.020521693524072626 -0.03486989831338688 -0.06999734714864925 -0.04603631936643304 800.0
-0.008676946752409487 0.055815381835895905 -0.026449595044381304 -0.06679011626255571 -0.017187613711656367 -0.028340518637425482 -0.023457492948994768 800.0
-0.00949673199081677 0.05286059809653487 -0.028093209596504548 -0.0729927057010411 -0.015860191220820486 -0.017538838774078247 -0.020958273027021593 800.0
-0.010498380178788513 0.05335801282622071 -0.02674203282093597 -0.07686450491977348 -0.01333171104012159 0.004706560809698557 -0.014816605919976952 800.0
-0.023538640161778507 0.06590544363158884 -0.011854368472108176 -0.06660204309398021 -0.008120009152311165 0.020393688881831018 -0.006649032113798817 800.0
-0.025307672882845605 0.06734483072349462 -0.008504303967853908 -0.06447230631751288 -0.007246159858096259 0.02274337813297822 -0.005042411983680342 800.0
-0.001145234461942729 0.01172591394243705 -0.006698547928457012 -0.030090763869090598 -0.006150654854199706 -0.08369363928690787 -0.043225119472871096 800.0
0.0022006389026199558 0.007653154813533902 -0.003695670484135853 -0.02406509346595609 -0.0062011390480864355 -0.08845191904858907 -0.0384916042416522 800.0
0.002263261768342073 0.004167673039430497 -0.003298274312824147 -0.020909481835916677 -0.005882759705344659 -0.09017695429406691 -0.0369179245896912 800.0
0.0022132809402779507 0.003331464936744466 -0.003232179090984097 -0.02027977031312661 -0.005738380538812579 -0.09090021772331047 -0.03558803267773891 800.0
0.0022084874674343224 0.0037005077758482385 -0.00322530541300059 -0.020321599767998133 -0.005725601627941293 -0.09090780727990189 -0.03551122181406305 800.0
0.0022084920655404128 0.0036593925261981797 -0.003225707874571465 -0.02026444220835938 -0.005725941486251718 -0.09092122424287519 -0.03551370406055196 800.0
0.002208889705954925 0.0036586163772243108 -0.003225399662780527 -0.02026269566571076 -0.005725661445530189 -0.090921486719309 -0.03551415700262431 800.0
0.002208964985084938 0.0036586634921150774 -0.0032254551706252382 -0.02026272130670881 -0.005725758559690194 -0.09092160094087387 -0.03551381971289044 800.0
0.002208560538620147 0.003658519764955237 -0.003225354090611185 -0.02026254388281984 -0.0057256926915093265 -0.09092156120601014 -0.035514082431168076 800.0
0.0022086188739199875 0.00365859459736273 -0.0032254476548557315 -0.020262714387707104 -0.005725864518810034 -0.09092159466151872 -0.03551385195988488 800.0
0.002100536563013289 0.003478841347831607 -0.0030670100452242915 -0.019268176119159375 -0.005444832738196723 -0.08646007597673389 -0.03377060981125768 800.0
0.0015255378409437526 0.002525839216365122 -0.0022270179828244585 -0.013542169722386366 -0.003951843189455732 -0.0629890801821319 -0.024673604684012806 800.0
0.0011315472155985495 0.001714854526133458 -0.0016290158212136398 -0.00965717152720219 -0.002871833448321641 -0.04289506959733602 -0.017809608708354574 800.0
0.000798538394318038 0.0011608521149654716 -0.0010990116872605267 -0.006651173503199825 -0.0018148271467288354 -0.025297071829110007 -0.011408596223372813 800.0
0.0005665492301429598 0.0009278506598241476 -0.0007770158935600895 -0.005060166263666788 -0.0011528412147399011 -0.01777608156312338 -0.008677609729607239 800.0
0.0005085519390991833 0.000583846264256116 -0.0005360208304447112 -0.0036791744930262382 -0.000900833124044445 -0.011267068104028222 -0.006221599859493304 800.0
0.00036655195115692374 0.0004358423436869874 -0.0003570198623601764 -0.0025681677043768447 -0.0006388417500275828 -0.00805307919306586 -0.004176597574931579 800.0
0.00026855171365744446 0.0003248394032601687 -0.0002570124962209021 -0.0018641716972923605 -0.0003078400573868559 -0.005772073487049334 -0.0029795984140362775 800.0
0.00018854582074601112 0.00022785145672682416 -0.00018102086058906577 -0.0012561687990675918 -0.00027083907724457373 -0.003677067519417876 -0.001976610052792732 800.0
0.00013154336737589145 0.00015884113810293865 -0.00012600808256620424 -0.0010741658646696295 -0.00019482998832021786 -0.0021940787072909362 -0.0013365978160863878 800.0
0.00010154115753410742 0.00012184015796068426 -9.701816369057925e-05 -0.000802173754038793 -0.00015083023787744454 -0.0016520667080840434 -0.0009245953928606332 800.0
7.153894769229563e-05 8.684630645822145e-05 -6.90056291960707e-05 -0.0005891737721254731 -0.00010683048743466428 -0.001167074615539887 -0.0006465993496029554 800.0
5.254976543062062e-05 6.284802924322319e-05 -5.0016446934374875e-05 -0.00043116911494239796 -7.784056855903582e-05 -0.0008810675110154653 -0.0004715951855054634 800.0
3.6545096189832815e-05 4.384139368907025e-05 -3.500661536721961e-05 -0.0003031666676010514 -5.4837129017756836e-05 -0.0004520655808751828 -0.00033060748852939414 800.0
2.7539197249515368e-05 3.384065707512374e-05 -2.7013007393085486e-05 -0.0002301769982827051 -4.1834426090389676e-05 -0.00030807591758574837 -0.0002506015956179608 800.0
2.054042694904501e-05 2.4852211427339732e-05 -1.9019399418954835e-05 -0.00016917774092556348 -2.982656083667934e-05 -0.00022307838301371952 -0.0001846106966000849 800.0
1.4536494322175963e-05 1.6841150160706864e-05 -1.4010304465728735e-05 -0.00011716692921615035 -2.0838115188902273e-05 -0.00015406806438966747 -0.0001276082432299097 800.0
9.544852661469427e-06 1.1849508500028083e-05 -9.018662805022198e-06 -8.116078674752503e-05 -1.4834182562040166e-05 -0.00010706634763368861 -8.959497212149281e-05 800.0
7.53772402167785e-06 8.847542186551927e-06 -7.01153416523409e-06 -5.916963817237386e-05 -1.0837378574976575e-05 -7.807642875790055e-05 -6.460185723294876e-05 800.0
4.553211000762891e-06 5.845575873131281e-06 -5.004405525439043e-06 -4.117529358432792e-05 -7.835412261542052e-06 -5.407815154312434e-05 -4.4600384005055727e-05 800.0
3.540920034600381e-06 3.855900525873146e-06 -3.01473017816703e-06 -2.817259065684974e-05 -4.8334459481214065e-06 -3.8073482302336537e-05 -3.1597681077688566e-05 800.0
2.5460823609713135e-06 3.855900525873146e-06 -2.0198925045310234e-06 -2.216865803006396e-05 -3.838608274478461e-06 -2.90675833620746e-05 -2.360407310353363e-05 800.0
1.5512446873144903e-06 2.843609559710636e-06 -2.0198925045310234e-06 -1.616472540322267e-05 -2.8437706008424546e-06 -2.1073975387864152e-05 -1.7600140476720094e-05 800.0
1.5512446873144903e-06 1.8487718860815683e-06 -1.0076015383719827e-06 -1.1173083742432866e-05 -1.8314796346938222e-06 -1.5070042761022862e-05 -1.2608498816013558e-05 800.0
1.5512446873144903e-06 8.539342124525007e-07 -1.0076015383719827e-06 -8.171117429067731e-06 -1.8314796346938222e-06 -1.0078401100233059e-05 -8.594241536430403e-06 800.0
5.389537211797357e-07 8.539342124525007e-07 -1.0076015383719827e-06 -6.163988789220642e-06 -8.366419610508768e-07 -8.071272460496992e-06 -6.604566189144512e-06 800.0
5.389537211797357e-07 8.539342124525007e-07 -1.0076015383719827e-06 -4.174313441962507e-06 -8.366419610508768e-07 -6.081597113349879e-06 -4.59743754938069e-06 800.0
5.389537211797357e-07 -1.5835675371000946e-07 -1.2763864732506791e-08 -3.162022475799997e-06 -8.366419610508768e-07 -4.07446847350279e-06 -3.602599875751622e-06 800.0
5.389537211797357e-07 -1.5835675371000946e-07 -1.2763864732506791e-08 -2.1671848021709295e-06 -8.366419610508768e-07 -3.0796307997071892e-06 -2.6077622021225544e-06 800.0
5.389537211797357e-07 -1.5835675371000946e-07 -1.2763864732506791e-08 -1.1723471285418618e-06 1.5819571258512966e-07 -2.0673398336557014e-06 -1.595471235904533e-06 800.0
-4.558839524493319e-07 8.539342124525007e-07 -1.2763864732506791e-08 -1.1723471285418618e-06 1.5819571258512966e-07 -1.0725021599711226e-06 -1.595471235904533e-06 800.0
-4.558839524493319e-07 -1.5835675371000946e-07 -1.2763864732506791e-08 -1.1723471285418618e-06 1.5819571258512966e-07 -1.0725021599711226e-06 -6.006335622754655e-07 800.0
5.389537211797357e-07 -1.5835675371000946e-07 -1.2763864732506791e-08 -1.1723471285418618e-06 1.5819571258512966e-07 -1.0725021599711226e-06 -6.006335622754655e-07 800.0
-4.558839524493319e-07 -1.5835675371000946e-07 -1.2763864732506791e-08 -1.7750945491279424e-07 1.5819571258512966e-07 -7.766448639756618e-08 -6.006335622754655e-07 800.0
5.389537211797357e-07 -1.5835675371000946e-07 -1.2763864732506791e-08 -1.7750945491279424e-07 1.5819571258512966e-07 -7.766448639756618e-08 -6.006335622754655e-07 800.0
-4.558839524493319e-07 -1.5835675371000946e-07 -1.2763864732506791e-08 -1.7750945491279424e-07 1.5819571258512966e-07 -7.766448639756618e-08 -6.006335622754655e-07 800.0
5.389537211797357e-07 8.539342124525007e-07 -1.2763864732506791e-08 -1.7750945491279424e-07 1.5819571258512966e-07 -7.766448639756618e-08 3.942041113536021e-07 800.0
-4.558839524493319e-07 -1.5835675371000946e-07 -1.2763864732506791e-08 -1.7750945491279424e-07 -8.366419610508768e-07 -7.766448639756618e-08 3.942041113536021e-07 800.0
5.389537211797357e-07 -1.5835675371000946e-07 -1.2763864732506791e-08 -1.7750945491279424e-07 1.5819571258512966e-07 -7.766448639756618e-08 -6.006335622754655e-07 800.0
-4.558839524493319e-07 -1.5835675371000946e-07 -1.2763864732506791e-08 -1.7750945491279424e-07 1.5819571258512966e-07 -7.766448639756618e-08 3.942041113536021e-07 800.0
5.389537211797357e-07 -1.5835675371000946e-07 -1.2763864732506791e-08 -1.7750945491279424e-07 1.5819571258512966e-07 -7.766448639756618e-08 3.942041113536021e-07 800.0
-4.558839524493319e-07 -1.5835675371000946e-07 -1.2763864732506791e-08 -1.7750945491279424e-07 1.5819571258512966e-07 -7.766448639756618e-08 -6.006335622754655e-07 800.0
-4.558839524493319e-07 8.539342124525007e-07 -1.2763864732506791e-08 -1.7750945491279424e-07 1.5819571258512966e-07 -7.766448639756618e-08 -6.006335622754655e-07 800.0
5.389537211797357e-07 -1.5835675371000946e-07 -1.2763864732506791e-08 -1.7750945491279424e-07 1.5819571258512966e-07 -7.766448639756618e-08 3.942041113536021e-07 800.0
5.389537211797357e-07 -1.5835675371000946e-07 -1.2763864732506791e-08 -1.7750945491279424e-07 -8.366419610508768e-07 -7.766448639756618e-08 3.942041113536021e-07 800.0
-4.558839524493319e-07 -1.5835675371000946e-07 -1.2763864732506791e-08 -1.7750945491279424e-07 1.5819571258512966e-07 -7.766448639756618e-08 -6.006335622754655e-07 800.0
-4.558839524493319e-07 -1.5835675371000946e-07 -1.2763864732506791e-08 -1.7750945491279424e-07 1.5819571258512966e-07 -7.766448639756618e-08 3.942041113536021e-07 800.0
5.389537211797357e-07 -1.5835675371000946e-07 -1.2763864732506791e-08 -1.7750945491279424e-07 1.5819571258512966e-07 -7.766448639756618e-08 3.942041113536021e-07 800.0
-4.558839524493319e-07 8.539342124525007e-07 -1.2763864732506791e-08 8.34781511305227e-07 1.5819571258512966e-07 -7.766448639756618e-08 -6.006335622754655e-07 800.0
5.389537211797357e-07 -1.5835675371000946e-07 -1.2763864732506791e-08 -1.7750945491279424e-07 1.5819571258512966e-07 -7.766448639756618e-08 3.942041113536021e-07 800.0
-4.558839524493319e-07 -1.5835675371000946e-07 -1.2763864732506791e-08 -1.7750945491279424e-07 -8.366419610508768e-07 -7.766448639756618e-08 -6.006335622754655e-07 800.0
-4.558839524493319e-07 -1.5835675371000946e-07 -1.2763864732506791e-08 -1.7750945491279424e-07 1.5819571258512966e-07 -7.766448639756618e-08 3.942041113536021e-07 800.0
5.389537211797357e-07 -1.5835675371000946e-07 -1.2763864732506791e-08 -1.7750945491279424e-07 1.5819571258512966e-07 -7.766448639756618e-08 3.942041113536021e-07 800.0
5.389537211797357e-07 -1.5835675371000946e-07 -1.2763864732506791e-08 8.34781511305227e-07 1.5819571258512966e-07 -7.766448639756618e-08 -6.006335622754655e-07 800.0
-4.558839524493319e-07 8.539342124525007e-07 -1.2763864732506791e-08 -1.7750945491279424e-07 1.5819571258512966e-07 -7.766448639756618e-08 -6.006335622754655e-07 800.0
-4.558839524493319e-07 -1.5835675371000946e-07 -1.2763864732506791e-08 -1.7750945491279424e-07 1.5819571258512966e-07 -7.766448639756618e-08 3.942041113536021e-07 800.0
5.389537211797357e-07 -1.5835675371000946e-07 -1.2763864732506791e-08 -1.7750945491279424e-07 -8.366419610508768e-07 -7.766448639756618e-08 3.942041113536021e-07 800.0
5.389537211797357e-07 -1.5835675371000946e-07 -1.2763864732506791e-08 -1.7750945491279424e-07 1.5819571258512966e-07 -7.766448639756618e-08 3.942041113536021e-07 800.0
-4.558839524493319e-07 -1.5835675371000946e-07 -1.2763864732506791e-08 -1.7750945491279424e-07 1.5819571258512966e-07 -7.766448639756618e-08 -6.006335622754655e-07 800.0
-4.558839524493319e-07 -1.5835675371000946e-07 -1.2763864732506791e-08 8.34781511305227e-07 1.5819571258512966e-07 -7.766448639756618e-08 3.942041113536021e-07 800.0
5.389537211797357e-07 -1.5835675371000946e-07 -1.2763864732506791e-08 -1.7750945491279424e-07 1.5819571258512966e-07 -7.766448639756618e-08 -6.006335622754655e-07 800.0
-4.558839524493319e-07 8.539342124525007e-07 -1.2763864732506791e-08 -1.7750945491279424e-07 1.5819571258512966e-07 -7.766448639756618e-08 3.942041113536021e-07 800.0
-4.558839524493319e-07 -1.5835675371000946e-07 -1.2763864732506791e-08 -1.7750945491279424e-07 -8.366419610508768e-07 -7.766448639756618e-08 3.942041113536021e-07 800.0
5.389537211797357e-07 -1.5835675371000946e-07 -1.2763864732506791e-08 -1.7750945491279424e-07 1.5819571258512966e-07 -7.766448639756618e-08 -6.006335622754655e-07 800.0
5.389537211797357e-07 -1.5835675371000946e-07 -1.2763864732506791e-08 8.34781511305227e-07 1.5819571258512966e-07 -7.766448639756618e-08 3.942041113536021e-07 800.0
-4.558839524493319e-07 -1.5835675371000946e-07 -1.2763864732506791e-08 -1.7750945491279424e-07 1.5819571258512966e-07 -7.766448639756618e-08 3.942041113536021e-07 800.0
-4.558839524493319e-07 -1.5835675371000946e-07 -1.2763864732506791e-08 -1.7750945491279424e-07 1.5819571258512966e-07 -7.766448639756618e-08 -6.006335622754655e-07 800.0
5.389537211797357e-07 8.539342124525007e-07 -1.2763864732506791e-08 -1.7750945491279424e-07 1.5819571258512966e-07 -7.766448639756618e-08 -6.006335622754655e-07 800.0
5.389537211797357e-07 -1.5835675371000946e-07 -1.2763864732506791e-08 -1.7750945491279424e-07 -8.366419610508768e-07 -7.766448639756618e-08 3.942041113536021e-07 800.0
-4.558839524493319e-07 -1.5835675371000946e-07 -1.2763864732506791e-08 -1.7750945491279424e-07 1.5819571258512966e-07 -7.766448639756618e-08 3.942041113536021e-07 800.0
-4.558839524493319e-07 -1.5835675371000946e-07 -1.2763864732506791e-08 8.34781511305227e-07 1.5819571258512966e-07 -7.766448639756618e-08 3.942041113536021e-07 800.0
5.389537211797357e-07 -1.5835675371000946e-07 -1.2763864732506791e-08 -1.7750945491279424e-07 1.5819571258512966e-07 -7.766448639756618e-08 -6.006335622754655e-07 800.0
-4.558839524493319e-07 -1.5835675371000946e-07 -1.2763864732506791e-08 -1.7750945491279424e-07 1.5819571258512966e-07 -7.766448639756618e-08 -6.006335622754655e-07 800.0
5.389537211797357e-07 8.539342124525007e-07 -1.2763864732506791e-08 -1.7750945491279424e-07 1.5819571258512966e-07 -7.766448639756618e-08 3.942041113536021e-07 800.0
-4.558839524493319e-07 -1.5835675371000946e-07 -1.2763864732506791e-08 -1.7750945491279424e-07 1.5819571258512966e-07 -7.766448639756618e-08 3.942041113536021e-07 800.0
-4.558839524493319e-07 -1.5835675371000946e-07 -1.2763864732506791e-08 8.34781511305227e-07 -8.366419610508768e-07 9.34626479764944e-07 3.942041113536021e-07 800.0
5.389537211797357e-07 -1.5835675371000946e-07 -1.2763864732506791e-08 -1.7750945491279424e-07 1.5819571258512966e-07 -7.766448639756618e-08 -6.006335622754655e-07 800.0
5.389537211797357e-07 -1.5835675371000946e-07 -1.2763864732506791e-08 -1.7750945491279424e-07 1.5819571258512966e-07 -7.766448639756618e-08 3.942041113536021e-07 800.0
-4.558839524493319e-07 -1.5835675371000946e-07 -1.2763864732506791e-08 -1.7750945491279424e-07 1.5819571258512966e-07 -7.766448639756618e-08 -6.006335622754655e-07 800.0
-4.558839524493319e-07 8.539342124525007e-07 -1.2763864732506791e-08 -1.7750945491279424e-07 1.5819571258512966e-07 -7.766448639756618e-08 3.942041113536021e-07 800.0
5.389537211797357e-07 -1.5835675371000946e-07 -1.2763864732506791e-08 -1.7750945491279424e-07 1.5819571258512966e-07 -7.766448639756618e-08 3.942041113536021e-07 800.0
-4.558839524493319e-07 -1.5835675371000946e-07 -1.2763864732506791e-08 8.34781511305227e-07 -8.366419610508768e-07 -7.766448639756618e-08 -6.006335622754655e-07 800.0
5.389537211797357e-07 -1.5835675371000946e-07 -1.2763864732506791e-08 -1.7750945491279424e-07 1.5819571258512966e-07 -7.766448639756618e-08 3.942041113536021e-07 800.0
-4.558839524493319e-07 -1.5835675371000946e-07 -1.2763864732506791e-08 -1.7750945491279424e-07 1.5819571258512966e-07 -7.766448639756618e-08 -6.006335622754655e-07 800.0
5.389537211797357e-07 -1.5835675371000946e-07 -1.2763864732506791e-08 -1.7750945491279424e-07 1.5819571258512966e-07 -7.766448639756618e-08 3.942041113536021e-07 800.0
-4.558839524493319e-07 8.539342124525007e-07 -1.2763864732506791e-08 -1.7750945491279424e-07 1.5819571258512966e-07 -7.766448639756618e-08 3.942041113536021e-07 800.0
5.389537211797357e-07 -1.5835675371000946e-07 -1.2763864732506791e-08 -1.7750945491279424e-07 1.5819571258512966e-07 -7.766448639756618e-08 -6.006335622754655e-07 800.0
-4.558839524493319e-07 -1.5835675371000946e-07 -1.2763864732506791e-08 8.34781511305227e-07 -8.366419610508768e-07 9.34626479764944e-07 3.942041113536021e-07 800.0
-4.558839524493319e-07 -1.5835675371000946e-07 -1.2763864732506791e-08 -1.7750945491279424e-07 1.5819571258512966e-07 -7.766448639756618e-08 3.942041113536021e-07 800.0
5.389537211797357e-07 -1.5835675371000946e-07 -1.2763864732506791e-08 -1.7750945491279424e-07 1.5819571258512966e-07 -7.766448639756618e-08 -6.006335622754655e-07 800.0
5.389537211797357e-07 -1.5835675371000946e-07 -1.2763864732506791e-08 -1.7750945491279424e-07 1.5819571258512966e-07 -7.766448639756618e-08 -6.006335622754655e-07 800.0
-4.558839524493319e-07 -1.5835675371000946e-07 -1.2763864732506791e-08 -1.7750945491279424e-07 1.5819571258512966e-07 -7.766448639756618e-08 3.942041113536021e-07 800.0
-4.558839524493319e-07 8.539342124525007e-07 -1.2763864732506791e-08 -1.7750945491279424e-07 1.5819571258512966e-07 -7.766448639756618e-08 3.942041113536021e-07 800.0
5.389537211797357e-07 -1.5835675371000946e-07 -1.2763864732506791e-08 8.34781511305227e-07 1.5819571258512966e-07 -7.766448639756618e-08 3.942041113536021e-07 800.0
-4.558839524493319e-07 -1.5835675371000946e-07 -1.2763864732506791e-08 -1.7750945491279424e-07 -8.366419610508768e-07 -7.766448639756618e-08 -6.006335622754655e-07 800.0
-4.558839524493319e-07 -1.5835675371000946e-07 -1.2763864732506791e-08 -1.7750945491279424e-07 1.5819571258512966e-07 -7.766448639756618e-08 3.942041113536021e-07 800.0
5.389537211797357e-07 -1.5835675371000946e-07 -1.2763864732506791e-08 -1.7750945491279424e-07 1.5819571258512966e-07 -7.766448639756618e-08 -6.006335622754655e-07 800.0
5.389537211797357e-07 -1.5835675371000946e-07 -1.2763864732506791e-08 -1.7750945491279424e-07 1.5819571258512966e-07 -7.766448639756618e-08 3.942041113536021e-07 800.0
-4.558839524493319e-07 8.539342124525007e-07 -1.2763864732506791e-08 -1.7750945491279424e-07 1.5819571258512966e-07 -7.766448639756618e-08 3.942041113536021e-07 800.0
-4.558839524493319e-07 -1.5835675371000946e-07 -1.2763864732506791e-08 8.34781511305227e-07 1.5819571258512966e-07 -7.766448639756618e-08 -6.006335622754655e-07 800.0
5.389537211797357e-07 -1.5835675371000946e-07 -1.2763864732506791e-08 -1.7750945491279424e-07 -8.366419610508768e-07 -7.766448639756618e-08 3.942041113536021e-07 800.0
-4.558839524493319e-07 -1.5835675371000946e-07 -1.2763864732506791e-08 -1.7750945491279424e-07 1.5819571258512966e-07 9.34626479764944e-07 -6.006335622754655e-07 800.0
5.389537211797357e-07 -1.5835675371000946e-07 -1.2763864732506791e-08 -1.7750945491279424e-07 1.5819571258512966e-07 -7.766448639756618e-08 3.942041113536021e-07 800.0
-4.558839524493319e-07 -1.5835675371000946e-07 -1.2763864732506791e-08 -1.7750945491279424e-07 1.5819571258512966e-07 -7.766448639756618e-08 3.942041113536021e-07 800.0
-4.558839524493319e-07 -1.5835675371000946e-07 -1.2763864732506791e-08 8.34781511305227e-07 1.5819571258512966e-07 -7.766448639756618e-08 -6.006335622754655e-07 800.0
5.389537211797357e-07 8.539342124525007e-07 -1.2763864732506791e-08 -1.7750945491279424e-07 1.5819571258512966e-07 -7.766448639756618e-08 -6.006335622754655e-07 800.0
5.389537211797357e-07 -1.5835675371000946e-07 -1.2763864732506791e-08 -1.7750945491279424e-07 -8.366419610508768e-07 -7.766448639756618e-08 3.942041113536021e-07 800.0
-4.558839524493319e-07 -1.5835675371000946e-07 -1.2763864732506791e-08 -1.7750945491279424e-07 1.5819571258512966e-07 -7.766448639756618e-08 3.942041113536021e-07 800.0
-4.558839524493319e-07 -1.5835675371000946e-07 -1.2763864732506791e-08 -1.7750945491279424e-07 1.5819571258512966e-07 -7.766448639756618e-08 3.942041113536021e-07 800.0
5.389537211797357e-07 -1.5835675371000946e-07 -1.2763864732506791e-08 -1.7750945491279424e-07 1.5819571258512966e-07 -7.766448639756618e-08 -6.006335622754655e-07 800.0
-4.558839524493319e-07 -1.5835675371000946e-07 -1.2763864732506791e-08 8.34781511305227e-07 1.5819571258512966e-07 -7.766448639756618e-08 -6.006335622754655e-07 800.0
5.389537211797357e-07 8.539342124525007e-07 -1.2763864732506791e-08 -1.7750945491279424e-07 1.5819571258512966e-07 -7.766448639756618e-08 3.942041113536021e-07 800.0
-4.558839524493319e-07 -1.5835675371000946e-07 -1.2763864732506791e-08 -1.7750945491279424e-07 1.5819571258512966e-07 -7.766448639756618e-08 3.942041113536021e-07 800.0
-4.558839524493319e-07 -1.5835675371000946e-07 -1.2763864732506791e-08 -1.7750945491279424e-07 -8.366419610508768e-07 -7.766448639756618e-08 3.942041113536021e-07 800.0
5.389537211797357e-07 -1.5835675371000946e-07 -1.2763864732506791e-08 -1.7750945491279424e-07 1.5819571258512966e-07 9.34626479764944e-07 -6.006335622754655e-07 800.0
5.389537211797357e-07 -1.5835675371000946e-07 -1.2763864732506791e-08 8.34781511305227e-07 1.5819571258512966e-07 -7.766448639756618e-08 -6.006335622754655e-07 800.0
-4.558839524493319e-07 -1.5835675371000946e-07 -1.2763864732506791e-08 -1.7750945491279424e-07 1.5819571258512966e-07 -7.766448639756618e-08 3.942041113536021e-07 800.0
-4.558839524493319e-07 8.539342124525007e-07 -1.2763864732506791e-08 -1.7750945491279424e-07 1.5819571258512966e-07 -7.766448639756618e-08 3.942041113536021e-07 800.0
5.389537211797357e-07 -1.5835675371000946e-07 -1.2763864732506791e-08 -1.7750945491279424e-07 1.5819571258512966e-07 -7.766448639756618e-08 3.942041113536021e-07 800.0
5.389537211797357e-07 -1.5835675371000946e-07 -1.2763864732506791e-08 -1.7750945491279424e-07 1.5819571258512966e-07 -7.766448639756618e-08 -6.006335622754655e-07 800.0
-4.558839524493319e-07 -1.5835675371000946e-07 -1.2763864732506791e-08 -1.7750945491279424e-07 -8.366419610508768e-07 -7.766448639756618e-08 3.942041113536021e-07 800.0
-4.558839524493319e-07 -1.5835675371000946e-07 -1.2763864732506791e-08 -1.7750945491279424e-07 1.5819571258512966e-07 -7.766448639756618e-08 -6.006335622754655e-07 800.0
5.389537211797357e-07 -1.5835675371000946e-07 -1.2763864732506791e-08 8.34781511305227e-07 1.5819571258512966e-07 -7.766448639756618e-08 3.942041113536021e-07 800.0
-4.558839524493319e-07 -1.5835675371000946e-07 -1.2763864732506791e-08 -1.7750945491279424e-07 1.5819571258512966e-07 -7.766448639756618e-08 3.942041113536021e-07 800.0
5.389537211797357e-07 8.539342124525007e-07 -1.2763864732506791e-08 -1.7750945491279424e-07 1.5819571258512966e-07 -7.766448639756618e-08 -6.006335622754655e-07 800.0
-4.558839524493319e-07 -1.5835675371000946e-07 -1.2763864732506791e-08 -1.7750945491279424e-07 1.5819571258512966e-07 -7.766448639756618e-08 3.942041113536021e-07 800.0
-4.558839524493319e-07 -1.5835675371000946e-07 -1.2763864732506791e-08 -1.7750945491279424e-07 -8.366419610508768e-07 -7.766448639756618e-08 3.942041113536021e-07 800.0
5.389537211797357e-07 -1.5835675371000946e-07 -1.2763864732506791e-08 -1.7750945491279424e-07 1.5819571258512966e-07 9.34626479764944e-07 -6.006335622754655e-07 800.0
5.389537211797357e-07 -1.5835675371000946e-07 -1.2763864732506791e-08 8.34781511305227e-07 1.5819571258512966e-07 -7.766448639756618e-08 -6.006335622754655e-07 800.0
-4.558839524493319e-07 -1.5835675371000946e-07 -1.2763864732506791e-08 -1.7750945491279424e-07 1.5819571258512966e-07 -7.766448639756618e-08 3.942041113536021e-07 800.0
-4.558839524493319e-07 -1.5835675371000946e-07 -1.2763864732506791e-08 -1.7750945491279424e-07 1.5819571258512966e-07 -7.766448639756618e-08 3.942041113536021e-07 800.0
5.389537211797357e-07 8.539342124525007e-07 -1.2763864732506791e-08 -1.7750945491279424e-07 1.5819571258512966e-07 -7.766448639756618e-08 -6.006335622754655e-07 800.0
5.389537211797357e-07 -1.5835675371000946e-07 -1.2763864732506791e-08 -1.7750945491279424e-07 1.5819571258512966e-07 -7.766448639756618e-08 3.942041113536021e-07 800.0
-4.558839524493319e-07 -1.5835675371000946e-07 -1.2763864732506791e-08 8.34781511305227e-07 -8.366419610508768e-07 -7.766448639756618e-08 3.942041113536021e-07 800.0
-4.558839524493319e-07 -1.5835675371000946e-07 -1.2763864732506791e-08 -1.7750945491279424e-07 1.5819571258512966e-07 -7.766448639756618e-08 -6.006335622754655e-07 800.0
5.389537211797357e-07 -1.5835675371000946e-07 -1.2763864732506791e-08 -1.7750945491279424e-07 1.5819571258512966e-07 -7.766448639756618e-08 -6.006335622754655e-07 800.0
-4.558839524493319e-07 -1.5835675371000946e-07 -1.2763864732506791e-08 -1.7750945491279424e-07 1.5819571258512966e-07 -7.766448639756618e-08 3.942041113536021e-07 800.0
5.389537211797357e-07 8.539342124525007e-07 -1.2763864732506791e-08 -1.7750945491279424e-07 1.5819571258512966e-07 -7.766448639756618e-08 3.942041113536021e-07 800.0
-4.558839524493319e-07 -1.5835675371000946e-07 -1.2763864732506791e-08 -1.7750945491279424e-07 1.5819571258512966e-07 -7.766448639756618e-08 -6.006335622754655e-07 800.0
5.389537211797357e-07 -1.5835675371000946e-07 -1.2763864732506791e-08 8.34781511305227e-07 -8.366419610508768e-07 9.34626479764944e-07 3.942041113536021e-07 800.0
-4.558839524493319e-07 -1.5835675371000946e-07 -1.2763864732506791e-08 -1.7750945491279424e-07 1.5819571258512966e-07 -7.766448639756618e-08 3.942041113536021e-07 800.0
-4.558839524493319e-07 -1.5835675371000946e-07 -1.2763864732506791e-08 -1.7750945491279424e-07 1.5819571258512966e-07 -7.766448639756618e-08 -6.006335622754655e-07 800.0
5.389537211797357e-07 -1.5835675371000946e-07 -1.2763864732506791e-08 -1.7750945491279424e-07 1.5819571258512966e-07 -7.766448639756618e-08 3.942041113536021e-07 800.0
-4.558839524493319e-07 -1.5835675371000946e-07 -1.2763864732506791e-08 -1.7750945491279424e-07 1.5819571258512966e-07 -7.766448639756618e-08 -6.006335622754655e-07 800.0
5.389537211797357e-07 8.539342124525007e-07 -1.2763864732506791e-08 -1.7750945491279424e-07 1.5819571258512966e-07 -7.766448639756618e-08 3.942041113536021e-07 800.0
5.389537211797357e-07 -1.5835675371000946e-07 -1.2763864732506791e-08 8.34781511305227e-07 1.5819571258512966e-07 -7.766448639756618e-08 3.942041113536021e-07 800.0
-4.558839524493319e-07 -1.5835675371000946e-07 -1.2763864732506791e-08 -1.7750945491279424e-07 -8.366419610508768e-07 -7.766448639756618e-08 -6.006335622754655e-07 800.0
-4.558839524493319e-07 -1.5835675371000946e-07 -1.2763864732506791e-08 -1.7750945491279424e-07 1.5819571258512966e-07 -7.766448639756618e-08 3.942041113536021e-07 800.0
5.389537211797357e-07 -1.5835675371000946e-07 -1.2763864732506791e-08 -1.7750945491279424e-07 1.5819571258512966e-07 -7.766448639756618e-08 -6.006335622754655e-07 800.0
-4.558839524493319e-07 -1.5835675371000946e-07 -1.2763864732506791e-08 -1.7750945491279424e-07 1.5819571258512966e-07 -7.766448639756618e-08 3.942041113536021e-07 800.0
-4.558839524493319e-07 8.539342124525007e-07 -1.2763864732506791e-08 -1.7750945491279424e-07 1.5819571258512966e-07 -7.766448639756618e-08 3.942041113536021e-07 800.0
5.389537211797357e-07 -1.5835675371000946e-07 -1.2763864732506791e-08 -1.7750945491279424e-07 1.5819571258512966e-07 -7.766448639756618e-08 -6.006335622754655e-07 800.0
5.389537211797357e-07 -1.5835675371000946e-07 -1.2763864732506791e-08 8.34781511305227e-07 -8.366419610508768e-07 -7.766448639756618e-08 3.942041113536021e-07 800.0
-4.558839524493319e-07 -1.5835675371000946e-07 -1.2763864732506791e-08 -1.7750945491279424e-07 1.5819571258512966e-07 9.34626479764944e-07 -6.006335622754655e-07 800.0
-4.558839524493319e-07 -1.5835675371000946e-07 -1.2763864732506791e-08 -1.7750945491279424e-07 1.5819571258512966e-07 -7.766448639756618e-08 3.942041113536021e-07 800.0
5.389537211797357e-07 -1.5835675371000946e-07 -1.2763864732506791e-08 -1.7750945491279424e-07 1.5819571258512966e-07 -7.766448639756618e-08 3.942041113536021e-07 800.0
-4.558839524493319e-07 8.539342124525007e-07 -1.2763864732506791e-08 -1.7750945491279424e-07 1.5819571258512966e-07 -7.766448639756618e-08 -6.006335622754655e-07 800.0
5.389537211797357e-07 -1.5835675371000946e-07 -1.2763864732506791e-08 -1.7750945491279424e-07 1.5819571258512966e-07 -7.766448639756618e-08 3.942041113536021e-07 800.0
5.389537211797357e-07 -1.5835675371000946e-07 -1.2763864732506791e-08 8.34781511305227e-07 1.5819571258512966e-07 -7.766448639756618e-08 3.942041113536021e-07 800.0
-4.558839524493319e-07 -1.5835675371000946e-07 -1.2763864732506791e-08 -1.7750945491279424e-07 -8.366419610508768e-07 -7.766448639756618e-08 -6.006335622754655e-07 800.0
-4.558839524493319e-07 -1.5835675371000946e-07 -1.2763864732506791e-08 -1.7750945491279424e-07 1.5819571258512966e-07 -7.766448639756618e-08 -6.006335622754655e-07 800.0
-4.558839524493319e-07 -1.5835675371000946e-07 -1.2763864732506791e-08 -1.7750945491279424e-07 1.5819571258512966e-07 -7.766448639756618e-08 3.942041113536021e-07 800.0
5.389537211797357e-07 -1.5835675371000946e-07 -1.2763864732506791e-08 -1.7750945491279424e-07 1.5819571258512966e-07 -7.766448639756618e-08 3.942041113536021e-07 800.0
5.389537211797357e-07 8.539342124525007e-07 -1.2763864732506791e-08 -1.7750945491279424e-07 1.5819571258512966e-07 -7.766448639756618e-08 -6.006335622754655e-07 800.0
-4.558839524493319e-07 -1.5835675371000946e-07 -1.2763864732506791e-08 -1.7750945491279424e-07 1.5819571258512966e-07 -7.766448639756618e-08 3.942041113536021e-07 800.0
-4.558839524493319e-07 -1.5835675371000946e-07 -1.2763864732506791e-08 8.34781511305227e-07 -8.366419610508768e-07 -7.766448639756618e-08 3.942041113536021e-07 800.0
5.389537211797357e-07 -1.5835675371000946e-07 -1.2763864732506791e-08 -1.7750945491279424e-07 1.5819571258512966e-07 9.34626479764944e-07 -6.006335622754655e-07 800.0
5.389537211797357e-07 -1.5835675371000946e-07 -1.2763864732506791e-08 -1.7750945491279424e-07 1.5819571258512966e-07 -7.766448639756618e-08 -6.006335622754655e-07 800.0
-4.558839524493319e-07 -1.5835675371000946e-07 -1.2763864732506791e-08 -1.7750945491279424e-07 1.5819571258512966e-07 -7.766448639756618e-08 3.942041113536021e-07 800.0
-4.558839524493319e-07 8.539342124525007e-07 -1.2763864732506791e-08 -1.7750945491279424e-07 1.5819571258512966e-07 -7.766448639756618e-08 3.942041113536021e-07 800.0
5.389537211797357e-07 -1.5835675371000946e-07 -1.2763864732506791e-08 -1.7750945491279424e-07 1.5819571258512966e-07 -7.766448639756618e-08 3.942041113536021e-07 800.0
-4.558839524493319e-07 -1.5835675371000946e-07 -1.2763864732506791e-08 8.34781511305227e-07 1.5819571258512966e-07 -7.766448639756618e-08 -6.006335622754655e-07 800.0
5.389537211797357e-07 -1.5835675371000946e-07 -1.2763864732506791e-08 -1.7750945491279424e-07 -8.366419610508768e-07 -7.766448639756618e-08 -6.006335622754655e-07 800.0
-4.558839524493319e-07 -1.5835675371000946e-07 -1.2763864732506791e-08 -1.7750945491279424e-07 1.5819571258512966e-07 -7.766448639756618e-08 3.942041113536021e-07 800.0
5.389537211797357e-07 -1.5835675371000946e-07 -1.2763864732506791e-08 -1.7750945491279424e-07 1.5819571258512966e-07 -7.766448639756618e-08 3.942041113536021e-07 800.0
-4.558839524493319e-07 8.539342124525007e-07 -1.2763864732506791e-08 -1.7750945491279424e-07 1.5819571258512966e-07 -7.766448639756618e-08 3.942041113536021e-07 800.0
5.389537211797357e-07 -1.5835675371000946e-07 -1.2763864732506791e-08 -1.7750945491279424e-07 1.5819571258512966e-07 -7.766448639756618e-08 -6.006335622754655e-07 800.0
-4.558839524493319e-07 -1.5835675371000946e-07 -1.2763864732506791e-08 8.34781511305227e-07 1.5819571258512966e-07 -7.766448639756618e-08 -6.006335622754655e-07 800.0
5.389537211797357e-07 -1.5835675371000946e-07 -1.2763864732506791e-08 -1.7750945491279424e-07 -8.366419610508768e-07 9.34626479764944e-07 3.942041113536021e-07 800.0
-4.558839524493319e-07 -1.5835675371000946e-07 -1.2763864732506791e-08 -1.7750945491279424e-07 1.5819571258512966e-07 -7.766448639756618e-08 3.942041113536021e-07 800.0
-4.558839524493319e-07 -1.5835675371000946e-07 -1.2763864732506791e-08 -1.7750945491279424e-07 1.5819571258512966e-07 -7.766448639756618e-08 3.942041113536021e-07 800.0
5.389537211797357e-07 -1.5835675371000946e-07 -1.2763864732506791e-08 -1.7750945491279424e-07 1.5819571258512966e-07 -7.766448639756618e-08 -6.006335622754655e-07 800.0
5.389537211797357e-07 -1.5835675371000946e-07 -1.2763864732506791e-08 8.34781511305227e-07 1.5819571258512966e-07 -7.766448639756618e-08 -6.006335622754655e-07 800.0
-4.558839524493319e-07 8.539342124525007e-07 -1.2763864732506791e-08 -1.7750945491279424e-07 1.5819571258512966e-07 -7.766448639756618e-08 3.942041113536021e-07 800.0
-4.558839524493319e-07 -1.5835675371000946e-07 -1.2763864732506791e-08 -1.7750945491279424e-07 -8.366419610508768e-07 -7.766448639756618e-08 3.942041113536021e-07 800.0
5.389537211797357e-07 -1.5835675371000946e-07 -1.2763864732506791e-08 -1.7750945491279424e-07 1.5819571258512966e-07 -7.766448639756618e-08 3.942041113536021e-07 800.0
-4.558839524493319e-07 -1.5835675371000946e-07 -1.2763864732506791e-08 -1.7750945491279424e-07 1.5819571258512966e-07 -7.766448639756618e-08 -6.006335622754655e-07 800.0
5.389537211797357e-07 -1.5835675371000946e-07 -1.2763864732506791e-08 -1.7750945491279424e-07 1.5819571258512966e-07 -7.766448639756618e-08 3.942041113536021e-07 800.0
-4.558839524493319e-07 -1.5835675371000946e-07 -1.2763864732506791e-08 8.34781511305227e-07 1.5819571258512966e-07 -7.766448639756618e-08 -6.006335622754655e-07 800.0
5.389537211797357e-07 8.539342124525007e-07 -1.2763864732506791e-08 -1.7750945491279424e-07 1.5819571258512966e-07 -7.766448639756618e-08 3.942041113536021e-07 800.0
-4.558839524493319e-07 -1.5835675371000946e-07 -1.2763864732506791e-08 -1.7750945491279424e-07 -8.366419610508768e-07 9.34626479764944e-07 3.942041113536021e-07 800.0
5.389537211797357e-07 -1.5835675371000946e-07 -1.2763864732506791e-08 -1.7750945491279424e-07 1.5819571258512966e-07 -7.766448639756618e-08 -6.006335622754655e-07 800.0
-4.558839524493319e-07 -1.5835675371000946e-07 -1.2763864732506791e-08 -1.7750945491279424e-07 1.5819571258512966e-07 -7.766448639756618e-08 3.942041113536021e-07 800.0
5.389537211797357e-07 -1.5835675371000946e-07 -1.2763864732506791e-08 -1.7750945491279424e-07 1.5819571258512966e-07 -7.766448639756618e-08 -6.006335622754655e-07 800.0
-4.558839524493319e-07 -1.5835675371000946e-07 -1.2763864732506791e-08 8.34781511305227e-07 1.5819571258512966e-07 -7.766448639756618e-08 3.942041113536021e-07 800.0
5.389537211797357e-07 8.539342124525007e-07 -1.2763864732506791e-08 -1.7750945491279424e-07 1.5819571258512966e-07 -7.766448639756618e-08 3.942041113536021e-07 800.0
-4.558839524493319e-07 -1.5835675371000946e-07 -1.2763864732506791e-08 -1.7750945491279424e-07 -8.366419610508768e-07 -7.766448639756618e-08 -6.006335622754655e-07 800.0
-4.558839524493319e-07 -1.5835675371000946e-07 -1.2763864732506791e-08 -1.7750945491279424e-07 1.5819571258512966e-07 -7.766448639756618e-08 3.942041113536021e-07 800.0
5.389537211797357e-07 -1.5835675371000946e-07 -1.2763864732506791e-08 -1.7750945491279424e-07 1.5819571258512966e-07 -7.766448639756618e-08 -6.006335622754655e-07 800.0
5.389537211797357e-07 -1.5835675371000946e-07 -1.2763864732506791e-08 -1.7750945491279424e-07 1.5819571258512966e-07 -7.766448639756618e-08 3.942041113536021e-07 800.0
-4.558839524493319e-07 -1.5835675371000946e-07 -1.2763864732506791e-08 8.34781511305227e-07 1.5819571258512966e-07 -7.766448639756618e-08 3.942041113536021e-07 800.0
-4.558839524493319e-07 8.539342124525007e-07 -1.2763864732506791e-08 -1.7750945491279424e-07 1.5819571258512966e-07 -7.766448639756618e-08 -6.006335622754655e-07 800.0
5.389537211797357e-07 -1.5835675371000946e-07 -1.2763864732506791e-08 -1.7750945491279424e-07 -8.366419610508768e-07 -7.766448639756618e-08 3.942041113536021e-07 800.0
-4.558839524493319e-07 -1.5835675371000946e-07 -1.2763864732506791e-08 -1.7750945491279424e-07 1.5819571258512966e-07 -7.766448639756618e-08 -6.006335622754655e-07 800.0
5.389537211797357e-07 -1.5835675371000946e-07 -1.2763864732506791e-08 -1.7750945491279424e-07 1.5819571258512966e-07 9.34626479764944e-07 3.942041113536021e-07 800.0
-4.558839524493319e-07 -1.5835675371000946e-07 -1.2763864732506791e-08 -1.7750945491279424e-07 1.5819571258512966e-07 -7.766448639756618e-08 3.942041113536021e-07 800.0
5.389537211797357e-07 -1.5835675371000946e-07 -1.2763864732506791e-08 8.34781511305227e-07 1.5819571258512966e-07 -7.766448639756618e-08 -6.006335622754655e-07 800.0
-4.558839524493319e-07 8.539342124525007e-07 -1.2763864732506791e-08 -1.7750945491279424e-07 1.5819571258512966e-07 -7.766448639756618e-08 3.942041113536021e-07 800.0
5.389537211797357e-07 -1.5835675371000946e-07 -1.2763864732506791e-08 -1.7750945491279424e-07 1.5819571258512966e-07 -7.766448639756618e-08 -6.006335622754655e-07 800.0
-4.558839524493319e-07 -1.5835675371000946e-07 -1.2763864732506791e-08 -1.7750945491279424e-07 -8.366419610508768e-07 -7.766448639756618e-08 3.942041113536021e-07 800.0
-4.558839524493319e-07 -1.5835675371000946e-07 -1.2763864732506791e-08 -1.7750945491279424e-07 1.5819571258512966e-07 -7.766448639756618e-08 3.942041113536021e-07 800.0
5.389537211797357e-07 -1.5835675371000946e-07 -1.2763864732506791e-08 -1.7750945491279424e-07 1.5819571258512966e-07 -7.766448639756618e-08 -6.006335622754655e-07 800.0
5.389537211797357e-07 -1.5835675371000946e-07 -1.2763864732506791e-08 8.34781511305227e-07 1.5819571258512966e-07 -7.766448639756618e-08 3.942041113536021e-07 800.0
-4.558839524493319e-07 -1.5835675371000946e-07 -1.2763864732506791e-08 -1.7750945491279424e-07 1.5819571258512966e-07 -7.766448639756618e-08 3.942041113536021e-07 800.0
-4.558839524493319e-07 8.539342124525007e-07 -1.2763864732506791e-08 -1.7750945491279424e-07 1.5819571258512966e-07 -7.766448639756618e-08 -6.006335622754655e-07 800.0
5.389537211797357e-07 -1.5835675371000946e-07 -1.2763864732506791e-08 -1.7750945491279424e-07 -8.366419610508768e-07 -7.766448639756618e-08 3.942041113536021e-07 800.0
-4.558839524493319e-07 -1.5835675371000946e-07 -1.2763864732506791e-08 -1.7750945491279424e-07 1.5819571258512966e-07 -7.766448639756618e-08 -6.006335622754655e-07 800.0
5.389537211797357e-07 -1.5835675371000946e-07 -1.2763864732506791e-08 8.34781511305227e-07 1.5819571258512966e-07 -7.766448639756618e-08 3.942041113536021e-07 800.0
-4.558839524493319e-07 -1.5835675371000946e-07 -1.2763864732506791e-08 -1.7750945491279424e-07 1.5819571258512966e-07 9.34626479764944e-07 3.942041113536021e-07 800.0
-4.558839524493319e-07 -1.5835675371000946e-07 -1.2763864732506791e-08 -1.7750945491279424e-07 1.5819571258512966e-07 -7.766448639756618e-08 -6.006335622754655e-07 800.0
5.389537211797357e-07 -1.5835675371000946e-07 -1.2763864732506791e-08 -1.7750945491279424e-07 1.5819571258512966e-07 -7.766448639756618e-08 3.942041113536021e-07 800.0
5.389537211797357e-07 8.539342124525007e-07 -1.2763864732506791e-08 -1.7750945491279424e-07 -8.366419610508768e-07 -7.766448639756618e-08 3.942041113536021e-07 800.0
-4.558839524493319e-07 -1.5835675371000946e-07 -1.2763864732506791e-08 -1.7750945491279424e-07 1.5819571258512966e-07 -7.766448639756618e-08 -6.006335622754655e-07 800.0
-4.558839524493319e-07 -1.5835675371000946e-07 -1.2763864732506791e-08 8.34781511305227e-07 1.5819571258512966e-07 -7.766448639756618e-08 -6.006335622754655e-07 800.0
5.389537211797357e-07 -1.5835675371000946e-07 -1.2763864732506791e-08 -1.7750945491279424e-07 1.5819571258512966e-07 -7.766448639756618e-08 3.942041113536021e-07 800.0
5.389537211797357e-07 -1.5835675371000946e-07 -1.2763864732506791e-08 -1.7750945491279424e-07 1.5819571258512966e-07 -7.766448639756618e-08 3.942041113536021e-07 800.0
-4.558839524493319e-07 -1.5835675371000946e-07 -1.2763864732506791e-08 -1.7750945491279424e-07 1.5819571258512966e-07 -7.766448639756618e-08 3.942041113536021e-07 800.0
-4.558839524493319e-07 8.539342124525007e-07 -1.2763864732506791e-08 -1.7750945491279424e-07 -8.366419610508768e-07 -7.766448639756618e-08 -6.006335622754655e-07 800.0
5.389537211797357e-07 -1.5835675371000946e-07 -1.2763864732506791e-08 -1.7750945491279424e-07 1.5819571258512966e-07 -7.766448639756618e-08 3.942041113536021e-07 800.0
-4.558839524493319e-07 -1.5835675371000946e-07 -1.2763864732506791e-08 8.34781511305227e-07 1.5819571258512966e-07 -7.766448639756618e-08 -6.006335622754655e-07 800.0
-4.558839524493319e-07 -1.5835675371000946e-07 -1.2763864732506791e-08 -1.7750945491279424e-07 1.5819571258512966e-07 -7.766448639756618e-08 3.942041113536021e-07 800.0
5.389537211797357e-07 -1.5835675371000946e-07 -1.2763864732506791e-08 -1.7750945491279424e-07 1.5819571258512966e-07 9.34626479764944e-07 3.942041113536021e-07 800.0
5.389537211797357e-07 -1.5835675371000946e-07 -1.2763864732506791e-08 -1.7750945491279424e-07 1.5819571258512966e-07 -7.766448639756618e-08 -6.006335622754655e-07 800.0
-4.558839524493319e-07 8.539342124525007e-07 -1.2763864732506791e-08 -1.7750945491279424e-07 -8.366419610508768e-07 -7.766448639756618e-08 -6.006335622754655e-07 800.0
-4.558839524493319e-07 -1.5835675371000946e-07 -1.2763864732506791e-08 -1.7750945491279424e-07 1.5819571258512966e-07 -7.766448639756618e-08 3.942041113536021e-07 800.0
5.389537211797357e-07 -1.5835675371000946e-07 -1.2763864732506791e-08 8.34781511305227e-07 1.5819571258512966e-07 -7.766448639756618e-08 3.942041113536021e-07 800.0
5.389537211797357e-07 -1.5835675371000946e-07 -1.2763864732506791e-08 -1.7750945491279424e-07 1.5819571258512966e-07 -7.766448639756618e-08 3.942041113536021e-07 800.0
-4.558839524493319e-07 -1.5835675371000946e-07 -1.2763864732506791e-08 -1.7750945491279424e-07 1.5819571258512966e-07 -7.766448639756618e-08 -6.006335622754655e-07 800.0
-4.558839524493319e-07 -1.5835675371000946e-07 -1.2763864732506791e-08 -1.7750945491279424e-07 1.5819571258512966e-07 -7.766448639756618e-08 3.942041113536021e-07 800.0
5.389537211797357e-07 -1.5835675371000946e-07 -1.2763864732506791e-08 -1.7750945491279424e-07 -8.366419610508768e-07 -7.766448639756618e-08 3.942041113536021e-07 800.0
-4.558839524493319e-07 8.539342124525007e-07 -1.2763864732506791e-08 8.34781511305227e-07 1.5819571258512966e-07 -7.766448639756618e-08 -6.006335622754655e-07 800.0
5.389537211797357e-07 -1.5835675371000946e-07 -1.2763864732506791e-08 -1.7750945491279424e-07 1.5819571258512966e-07 -7.766448639756618e-08 3.942041113536021e-07 800.0
-4.558839524493319e-07 -1.5835675371000946e-07 -1.2763864732506791e-08 -1.7750945491279424e-07 1.5819571258512966e-07 9.34626479764944e-07 -6.006335622754655e-07 800.0
5.389537211797357e-07 -1.5835675371000946e-07 -1.2763864732506791e-08 -1.7750945491279424e-07 1.5819571258512966e-07 -7.766448639756618e-08 3.942041113536021e-07 800.0
-4.558839524493319e-07 -1.5835675371000946e-07 -1.2763864732506791e-08 -1.7750945491279424e-07 1.5819571258512966e-07 -7.766448639756618e-08 3.942041113536021e-07 800.0
-4.558839524493319e-07 -1.5835675371000946e-07 -1.2763864732506791e-08 -1.7750945491279424e-07 -8.366419610508768e-07 -7.766448639756618e-08 -6.006335622754655e-07 800.0
5.389537211797357e-07 -1.5835675371000946e-07 -1.2763864732506791e-08 8.34781511305227e-07 1.5819571258512966e-07 -7.766448639756618e-08 3.942041113536021e-07 800.0
5.389537211797357e-07 8.539342124525007e-07 -1.2763864732506791e-08 -1.7750945491279424e-07 1.5819571258512966e-07 -7.766448639756618e-08 3.942041113536021e-07 800.0
-4.558839524493319e-07 -1.5835675371000946e-07 -1.2763864732506791e-08 -1.7750945491279424e-07 1.5819571258512966e-07 -7.766448639756618e-08 -6.006335622754655e-07 800.0
-4.558839524493319e-07 -1.5835675371000946e-07 -1.2763864732506791e-08 -1.7750945491279424e-07 1.5819571258512966e-07 -7.766448639756618e-08 -6.006335622754655e-07 800.0
5.389537211797357e-07 -1.5835675371000946e-07 -1.2763864732506791e-08 -1.7750945491279424e-07 1.5819571258512966e-07 -7.766448639756618e-08 3.942041113536021e-07 800.0
5.389537211797357e-07 -1.5835675371000946e-07 -1.2763864732506791e-08 -1.7750945491279424e-07 1.5819571258512966e-07 -7.766448639756618e-08 3.942041113536021e-07 800.0
-4.558839524493319e-07 -1.5835675371000946e-07 -1.2763864732506791e-08 8.34781511305227e-07 -8.366419610508768e-07 -7.766448639756618e-08 3.942041113536021e-07 800.0
-4.558839524493319e-07 8.539342124525007e-07 -1.2763864732506791e-08 -1.7750945491279424e-07 1.5819571258512966e-07 -7.766448639756618e-08 -6.006335622754655e-07 800.0
5.389537211797357e-07 -1.5835675371000946e-07 -1.2763864732506791e-08 -1.7750945491279424e-07 1.5819571258512966e-07 9.34626479764944e-07 -6.006335622754655e-07 800.0
5.389537211797357e-07 -1.5835675371000946e-07 -1.2763864732506791e-08 -1.7750945491279424e-07 1.5819571258512966e-07 -7.766448639756618e-08 3.942041113536021e-07 800.0
-4.558839524493319e-07 -1.5835675371000946e-07 -1.2763864732506791e-08 -1.7750945491279424e-07 1.5819571258512966e-07 -7.766448639756618e-08 3.942041113536021e-07 800.0
