0.0 -0.7853980063178156 0.0 0.5235990024911016 0.0 1.3089969913556248 0.0 -0.0
0.0 -0.7853980063178156 0.0 0.5235990024911016 0.0 1.3089969913556248 0.0 -0.0
0.0 -0.7853980063178156 0.0 0.5235990024911016 0.0 1.3089969913556248 0.0 -0.0
0.0 -0.7853980063178156 0.0 0.5235990024911016 0.0 1.3089969913556248 0.0 -0.0
0.0 -0.7853980063178156 0.0 0.5235990024911016 0.0 1.3089969913556248 0.0 -0.0
0.0 -0.7853980063178156 0.0 0.5235990024911016 0.0 1.3089969913556248 0.0 -0.0
0.0 -0.7853980063178156 0.0 0.5235990024911016 0.0 1.3089969913556248 0.0 -0.0
0.0 -0.7853980063178156 0.0 0.5235990024911016 0.0 1.3089969913556248 0.0 -0.0
0.0 -0.7853980063178156 0.0 0.5235990024911016 0.0 1.3089969913556248 0.0 -0.0
0.0 -0.7853980063178156 0.0 0.5235990024911016 0.0 1.3089969913556248 0.0 -0.0
0.0 -0.7853980063178156 0.0 0.5235990024911016 0.0 1.3089969913556248 0.0 -0.0
0.0 -0.7853980063178156 0.0 0.5235990024911016 0.0 1.3089969913556248 0.0 -0.0
0.0 -0.7853980063178156 0.0 0.5235990024911016 0.0 1.3089969913556248 0.0 -0.0
0.0 -0.7853980063178156 0.0 0.5235990024911016 0.0 1.3089969913556248 0.0 -0.0
0.0 -0.7853980063178156 0.0 0.5235990024911016 0.0 1.3089969913556248 0.0 -0.0
0.0 -0.7853980063178156 0.0 0.5235990024911016 0.0 1.3089969913556248 0.0 -0.0
0.0 -0.7853980063178156 0.0 0.5235990024911016 0.0 1.3089969913556248 0.0 -0.0
0.0 -0.7853980063178156 0.0 0.5235990024911016 0.0 1.3089969913556248 0.0 -0.0
0.0 -0.7853980063178156 0.0 0.5235990024911016 0.0 1.3089969913556248 0.0 -0.0
0.0 -0.7853980063178156 0.0 0.5235990024911016 0.0 1.3089969913556248 0.0 -0.0
0.0 -0.7853980063178156 0.0 0.5235990024911016 0.0 1.3089969913556248 0.0 -0.0
0.0 -0.7853980063178156 0.0 0.5235990024911016 0.0 1.3089969913556248 0.0 -0.0
0.0 -0.7853980063178156 0.0 0.5235990024911016 0.0 1.3089969913556248 0.0 -0.0
0.0 -0.7853980063178156 0.0 0.5235990024911016 0.0 1.3089969913556248 0.0 -0.0
0.0 -0.7853980063178156 0.0 0.5235990024911016 0.0 1.3089969913556248 0.0 -0.0
0.0 -0.7853980063178156 0.0 0.5235990024911016 0.0 1.3089969913556248 0.0 -0.0
0.0 -0.7853980063178156 0.0 0.5235990024911016 0.0 1.3089969913556248 0.0 -0.0
0.0 -0.7853980063178156 0.0 0.5235990024911016 0.0 1.3089969913556248 0.0 -0.0
0.0 -0.7853980063178156 0.0 0.5235990024911016 0.0 1.3089969913556248 0.0 -0.0
0.0 -0.7853980063178156 0.0 0.5235990024911016 0.0 1.3089969913556248 0.0 -0.0
0.0 -0.7853980063178156 0.0 0.5235990024911016 0.0 1.3089969913556248 0.0 -0.0
0.0 -0.7853980063178156 0.0 0.5235990024911016 0.0 1.3089969913556248 0.0 -0.0
0.0 -0.7853980063178156 0.0 0.5235990024911016 0.0 1.3089969913556248 0.0 -0.0
0.0 -0.7853980063178156 0.0 0.5235990024911016 0.0 1.3089969913556248 0.0 -0.0
0.0 -0.7853980063178156 0.0 0.5235990024911016 0.0 1.3089969913556248 0.0 -0.0
0.0 -0.7853980063178156 0.0 0.5235990024911016 0.0 1.3089969913556248 0.0 -0.0
0.0 -0.7853980063178156 0.0 0.5235990024911016 0.0 1.3089969913556248 0.0 -0.0
0.0 -0.7853980063178156 0.0 0.5235990024911016 0.0 1.3089969913556248 0.0 -0.0
0.0 -0.7853980063178156 0.0 0.5235990024911016 0.0 1.3089969913556248 0.0 -0.0
0.0 -0.7853980063178156 0.0 0.5235990024911016 0.0 1.3089969913556248 0.0 -0.0
0.0 -0.7853980063178156 0.0 0.5235990024911016 0.0 1.3089969913556248 0.0 -0.0
0.0 -0.7853980063178156 0.0 0.5235990024911016 0.0 1.3089969913556248 0.0 -0.0
0.0 -0.7853980063178156 0.0 0.5235990024911016 0.0 1.3089969913556248 0.0 -0.0
0.0 -0.7853980063178156 0.0 0.5235990024911016 0.0 1.3089969913556248 0.0 -0.0
0.0 -0.7853980063178156 0.0 0.5235990024911016 0.0 1.3089969913556248 0.0 -0.0
0.0 -0.7853980063178156 0.0 0.5235990024911016 0.0 1.3089969913556248 0.0 -0.0
0.0 -0.7853980063178156 0.0 0.5235990024911016 0.0 1.3089969913556248 0.0 -0.0
0.0 -0.7853980063178156 0.0 0.5235990024911016 0.0 1.3089969913556248 0.0 -0.0
0.0 -0.7853980063178156 0.0 0.5235990024911016 0.0 1.3089969913556248 0.0 -0.0
0.0 -0.7853980063178156 0.0 0.5235990024911016 0.0 1.3089969913556248 0.0 -0.0
0.0 -0.7853980063178156 0.0 0.5235990024911016 0.0 1.3089969913556248 0.0 -0.0
0.0 -0.7853980063178156 0.0 0.5235990024911016 0.0 1.3089969913556248 0.0 -0.0
0.0 -0.7853980063178156 0.0 0.5235990024911016 0.0 1.3089969913556248 0.0 -0.0
0.0 -0.7853980063178156 0.0 0.5235990024911016 0.0 1.3089969913556248 0.0 -0.0
0.0 -0.7853980063178156 0.0 0.5235990024911016 0.0 1.3089969913556248 0.0 -0.0
0.0 -0.7853980063178156 0.0 0.5235990024911016 0.0 1.3089969913556248 0.0 -0.0
0.0 -0.7853980063178156 0.0 0.5235990024911016 0.0 1.3089969913556248 0.0 -0.0
0.0 -0.7853980063178156 0.0 0.5235990024911016 0.0 1.3089969913556248 0.0 -0.0
0.0 -0.7853980063178156 0.0 0.5235990024911016 0.0 1.3089969913556248 0.0 -0.0
0.0 -0.7853980063178156 0.0 0.5235990024911016 0.0 1.3089969913556248 0.0 -0.0
0.0 -0.7853980063178156 0.0 0.5235990024911016 0.0 1.3089969913556248 0.0 -0.0
0.0 -0.7853980063178156 0.0 0.5235990024911016 0.0 1.3089969913556248 0.0 -0.0
0.0 -0.7853980063178156 0.0 0.5235990024911016 0.0 1.3089969913556248 0.0 -0.0
0.0 -0.7853980063178156 0.0 0.5235990024911016 0.0 1.3089969913556248 0.0 -0.0
-0.00014100515026862188 -0.785257001167547 -0.00014100515026862188 0.5237400076413702 -0.00014100515026862188 1.3091379965058934 -0.00014100515026862188 -0.0
-0.004418999133124444 -0.7807360049929359 -0.003221999972229172 0.5282610038159813 -0.001518000116922068 1.3136980007892864 -0.003766001646783284 -0.0
-0.013337998129958385 -0.7683609922777656 -0.005510004448546098 0.5405140005631448 -0.002261004232788574 1.328577002475708 -0.008428997809336534 -0.0
-0.022603008651000202 -0.7554430076322995 -0.006268995780360873 0.5525770007679363 -0.003447007819396281 1.3456740034821493 -0.012153006834316837 -0.0
-0.031759005906962456 -0.7436729958490403 -0.010544005250195783 0.5622609950292118 -0.005986008095442511 1.359992998824776 -0.018638999400578164 -0.0
-0.041368003370279835 -0.7307870030887634 -0.014713998258938193 0.5735129930904791 -0.008561991898338502 1.3755959979915102 -0.02453899767048239 -0.0
-0.049553998987861204 -0.7188360006620724 -0.0171070017430551 0.5845409955955455 -0.009618003362257672 1.3907219986736743 -0.027747994939784203 -0.0
-0.05876099476456673 -0.7044630048323889 -0.02038699900632804 0.5967799948021081 -0.011549995577752794 1.4078750072958117 -0.030325008486938875 -0.0
-0.06552599566505188 -0.6924650006889417 -0.021129008284520915 0.609255992267799 -0.012310994038207361 1.4237420049652025 -0.031442001754922726 -0.0
-0.0715339949090695 -0.6820350003454861 -0.020536992602244435 0.6197569926052257 -0.011667997288480132 1.4382300005393 -0.031399991679827224 -0.0
-0.07885699502470976 -0.6705649932073523 -0.01910200034454722 0.6358680047573376 -0.008546999520063872 1.4587469916683165 -0.025636006918530907 -0.0
-0.08500800654763581 -0.6641420070270879 -0.017895000447038022 0.6470509924999811 -0.0070070082545666745 1.472691997858826 -0.021520991781226323 -0.0
-0.09840199483999817 -0.6528710023302665 -0.018452999662193128 0.6576249999600186 -0.012113998725534762 1.4923140016007124 -0.024710005030592796 -0.0
-0.10679399166919243 -0.6445770057385717 -0.019031995188249724 0.6603909977585793 -0.01964500718142769 1.503816995461709 -0.03597500579478744 -0.0
-0.11473700254831115 -0.6383509974176874 -0.01752300097026795 0.6630149955691975 -0.02408100582146656 1.5121229999186576 -0.049889992322162624 -0.0
-0.11825600519935218 -0.6343500046404156 -0.012360002883603362 0.6701209988989374 -0.025756993142279156 1.5206930028782626 -0.05589299992451957 -0.0
-0.11959900115217678 -0.6321679940095722 -0.005285991439052626 0.6815740065301569 -0.02524500080620662 1.5344379943364936 -0.055054002699793374 -0.0
-0.12311199987059097 -0.631247996054261 -0.00031700415203973005 0.6969840071882054 -0.02551400840381651 1.5569150076687925 -0.04906900689531701 -0.0
-0.1267520061986728 -0.6312840021967296 -0.004906993191982058 0.7013449915769936 -0.029193005387387876 1.5706360008498084 -0.04698000486031248 -0.0
-0.12792699675770042 -0.6336810024848336 -0.009936997189644674 0.6990549974253293 -0.02972700632532806 1.5752000019371886 -0.046923002406942346 -0.0
-0.1298320061829597 -0.6360079976166401 -0.009733003106671578 0.6975839990251633 -0.02659600782029787 1.5780349926010806 -0.04683400806838316 -0.0
-0.13005999854314773 -0.6385549915006604 -0.0013459979191380268 0.7023160055063404 -0.01986800789995501 1.5865309936004008 -0.039776996130746846 -0.0
-0.12882100676044947 -0.6416490064788409 0.01063099246011518 0.7125840043886259 -0.013830006446095586 1.600682995840197 -0.023010001979272762 -0.0
-0.12787299627064372 -0.6430520068513491 0.01728200590715257 0.7187610038641142 -0.010432007472095307 1.6107330030989082 -0.012971007748141538 -0.0
-0.12608499371843812 -0.6451990061773973 0.027675005270465805 0.7263650019893255 -0.004767000332679593 1.6234930005404835 0.0018129956670941496 -0.0
-0.12420600715232606 -0.6468199981734797 0.03767399655514132 0.7348829941372214 0.0015789993742792699 1.6350229946450086 0.01638700106672988 -0.0
-0.12152399459737141 -0.6473039954283502 0.04952799358200649 0.7436049978213827 0.007815008431777449 1.6480519996841938 0.032324998730091696 -0.0
-0.11763899640218715 -0.6472119991234776 0.05640699938923189 0.7485130033043309 0.01298600012641617 1.6567710014020418 0.04490100356192188 -0.0
-0.11476300795416586 -0.6446629981108174 0.05567699797629275 0.747966994501137 0.01575299276265042 1.6586819973066356 0.05289700263713115 -0.0
-0.110491995288318 -0.6443200060062155 0.04893800248166232 0.7440109963119815 0.0191509917366507 1.655868997791319 0.059597007476272015 -0.0
-0.10594600599881845 -0.6450819993043437 0.044904005528235306 0.7446990051031177 0.02545700595044637 1.6561739940781046 0.07044400188461401 -0.0
-0.09713799248911885 -0.6448459958828889 0.04885000298077677 0.7531140053718532 0.0301759922754036 1.665028991851268 0.08815000062695356 -0.0
-0.08797599130052973 -0.6408050001591614 0.05575700386920416 0.7610649924056536 0.034140001525825636 1.675414992444281 0.10180899971293873 -0.0
-0.08399199803017236 -0.6351589996553 0.05891100581377563 0.7620560078082285 0.04243799492150748 1.682919995494319 0.10893399222494023 -0.0
-0.08769399845328502 -0.630519006932288 0.05305399500334803 0.7478389920537957 0.05029700310372771 1.6880970085748772 0.11101599548964426 -0.0
-0.09396599619995931 -0.6261759994347955 0.047193999679899505 0.7321500005148159 0.055761995510864866 1.691060996523784 0.11210900793370572 -0.0
-0.10374999782737415 -0.6205609959784494 0.03770700073129653 0.7034839972950676 0.06292800326028823 1.6955209934410378 0.11369800804459892 -0.0
-0.10580199888223642 -0.6184709991057712 0.031530996093481915 0.6841759957389076 0.06340699142020556 1.6962909978004328 0.11244700839664695 -0.0
-0.10665099684357653 -0.6138909933491503 0.026448998737402394 0.6660549926070288 0.061515002151166134 1.6968650016848286 0.11126800358033975 -0.0
-0.10881000403487856 -0.6074539921749924 0.022394005473073884 0.6494220048355228 0.05557800290111963 1.6955770010567341 0.1083309984216687 -0.0
-0.11393800827004066 -0.5989590034666379 0.01991099535943163 0.636588005433663 0.050192998933601365 1.694346997719684 0.10591900575529012 -0.0
-0.1190650002142366 -0.589889993420595 0.019037999120876586 0.6267030016024352 0.04480000135810897 1.6895440086978282 0.10010800182394507 -0.0
-0.11837299461911337 -0.5833160013534483 0.01805099797558127 0.6226399972768399 0.044679992518741836 1.6841290025204678 0.094083003073013 -0.0
-0.11668400459537344 -0.5776320050317708 0.01897300305953232 0.6217009926859746 0.05295899673216198 1.6835179976559298 0.09344100116095941 -0.0
-0.11732600650742701 -0.5714359989207283 0.02149599866633776 0.621343008203098 0.07027699132849068 1.6869520027723988 0.10240600703687594 -0.0
-0.1183030069161084 -0.5635370052453449 0.023925008292923308 0.6211499922411199 0.09417299224924583 1.6910569997197968 0.12230899133504092 -0.0
-0.11825900716566562 -0.5490630072118484 0.028653000516820827 0.6234509994203642 0.11175100599753664 1.694488997707626 0.1426060011651361 -0.0
-0.11788599539792938 -0.5363929989465058 0.03316999988744475 0.6268329937251236 0.12632399910620623 1.6989959963416361 0.16023199401456426 -0.0
-0.11795999735821396 -0.531048992763117 0.034965001209950844 0.6289249977264416 0.1326820066784188 1.7017249931600542 0.1675760078943985 -0.0
-0.11624100512463222 -0.5216939930658424 0.04229100329190452 0.6356709919913724 0.15002499438963607 1.7073310081707527 0.18616599844958068 -0.0
-0.11373200705842779 -0.520973992389517 0.04794799937005358 0.6433190073203192 0.16543300537233727 1.7119139984403946 0.20213799512677136 -0.0
-0.1127909953389225 -0.5207899997797718 0.05042500555106897 0.6505040042520043 0.1734490059207744 1.7176459913165016 0.21214799943902696 -0.0
-0.1125399995391932 -0.517173991728905 0.048806998068007625 0.6589789914871308 0.1768219943265936 1.7276100062029673 0.22067100068187587 -0.0
-0.11225800669194848 -0.5139690087168828 0.04570399464417943 0.6578750009220743 0.17048500051857504 1.7309310012503694 0.21522700458564023 -0.0
-0.1128070000081633 -0.5100729974941184 0.04299299217034916 0.6509349958574917 0.16385599567340528 1.719754994824734 0.20087900187084523 -0.0
-0.11302099482775031 -0.5066840044190584 0.04101399823809783 0.6464370031224219 0.15796299617380155 1.7005060028505838 0.18806599877988672 -0.0
-0.11316699161967964 -0.5032820086410711 0.03879999572206546 0.642377995600814 0.15112099134671841 1.6768130011751283 0.17535000108875412 -0.0
-0.1130670017068329 -0.5000940076826708 0.0367900047422987 0.6392520061907369 0.14212600071425263 1.6532589975213012 0.16108500623318397 -0.0
-0.11289400467137523 -0.49787400123401154 0.035471007066689035 0.6372329918587374 0.1358249955954102 1.6362709923266472 0.15078899481640406 -0.0
-0.1125350078975325 -0.4954760061082339 0.034312998561283316 0.6349699979506016 0.12809899895548443 1.6168960050337957 0.1389330081141916 -0.0
-0.11172500059168193 -0.49321199990913195 0.033521003053313334 0.6345179925809201 0.11945300436024747 1.5952790026904173 0.1256510001466372 -0.0
-0.11085399402847416 -0.49028400064940114 0.03267299992964685 0.6348019925568045 0.11057699282289014 1.5737900027943796 0.11224800595533456 -0.0
-0.10862700626280695 -0.487734999636741 0.0337149963996725 0.6377589991887035 0.10363800004927368 1.5573280049296918 0.10203100559379243 -0.0
-0.10596499518108017 -0.48286300029626145 0.036193992256035167 0.6463920085343056 0.09429399592628661 1.5376299920988812 0.08994699162480693 -0.0
-0.10509400607116491 -0.47759800516811035 0.03807299627543974 0.6531599939478117 0.08536799815915215 1.5163809924282856 0.07792099240015772 -0.0
-0.10697299263727697 -0.4718600083593762 0.03586799965834767 0.6515460007220298 0.08040700448011341 1.4973249989628208 0.06731600534589725 -0.0
-0.106826001007674 -0.46612300638831566 0.03394600817946647 0.6460029920973285 0.0759840085430019 1.4805669932569947 0.05918399276208008 -0.0
-0.10839800161165278 -0.45969000201814497 0.032963998675831864 0.6399620061304482 0.07096700724826664 1.4605020074976593 0.04876900225019171 -0.0
-0.1116260055165088 -0.4551509940456533 0.03284100532344382 0.6355819976528133 0.06762199647035691 1.4437309990889058 0.03900899889999178 -0.0
-0.11205500744664902 -0.45272500383867376 0.03664999442970372 0.634850006564527 0.06434500117339739 1.4229110013484507 0.030217007512825463 -0.0
-0.10898999984063672 -0.4493500083042148 0.042013007248646865 0.6430220046415074 0.060589000263228034 1.4006330079107567 0.021109006811293057 -0.0
-0.10769800240855541 -0.4455100046971469 0.0469640001910717 0.6548499962625178 0.056274005300229926 1.378293997762413 0.01162499237571099 -0.0
-0.10623300794101642 -0.4410049957384841 0.051099994185985265 0.665919991389387 0.05240799628730737 1.3595609949283227 0.004719003778249748 -0.0
-0.10725400810014057 -0.4347849913502268 0.04966299479964824 0.6714329978042467 0.048431996624924124 1.3410169937989305 -0.004084995474170288 -0.0
-0.10890800427237805 -0.42668399326721757 0.04508300649631985 0.6648169956620043 0.04290399783178997 1.318248999173739 -0.015997007245371748 -0.0
-0.11019399777183252 -0.42036600609475316 0.04243799492150748 0.6557829969207564 0.038852006533774894 1.3022849961045226 -0.024295000641053586 -0.0
-0.11142099914256955 -0.41307199589798854 0.038747007525974916 0.6468739986605364 0.03413000078921172 1.2841469934657295 -0.03387600302316898 -0.0
-0.11244899807199422 -0.4055070058815593 0.03451100616492208 0.638009000150759 0.028643994617880537 1.263883005265082 -0.04488000725102039 -0.0
-0.11430499865185752 -0.3980839983997798 0.03000999401024642 0.6287180016771552 0.02315200196721502 1.244034004000681 -0.05635099177353539 -0.0
-0.1158960058913905 -0.38876800681128726 0.025636006918530907 0.6207499976831479 0.014839993577639668 1.2243200039539222 -0.06777099522859965 -0.0
-0.11727999962834446 -0.3818689995308339 0.022355992201965446 0.6160150066889498 0.007715995903311811 1.2094049961250317 -0.07674200503714304 -0.0
-0.11970199303133698 -0.3715249915596242 0.01705500838463819 0.6091399976857115 -0.0037199947677007137 1.1862899951379589 -0.09215900446549202 -0.0
-0.12127399363531574 -0.36445099756836596 0.013824002513468726 0.604507003733 -0.011265000764194642 1.1715629941760934 -0.10131800368776771 -0.0
-0.12294299963912036 -0.35282499290168884 0.009378003136815931 0.5946010035908708 -0.01874399840837814 1.1569709944318696 -0.10734799408036047 -0.0
-0.1255529999091377 -0.3384989987887615 0.002076994169750812 0.5752529990882549 -0.02253900742732957 1.1500140073136653 -0.11171800182138143 -0.0
-0.12926199910255087 -0.32433200417069086 -0.004355992747127448 0.5570779954693195 -0.025416008166317023 1.152348001215772 -0.11503299293615687 -0.0
-0.13576300150037937 -0.30824699742443357 -0.007548007962807357 0.5416960073457655 -0.027252007272952464 1.157940001232577 -0.11610099481203724 -0.0
-0.14041999373030573 -0.28612599635295666 -0.009642001639472594 0.5197000067553164 -0.02970599256113405 1.1618599932792637 -0.12190700710172156 -0.0
-0.14015800235628886 -0.2817449930376481 -0.01017900454372621 0.5149289921653571 -0.030448996677000552 1.159076001136115 -0.12659199441284996 -0.0
-0.13955200658670391 -0.2786290043641851 -0.011044007174307119 0.5088790002995365 -0.03206300735607483 1.1422269939630896 -0.137859997143358 -0.0
-0.13901699335779757 -0.27874599378394627 -0.011825007107989541 0.5041869967648152 -0.03345099789701584 1.1207549935739667 -0.14646199198815224 -0.0
-0.13842000348715292 -0.27765600075949076 -0.012695996217904792 0.4985689913421557 -0.03499800538610605 1.0962099919708574 -0.15605599707319498 -0.0
-0.1378240084541819 -0.276665997647882 -0.013567002781112562 0.49309499303607823 -0.03654400058423011 1.0716620058547275 -0.16564399822561088 -0.0
-0.13742699840923076 -0.27600800851988017 -0.014148005435808953 0.48944699310002227 -0.0375750014799682 1.055296001098899 -0.17203699964932595 -0.0
-0.13683000853858607 -0.2750199950836187 -0.015018994545724203 0.4839759967602582 -0.039120996678092254 1.0307479975294764 -0.1816250008017418 -0.0
-0.13630000440463297 -0.2741420072034029 -0.01579299570910613 0.479113003318719 -0.0404950071317248 1.008926006265451 -0.19014899688226444 -0.0
-0.13570399191836943 -0.27315399376714145 -0.016664002272313898 0.473642006978955 -0.04204100232984885 0.9843780026960285 -0.19973799287235391 -0.0
-0.1351289931962999 -0.27220099163567496 -0.01750399433471373 0.46791600058218197 -0.04353399187858984 0.9609070069014265 -0.2088349979995988 -0.0
-0.1347350025709547 -0.2713900069454433 -0.01810199649632455 0.4640310023869978 -0.04461400161972393 0.9408129963166306 -0.21569899397525702 -0.0
-0.13440199374967418 -0.2708360045342753 -0.018632000630277663 0.4610250043629954 -0.04567100792131674 0.9232149985484046 -0.22210000646023878 -0.0
-0.1341700045854991 -0.270603003079134 -0.0189539964239781 0.4594339971234624 -0.04633299385330567 0.915694008282418 -0.22483099295400436 -0.0
-0.13411200729445533 -0.27025899868356595 -0.019194991487093478 0.45805300535282184 -0.04658500194400113 0.9091849948233228 -0.2272870028241183 -0.0
-0.13397000730651307 -0.2701109947629968 -0.019373992455178013 0.45694199856417245 -0.04684699331801799 0.9059710059123605 -0.22933200510868001 -0.0
-0.1338720070690136 -0.26999999182257 -0.019473999821317287 0.45623800255708796 -0.04717799501065872 0.9036900002063439 -0.23052900426957532 -0.0
-0.13379200117610215 -0.26990300387603666 -0.019549991456949124 0.4556299996588632 -0.047214995990801 0.9015949942387125 -0.23153199263081886 -0.0
-0.13373499872273203 -0.2698339935574128 -0.019605004234971985 0.45544799672446523 -0.047291005079725355 0.9001120054265855 -0.2321720048675252 -0.0
-0.13370499651289025 -0.2697969925772705 -0.01963399415384761 0.4551760046138344 -0.04733500483016813 0.8995699934273786 -0.23258400729075096 -0.0
-0.13367499430304844 -0.26976199872576806 -0.01966200668834212 0.4549630046319211 -0.04737900458061091 0.8990850013348345 -0.23286200333400864 -0.0
-0.13365600512078676 -0.26973800044855306 -0.019680995870603814 0.454804999974738 -0.04740799449948654 0.8987989942303101 -0.23303700749810613 -0.0
-0.13364000045154598 -0.2697189938129989 -0.01969600570217097 0.45467699752739665 -0.047430997939027816 0.8983699923001698 -0.2331779951950822 -0.0
-0.13363099455260566 -0.26970899307638496 -0.019703999310145104 0.4546040078580783 -0.047444000641955184 0.8982260026368803 -0.23325800108799363 -0.0
-0.1336220061069579 -0.26969799750209744 -0.019713005209085394 0.45452899360682764 -0.047457998182556166 0.8981229933044278 -0.2333390018185787 -0.0
-0.13361799184967832 -0.26969199356947055 -0.01971700201307246 0.45449099778901175 -0.04746499695285667 0.8980719947836843 -0.23338099444038168 -0.0
-0.1336130002080176 -0.26968700192780987 -0.019721993654733167 0.4544549916465431 -0.04747100088548353 0.8980249930669283 -0.2334190077114901 -0.0
-0.13361099307937782 -0.2696839999614964 -0.019724000783372955 0.454433000497968 -0.0474749976894706 0.8979960031480525 -0.23344400082637864 -0.0
-0.1336080085663569 -0.26968099799518297 -0.01972600791201275 0.45441500615337993 -0.04747799965578403 0.8979720048708377 -0.23346400229960654 -0.0
-0.13360699627539074 -0.2696790083198357 -0.019727997587360022 0.45440200345045245 -0.04748100162209745 0.8979560002015969 -0.2334770050025339 -0.0
-0.13360600143771711 -0.2696790083198357 -0.01972899242503366 0.45439599951782567 -0.047481996459771095 0.8979469943026567 -0.23348499861050806 -0.0
-0.13360500660004346 -0.26967799602886955 -0.01972899242503366 0.4543899955851988 -0.04748299129744473 0.8979390006946825 -0.23349100254313487 -0.0
-0.13360500660004346 -0.2696770011911959 -0.019730004715999817 0.45438500394353804 -0.04748400358841088 0.8979329967620556 -0.23349599418479558 -0.0
-0.13360500660004346 -0.2696760063535223 -0.019730004715999817 0.45438200197722467 -0.04748400358841088 0.8979280051203948 -0.23350000844207516 -0.0
-0.13360399430907732 -0.2696760063535223 -0.019730004715999817 0.45437900001091125 -0.04748499842608452 0.8979250031540814 -0.23350199811742245 -0.0
-0.13360399430907732 -0.2696760063535223 -0.019730004715999817 0.45437800517323756 -0.04748499842608452 0.897924008316408 -0.2335040052460622 -0.0
-0.13360399430907732 -0.26967499406255613 -0.019730999553673457 0.4543769928822714 -0.04748499842608452 0.8979220011877681 -0.23350500008373584 -0.0
-0.13360399430907732 -0.26967499406255613 -0.019730999553673457 0.4543759980445978 -0.04748499842608452 0.8979210063500943 -0.23350599492140947 -0.0
-0.13360399430907732 -0.26967499406255613 -0.019730999553673457 0.45437500320692414 -0.04748599326375816 0.8979199940591283 -0.2335070072123757 -0.0
-0.1336029994714037 -0.2696760063535223 -0.019730999553673457 0.45437500320692414 -0.04748599326375816 0.8979189992214546 -0.2335070072123757 -0.0
-0.1336029994714037 -0.26967499406255613 -0.019730999553673457 0.45437500320692414 -0.04748599326375816 0.8979189992214546 -0.23350800205004932 -0.0
-0.13360399430907732 -0.26967499406255613 -0.019730999553673457 0.45437500320692414 -0.04748599326375816 0.8979189992214546 -0.23350800205004932 -0.0
-0.1336029994714037 -0.26967499406255613 -0.019730999553673457 0.4543740083692505 -0.04748599326375816 0.897918004383781 -0.23350800205004932 -0.0
-0.13360399430907732 -0.26967499406255613 -0.019730999553673457 0.4543740083692505 -0.04748599326375816 0.897918004383781 -0.23350800205004932 -0.0
-0.1336029994714037 -0.26967499406255613 -0.019730999553673457 0.4543740083692505 -0.04748599326375816 0.897918004383781 -0.23350800205004932 -0.0
-0.13360399430907732 -0.2696760063535223 -0.019730999553673457 0.4543740083692505 -0.04748599326375816 0.897918004383781 -0.23350899688772295 -0.0
-0.1336029994714037 -0.26967499406255613 -0.019730999553673457 0.4543740083692505 -0.04748499842608452 0.897918004383781 -0.23350899688772295 -0.0
-0.13360399430907732 -0.26967499406255613 -0.019730999553673457 0.4543740083692505 -0.04748599326375816 0.897918004383781 -0.23350800205004932 -0.0
-0.1336029994714037 -0.26967499406255613 -0.019730999553673457 0.4543740083692505 -0.04748599326375816 0.897918004383781 -0.23350899688772295 -0.0
-0.13360399430907732 -0.26967499406255613 -0.019730999553673457 0.4543740083692505 -0.04748599326375816 0.897918004383781 -0.23350899688772295 -0.0
-0.1336029994714037 -0.26967499406255613 -0.019730999553673457 0.4543740083692505 -0.04748599326375816 0.897918004383781 -0.23350800205004932 -0.0
-0.1336029994714037 -0.2696760063535223 -0.019730999553673457 0.4543740083692505 -0.04748599326375816 0.897918004383781 -0.23350800205004932 -0.0
-0.13360399430907732 -0.26967499406255613 -0.019730999553673457 0.4543740083692505 -0.04748599326375816 0.897918004383781 -0.23350899688772295 -0.0
-0.13360399430907732 -0.26967499406255613 -0.019730999553673457 0.4543740083692505 -0.04748499842608452 0.897918004383781 -0.23350899688772295 -0.0
-0.1336029994714037 -0.26967499406255613 -0.019730999553673457 0.4543740083692505 -0.04748599326375816 0.897918004383781 -0.23350800205004932 -0.0
-0.1336029994714037 -0.26967499406255613 -0.019730999553673457 0.4543740083692505 -0.04748599326375816 0.897918004383781 -0.23350899688772295 -0.0
-0.13360399430907732 -0.26967499406255613 -0.019730999553673457 0.4543740083692505 -0.04748599326375816 0.897918004383781 -0.23350899688772295 -0.0
-0.1336029994714037 -0.2696760063535223 -0.019730999553673457 0.4543729960782843 -0.04748599326375816 0.897918004383781 -0.23350800205004932 -0.0
-0.13360399430907732 -0.26967499406255613 -0.019730999553673457 0.4543740083692505 -0.04748599326375816 0.897918004383781 -0.23350899688772295 -0.0
-0.1336029994714037 -0.26967499406255613 -0.019730999553673457 0.4543740083692505 -0.04748499842608452 0.897918004383781 -0.23350800205004932 -0.0
-0.1336029994714037 -0.26967499406255613 -0.019730999553673457 0.4543740083692505 -0.04748599326375816 0.897918004383781 -0.23350899688772295 -0.0
-0.13360399430907732 -0.26967499406255613 -0.019730999553673457 0.4543740083692505 -0.04748599326375816 0.897918004383781 -0.23350899688772295 -0.0
-0.13360399430907732 -0.26967499406255613 -0.019730999553673457 0.4543729960782843 -0.04748599326375816 0.897918004383781 -0.23350800205004932 -0.0
-0.1336029994714037 -0.2696760063535223 -0.019730999553673457 0.4543740083692505 -0.04748599326375816 0.897918004383781 -0.23350800205004932 -0.0
-0.1336029994714037 -0.26967499406255613 -0.019730999553673457 0.4543740083692505 -0.04748599326375816 0.897918004383781 -0.23350899688772295 -0.0
-0.13360399430907732 -0.26967499406255613 -0.019730999553673457 0.4543740083692505 -0.04748499842608452 0.897918004383781 -0.23350899688772295 -0.0
-0.13360399430907732 -0.26967499406255613 -0.019730999553673457 0.4543740083692505 -0.04748599326375816 0.897918004383781 -0.23350899688772295 -0.0
-0.1336029994714037 -0.26967499406255613 -0.019730999553673457 0.4543740083692505 -0.04748599326375816 0.897918004383781 -0.23350800205004932 -0.0
-0.1336029994714037 -0.26967499406255613 -0.019730999553673457 0.4543729960782843 -0.04748599326375816 0.897918004383781 -0.23350899688772295 -0.0
-0.13360399430907732 -0.26967499406255613 -0.019730999553673457 0.4543740083692505 -0.04748599326375816 0.897918004383781 -0.23350800205004932 -0.0
-0.1336029994714037 -0.2696760063535223 -0.019730999553673457 0.4543740083692505 -0.04748599326375816 0.897918004383781 -0.23350899688772295 -0.0
-0.1336029994714037 -0.26967499406255613 -0.019730999553673457 0.4543740083692505 -0.04748499842608452 0.897918004383781 -0.23350899688772295 -0.0
-0.13360399430907732 -0.26967499406255613 -0.019730999553673457 0.4543740083692505 -0.04748599326375816 0.897918004383781 -0.23350800205004932 -0.0
-0.13360399430907732 -0.26967499406255613 -0.019730999553673457 0.4543729960782843 -0.04748599326375816 0.897918004383781 -0.23350899688772295 -0.0
-0.1336029994714037 -0.26967499406255613 -0.019730999553673457 0.4543740083692505 -0.04748599326375816 0.897918004383781 -0.23350899688772295 -0.0
-0.1336029994714037 -0.26967499406255613 -0.019730999553673457 0.4543740083692505 -0.04748599326375816 0.897918004383781 -0.23350800205004932 -0.0
-0.13360399430907732 -0.2696760063535223 -0.019730999553673457 0.4543740083692505 -0.04748599326375816 0.897918004383781 -0.23350800205004932 -0.0
-0.13360399430907732 -0.26967499406255613 -0.019730999553673457 0.4543740083692505 -0.04748499842608452 0.897918004383781 -0.23350899688772295 -0.0
-0.1336029994714037 -0.26967499406255613 -0.019730999553673457 0.4543740083692505 -0.04748599326375816 0.897918004383781 -0.23350899688772295 -0.0
-0.1336029994714037 -0.26967499406255613 -0.019730999553673457 0.4543729960782843 -0.04748599326375816 0.897918004383781 -0.23350899688772295 -0.0
-0.13360399430907732 -0.26967499406255613 -0.019730999553673457 0.4543740083692505 -0.04748599326375816 0.897918004383781 -0.23350800205004932 -0.0
-0.1336029994714037 -0.26967499406255613 -0.019730999553673457 0.4543740083692505 -0.04748599326375816 0.897918004383781 -0.23350800205004932 -0.0
-0.13360399430907732 -0.2696760063535223 -0.019730999553673457 0.4543740083692505 -0.04748599326375816 0.897918004383781 -0.23350899688772295 -0.0
-0.1336029994714037 -0.26967499406255613 -0.019730999553673457 0.4543740083692505 -0.04748599326375816 0.897918004383781 -0.23350899688772295 -0.0
-0.1336029994714037 -0.26967499406255613 -0.019730999553673457 0.4543729960782843 -0.04748499842608452 0.8979169920928148 -0.23350899688772295 -0.0
-0.13360399430907732 -0.26967499406255613 -0.019730999553673457 0.4543740083692505 -0.04748599326375816 0.897918004383781 -0.23350800205004932 -0.0
-0.13360399430907732 -0.26967499406255613 -0.019730999553673457 0.4543740083692505 -0.04748599326375816 0.897918004383781 -0.23350899688772295 -0.0
-0.1336029994714037 -0.26967499406255613 -0.019730999553673457 0.4543740083692505 -0.04748599326375816 0.897918004383781 -0.23350800205004932 -0.0
-0.1336029994714037 -0.2696760063535223 -0.019730999553673457 0.4543740083692505 -0.04748599326375816 0.897918004383781 -0.23350899688772295 -0.0
-0.13360399430907732 -0.26967499406255613 -0.019730999553673457 0.4543740083692505 -0.04748599326375816 0.897918004383781 -0.23350899688772295 -0.0
-0.1336029994714037 -0.26967499406255613 -0.019730999553673457 0.4543729960782843 -0.04748499842608452 0.897918004383781 -0.23350800205004932 -0.0
-0.13360399430907732 -0.26967499406255613 -0.019730999553673457 0.4543740083692505 -0.04748599326375816 0.897918004383781 -0.23350899688772295 -0.0
-0.1336029994714037 -0.26967499406255613 -0.019730999553673457 0.4543740083692505 -0.04748599326375816 0.897918004383781 -0.23350800205004932 -0.0
-0.13360399430907732 -0.26967499406255613 -0.019730999553673457 0.4543740083692505 -0.04748599326375816 0.897918004383781 -0.23350899688772295 -0.0
-0.1336029994714037 -0.2696760063535223 -0.019730999553673457 0.4543740083692505 -0.04748599326375816 0.897918004383781 -0.23350899688772295 -0.0
-0.13360399430907732 -0.26967499406255613 -0.019730999553673457 0.4543740083692505 -0.04748599326375816 0.897918004383781 -0.23350800205004932 -0.0
-0.1336029994714037 -0.26967499406255613 -0.019730999553673457 0.4543729960782843 -0.04748499842608452 0.8979169920928148 -0.23350899688772295 -0.0
-0.1336029994714037 -0.26967499406255613 -0.019730999553673457 0.4543740083692505 -0.04748599326375816 0.897918004383781 -0.23350899688772295 -0.0
-0.13360399430907732 -0.26967499406255613 -0.019730999553673457 0.4543740083692505 -0.04748599326375816 0.897918004383781 -0.23350800205004932 -0.0
-0.13360399430907732 -0.26967499406255613 -0.019730999553673457 0.4543740083692505 -0.04748599326375816 0.897918004383781 -0.23350800205004932 -0.0
-0.1336029994714037 -0.26967499406255613 -0.019730999553673457 0.4543740083692505 -0.04748599326375816 0.897918004383781 -0.23350899688772295 -0.0
-0.1336029994714037 -0.2696760063535223 -0.019730999553673457 0.4543740083692505 -0.04748599326375816 0.897918004383781 -0.23350899688772295 -0.0
-0.13360399430907732 -0.26967499406255613 -0.019730999553673457 0.4543729960782843 -0.04748599326375816 0.897918004383781 -0.23350899688772295 -0.0
-0.1336029994714037 -0.26967499406255613 -0.019730999553673457 0.4543740083692505 -0.04748499842608452 0.897918004383781 -0.23350800205004932 -0.0
-0.1336029994714037 -0.26967499406255613 -0.019730999553673457 0.4543740083692505 -0.04748599326375816 0.897918004383781 -0.23350899688772295 -0.0
-0.13360399430907732 -0.26967499406255613 -0.019730999553673457 0.4543740083692505 -0.04748599326375816 0.897918004383781 -0.23350800205004932 -0.0
-0.13360399430907732 -0.26967499406255613 -0.019730999553673457 0.4543740083692505 -0.04748599326375816 0.897918004383781 -0.23350899688772295 -0.0
-0.1336029994714037 -0.2696760063535223 -0.019730999553673457 0.4543740083692505 -0.04748599326375816 0.897918004383781 -0.23350899688772295 -0.0
-0.1336029994714037 -0.26967499406255613 -0.019730999553673457 0.4543729960782843 -0.04748599326375816 0.897918004383781 -0.23350800205004932 -0.0
-0.13360399430907732 -0.26967499406255613 -0.019730999553673457 0.4543740083692505 -0.04748499842608452 0.897918004383781 -0.23350899688772295 -0.0
-0.1336029994714037 -0.26967499406255613 -0.019730999553673457 0.4543740083692505 -0.04748599326375816 0.8979169920928148 -0.23350800205004932 -0.0
-0.13360399430907732 -0.26967499406255613 -0.019730999553673457 0.4543740083692505 -0.04748599326375816 0.897918004383781 -0.23350899688772295 -0.0
-0.1336029994714037 -0.26967499406255613 -0.019730999553673457 0.4543740083692505 -0.04748599326375816 0.897918004383781 -0.23350899688772295 -0.0
-0.1336029994714037 -0.26967499406255613 -0.019730999553673457 0.4543729960782843 -0.04748599326375816 0.897918004383781 -0.23350800205004932 -0.0
-0.13360399430907732 -0.2696760063535223 -0.019730999553673457 0.4543740083692505 -0.04748599326375816 0.897918004383781 -0.23350800205004932 -0.0
-0.13360399430907732 -0.26967499406255613 -0.019730999553673457 0.4543740083692505 -0.04748499842608452 0.897918004383781 -0.23350899688772295 -0.0
-0.1336029994714037 -0.26967499406255613 -0.019730999553673457 0.4543740083692505 -0.04748599326375816 0.897918004383781 -0.23350899688772295 -0.0
-0.1336029994714037 -0.26967499406255613 -0.019730999553673457 0.4543740083692505 -0.04748599326375816 0.897918004383781 -0.23350899688772295 -0.0
-0.13360399430907732 -0.26967499406255613 -0.019730999553673457 0.4543740083692505 -0.04748599326375816 0.897918004383781 -0.23350800205004932 -0.0
-0.1336029994714037 -0.26967499406255613 -0.019730999553673457 0.4543729960782843 -0.04748599326375816 0.897918004383781 -0.23350800205004932 -0.0
-0.13360399430907732 -0.2696760063535223 -0.019730999553673457 0.4543740083692505 -0.04748599326375816 0.897918004383781 -0.23350899688772295 -0.0
-0.1336029994714037 -0.26967499406255613 -0.019730999553673457 0.4543740083692505 -0.04748599326375816 0.897918004383781 -0.23350899688772295 -0.0
-0.13360399430907732 -0.26967499406255613 -0.019730999553673457 0.4543740083692505 -0.04748499842608452 0.897918004383781 -0.23350899688772295 -0.0
-0.13360399430907732 -0.26967499406255613 -0.019730999553673457 0.4543740083692505 -0.04748599326375816 0.8979169920928148 -0.23350800205004932 -0.0
-0.13360399430907732 -0.26967499406255613 -0.019730999553673457 0.4543729960782843 -0.04748599326375816 0.897918004383781 -0.23350800205004932 -0.0
-0.1336029994714037 -0.26967499406255613 -0.019730999553673457 0.4543740083692505 -0.04748599326375816 0.897918004383781 -0.23350899688772295 -0.0
-0.1336029994714037 -0.2696760063535223 -0.019730999553673457 0.4543740083692505 -0.04748599326375816 0.897918004383781 -0.23350899688772295 -0.0
-0.13360399430907732 -0.26967499406255613 -0.019730999553673457 0.4543740083692505 -0.04748599326375816 0.897918004383781 -0.23350899688772295 -0.0
-0.13360399430907732 -0.26967499406255613 -0.019730999553673457 0.4543740083692505 -0.04748599326375816 0.897918004383781 -0.23350800205004932 -0.0
-0.1336029994714037 -0.26967499406255613 -0.019730999553673457 0.4543740083692505 -0.04748499842608452 0.897918004383781 -0.23350899688772295 -0.0
-0.1336029994714037 -0.26967499406255613 -0.019730999553673457 0.4543740083692505 -0.04748599326375816 0.897918004383781 -0.23350800205004932 -0.0
-0.13360399430907732 -0.26967499406255613 -0.019730999553673457 0.4543729960782843 -0.04748599326375816 0.897918004383781 -0.23350899688772295 -0.0
-0.1336029994714037 -0.26967499406255613 -0.019730999553673457 0.4543740083692505 -0.04748599326375816 0.897918004383781 -0.23350899688772295 -0.0
-0.13360399430907732 -0.2696760063535223 -0.019730999553673457 0.4543740083692505 -0.04748599326375816 0.897918004383781 -0.23350800205004932 -0.0
-0.1336029994714037 -0.26967499406255613 -0.019730999553673457 0.4543740083692505 -0.04748599326375816 0.897918004383781 -0.23350899688772295 -0.0
-0.1336029994714037 -0.26967499406255613 -0.019730999553673457 0.4543740083692505 -0.04748499842608452 0.897918004383781 -0.23350899688772295 -0.0
-0.13360399430907732 -0.26967499406255613 -0.019730999553673457 0.4543740083692505 -0.04748599326375816 0.8979169920928148 -0.23350800205004932 -0.0
-0.13360399430907732 -0.26967499406255613 -0.019730999553673457 0.4543729960782843 -0.04748599326375816 0.897918004383781 -0.23350800205004932 -0.0
-0.1336029994714037 -0.26967499406255613 -0.019730999553673457 0.4543740083692505 -0.04748599326375816 0.897918004383781 -0.23350899688772295 -0.0
-0.1336029994714037 -0.26967499406255613 -0.019730999553673457 0.4543740083692505 -0.04748599326375816 0.897918004383781 -0.23350899688772295 -0.0
-0.13360399430907732 -0.2696760063535223 -0.019730999553673457 0.4543740083692505 -0.04748599326375816 0.897918004383781 -0.23350800205004932 -0.0
-0.13360399430907732 -0.26967499406255613 -0.019730999553673457 0.4543740083692505 -0.04748599326375816 0.897918004383781 -0.23350899688772295 -0.0
-0.1336029994714037 -0.26967499406255613 -0.019730999553673457 0.4543729960782843 -0.04748499842608452 0.897918004383781 -0.23350899688772295 -0.0
-0.1336029994714037 -0.26967499406255613 -0.019730999553673457 0.4543740083692505 -0.04748599326375816 0.897918004383781 -0.23350800205004932 -0.0
-0.13360399430907732 -0.26967499406255613 -0.019730999553673457 0.4543740083692505 -0.04748599326375816 0.897918004383781 -0.23350800205004932 -0.0
-0.1336029994714037 -0.26967499406255613 -0.019730999553673457 0.4543740083692505 -0.04748599326375816 0.897918004383781 -0.23350899688772295 -0.0
-0.13360399430907732 -0.2696760063535223 -0.019730999553673457 0.4543740083692505 -0.04748599326375816 0.897918004383781 -0.23350899688772295 -0.0
-0.1336029994714037 -0.26967499406255613 -0.019730999553673457 0.4543740083692505 -0.04748599326375816 0.897918004383781 -0.23350800205004932 -0.0
-0.13360399430907732 -0.26967499406255613 -0.019730999553673457 0.4543729960782843 -0.04748499842608452 0.8979169920928148 -0.23350899688772295 -0.0
-0.1336029994714037 -0.26967499406255613 -0.019730999553673457 0.4543740083692505 -0.04748599326375816 0.897918004383781 -0.23350899688772295 -0.0
-0.1336029994714037 -0.26967499406255613 -0.019730999553673457 0.4543740083692505 -0.04748599326375816 0.897918004383781 -0.23350800205004932 -0.0
-0.13360399430907732 -0.26967499406255613 -0.019730999553673457 0.4543740083692505 -0.04748599326375816 0.897918004383781 -0.23350899688772295 -0.0
-0.1336029994714037 -0.26967499406255613 -0.019730999553673457 0.4543740083692505 -0.04748599326375816 0.897918004383781 -0.23350800205004932 -0.0
-0.13360399430907732 -0.2696760063535223 -0.019730999553673457 0.4543740083692505 -0.04748599326375816 0.897918004383781 -0.23350899688772295 -0.0
-0.13360399430907732 -0.26967499406255613 -0.019730999553673457 0.4543729960782843 -0.04748599326375816 0.897918004383781 -0.23350899688772295 -0.0
-0.1336029994714037 -0.26967499406255613 -0.019730999553673457 0.4543740083692505 -0.04748499842608452 0.897918004383781 -0.23350800205004932 -0.0
-0.1336029994714037 -0.26967499406255613 -0.019730999553673457 0.4543740083692505 -0.04748599326375816 0.897918004383781 -0.23350899688772295 -0.0
-0.13360399430907732 -0.26967499406255613 -0.019730999553673457 0.4543740083692505 -0.04748599326375816 0.897918004383781 -0.23350800205004932 -0.0
-0.1336029994714037 -0.26967499406255613 -0.019730999553673457 0.4543740083692505 -0.04748599326375816 0.897918004383781 -0.23350899688772295 -0.0
-0.1336029994714037 -0.2696760063535223 -0.019730999553673457 0.4543740083692505 -0.04748599326375816 0.897918004383781 -0.23350899688772295 -0.0
-0.13360399430907732 -0.26967499406255613 -0.019730999553673457 0.4543740083692505 -0.04748599326375816 0.897918004383781 -0.23350800205004932 -0.0
-0.13360399430907732 -0.26967499406255613 -0.019730999553673457 0.4543729960782843 -0.04748499842608452 0.897918004383781 -0.23350899688772295 -0.0
-0.1336029994714037 -0.26967499406255613 -0.019730999553673457 0.4543740083692505 -0.04748599326375816 0.8979169920928148 -0.23350800205004932 -0.0
-0.1336029994714037 -0.26967499406255613 -0.019730999553673457 0.4543740083692505 -0.04748599326375816 0.897918004383781 -0.23350899688772295 -0.0
-0.13360399430907732 -0.26967499406255613 -0.019730999553673457 0.4543740083692505 -0.04748599326375816 0.897918004383781 -0.23350899688772295 -0.0
-0.1336029994714037 -0.2696760063535223 -0.019730999553673457 0.4543740083692505 -0.04748599326375816 0.897918004383781 -0.23350800205004932 -0.0
-0.13360399430907732 -0.26967499406255613 -0.019730999553673457 0.4543740083692505 -0.04748599326375816 0.897918004383781 -0.23350899688772295 -0.0
-0.1336029994714037 -0.26967499406255613 -0.019730999553673457 0.4543729960782843 -0.04748599326375816 0.897918004383781 -0.23350800205004932 -0.0
-0.1336029994714037 -0.26967499406255613 -0.019730999553673457 0.4543740083692505 -0.04748499842608452 0.897918004383781 -0.23350800205004932 -0.0
-0.1336029994714037 -0.26967499406255613 -0.019730999553673457 0.4543740083692505 -0.04748599326375816 0.897918004383781 -0.23350800205004932 -0.0
-0.1336029994714037 -0.26967499406255613 -0.019730999553673457 0.4543740083692505 -0.04748599326375816 0.897918004383781 -0.23350899688772295 -0.0
-0.13360399430907732 -0.26967499406255613 -0.019730999553673457 0.4543740083692505 -0.04748599326375816 0.897918004383781 -0.23350899688772295 -0.0
-0.13360399430907732 -0.2696760063535223 -0.019730999553673457 0.4543740083692505 -0.04748599326375816 0.897918004383781 -0.23350800205004932 -0.0
-0.1336029994714037 -0.26967499406255613 -0.019730999553673457 0.4543740083692505 -0.04748599326375816 0.897918004383781 -0.23350899688772295 -0.0
-0.1336029994714037 -0.26967499406255613 -0.019730999553673457 0.4543729960782843 -0.04748499842608452 0.897918004383781 -0.23350899688772295 -0.0
-0.13360399430907732 -0.26967499406255613 -0.019730999553673457 0.4543740083692505 -0.04748599326375816 0.8979169920928148 -0.23350800205004932 -0.0
-0.13360399430907732 -0.26967499406255613 -0.019730999553673457 0.4543740083692505 -0.04748599326375816 0.897918004383781 -0.23350800205004932 -0.0
-0.1336029994714037 -0.26967499406255613 -0.019730999553673457 0.4543740083692505 -0.04748599326375816 0.897918004383781 -0.23350899688772295 -0.0
-0.1336029994714037 -0.2696760063535223 -0.019730999553673457 0.4543740083692505 -0.04748599326375816 0.897918004383781 -0.23350899688772295 -0.0
-0.13360399430907732 -0.26967499406255613 -0.019730999553673457 0.4543740083692505 -0.04748599326375816 0.897918004383781 -0.23350899688772295 -0.0
-0.1336029994714037 -0.26967499406255613 -0.019730999553673457 0.4543729960782843 -0.04748599326375816 0.897918004383781 -0.23350800205004932 -0.0
-0.13360399430907732 -0.26967499406255613 -0.019730999553673457 0.4543740083692505 -0.04748499842608452 0.897918004383781 -0.23350800205004932 -0.0
-0.1336029994714037 -0.26967499406255613 -0.019730999553673457 0.4543740083692505 -0.04748599326375816 0.897918004383781 -0.23350899688772295 -0.0
-0.13360399430907732 -0.26967499406255613 -0.019730999553673457 0.4543740083692505 -0.04748599326375816 0.897918004383781 -0.23350899688772295 -0.0
-0.1336029994714037 -0.2696760063535223 -0.019730999553673457 0.4543740083692505 -0.04748599326375816 0.897918004383781 -0.23350899688772295 -0.0
-0.13360399430907732 -0.26967499406255613 -0.019730999553673457 0.4543740083692505 -0.04748599326375816 0.897918004383781 -0.23350800205004932 -0.0
-0.1336029994714037 -0.26967499406255613 -0.019730999553673457 0.4543729960782843 -0.04748599326375816 0.897918004383781 -0.23350800205004932 -0.0
-0.13360399430907732 -0.26967499406255613 -0.019730999553673457 0.4543740083692505 -0.04748499842608452 0.8979169920928148 -0.23350899688772295 -0.0
-0.1336029994714037 -0.26967499406255613 -0.019730999553673457 0.4543740083692505 -0.04748599326375816 0.897918004383781 -0.23350899688772295 -0.0
-0.1336029994714037 -0.26967499406255613 -0.019730999553673457 0.4543740083692505 -0.04748599326375816 0.897918004383781 -0.23350899688772295 -0.0
-0.13360399430907732 -0.26967499406255613 -0.019730999553673457 0.4543740083692505 -0.04748599326375816 0.897918004383781 -0.23350800205004932 -0.0
-0.13360399430907732 -0.26967499406255613 -0.019730999553673457 0.4543729960782843 -0.04748599326375816 0.897918004383781 -0.23350800205004932 -0.0
-0.1336029994714037 -0.2696760063535223 -0.019730999553673457 0.4543740083692505 -0.04748599326375816 0.897918004383781 -0.23350899688772295 -0.0
-0.1336029994714037 -0.26967499406255613 -0.019730999553673457 0.4543740083692505 -0.04748499842608452 0.897918004383781 -0.23350899688772295 -0.0
-0.13360399430907732 -0.26967499406255613 -0.019730999553673457 0.4543740083692505 -0.04748599326375816 0.897918004383781 -0.23350899688772295 -0.0
-0.1336029994714037 -0.26967499406255613 -0.019730999553673457 0.4543740083692505 -0.04748599326375816 0.897918004383781 -0.23350800205004932 -0.0
-0.13360399430907732 -0.26967499406255613 -0.019730999553673457 0.4543740083692505 -0.04748599326375816 0.897918004383781 -0.23350899688772295 -0.0
-0.1336029994714037 -0.26967499406255613 -0.019730999553673457 0.4543729960782843 -0.04748599326375816 0.897918004383781 -0.23350800205004932 -0.0
-0.13360399430907732 -0.2696760063535223 -0.019730999553673457 0.4543740083692505 -0.04748599326375816 0.897918004383781 -0.23350899688772295 -0.0
-0.1336029994714037 -0.26967499406255613 -0.019730999553673457 0.4543740083692505 -0.04748499842608452 0.8979169920928148 -0.23350899688772295 -0.0
-0.13360399430907732 -0.26967499406255613 -0.019730999553673457 0.4543740083692505 -0.04748599326375816 0.897918004383781 -0.23350800205004932 -0.0
-0.1336029994714037 -0.26967499406255613 -0.019730999553673457 0.4543740083692505 -0.04748599326375816 0.897918004383781 -0.23350899688772295 -0.0
-0.13360399430907732 -0.26967499406255613 -0.019730999553673457 0.4543740083692505 -0.04748599326375816 0.897918004383781 -0.23350800205004932 -0.0
-0.1336029994714037 -0.26967499406255613 -0.019730999553673457 0.4543729960782843 -0.04748599326375816 0.897918004383781 -0.23350899688772295 -0.0
-0.13360399430907732 -0.2696760063535223 -0.019730999553673457 0.4543740083692505 -0.04748599326375816 0.897918004383781 -0.23350899688772295 -0.0
-0.1336029994714037 -0.26967499406255613 -0.019730999553673457 0.4543740083692505 -0.04748499842608452 0.897918004383781 -0.23350800205004932 -0.0
-0.1336029994714037 -0.26967499406255613 -0.019730999553673457 0.4543740083692505 -0.04748599326375816 0.897918004383781 -0.23350899688772295 -0.0
-0.13360399430907732 -0.26967499406255613 -0.019730999553673457 0.4543740083692505 -0.04748599326375816 0.897918004383781 -0.23350800205004932 -0.0
-0.13360399430907732 -0.26967499406255613 -0.019730999553673457 0.4543740083692505 -0.04748599326375816 0.897918004383781 -0.23350899688772295 -0.0
-0.1336029994714037 -0.26967499406255613 -0.019730999553673457 0.4543729960782843 -0.04748599326375816 0.897918004383781 -0.23350899688772295 -0.0
-0.1336029994714037 -0.2696760063535223 -0.019730999553673457 0.4543740083692505 -0.04748599326375816 0.897918004383781 -0.23350800205004932 -0.0
-0.13360399430907732 -0.26967499406255613 -0.019730999553673457 0.4543740083692505 -0.04748499842608452 0.897918004383781 -0.23350899688772295 -0.0
-0.1336029994714037 -0.26967499406255613 -0.019730999553673457 0.4543740083692505 -0.04748599326375816 0.897918004383781 -0.23350800205004932 -0.0
-0.13360399430907732 -0.26967499406255613 -0.019730999553673457 0.4543740083692505 -0.04748599326375816 0.8979169920928148 -0.23350899688772295 -0.0
-0.1336029994714037 -0.26967499406255613 -0.019730999553673457 0.4543740083692505 -0.04748599326375816 0.897918004383781 -0.23350899688772295 -0.0
-0.13360399430907732 -0.26967499406255613 -0.019730999553673457 0.4543729960782843 -0.04748599326375816 0.897918004383781 -0.23350800205004932 -0.0
-0.1336029994714037 -0.2696760063535223 -0.019730999553673457 0.4543740083692505 -0.04748599326375816 0.897918004383781 -0.23350899688772295 -0.0
-0.13360399430907732 -0.26967499406255613 -0.019730999553673457 0.4543740083692505 -0.04748599326375816 0.897918004383781 -0.23350800205004932 -0.0
-0.1336029994714037 -0.26967499406255613 -0.019730999553673457 0.4543740083692505 -0.04748499842608452 0.897918004383781 -0.23350899688772295 -0.0
-0.1336029994714037 -0.26967499406255613 -0.019730999553673457 0.4543740083692505 -0.04748599326375816 0.897918004383781 -0.23350899688772295 -0.0
-0.13360399430907732 -0.26967499406255613 -0.019730999553673457 0.4543740083692505 -0.04748599326375816 0.897918004383781 -0.23350800205004932 -0.0
-0.13360399430907732 -0.26967499406255613 -0.019730999553673457 0.4543729960782843 -0.04748599326375816 0.897918004383781 -0.23350899688772295 -0.0
-0.1336029994714037 -0.26967499406255613 -0.019730999553673457 0.4543740083692505 -0.04748599326375816 0.897918004383781 -0.23350899688772295 -0.0
-0.1336029994714037 -0.2696760063535223 -0.019730999553673457 0.4543740083692505 -0.04748599326375816 0.897918004383781 -0.23350800205004932 -0.0
-0.13360399430907732 -0.26967499406255613 -0.019730999553673457 0.4543740083692505 -0.04748499842608452 0.897918004383781 -0.23350899688772295 -0.0
-0.1336029994714037 -0.26967499406255613 -0.019730999553673457 0.4543740083692505 -0.04748599326375816 0.897918004383781 -0.23350800205004932 -0.0
-0.13360399430907732 -0.26967499406255613 -0.019730999553673457 0.4543729960782843 -0.04748599326375816 0.897918004383781 -0.23350899688772295 -0.0
-0.1336029994714037 -0.26967499406255613 -0.019730999553673457 0.4543740083692505 -0.04748599326375816 0.8979169920928148 -0.23350899688772295 -0.0
-0.1336029994714037 -0.26967499406255613 -0.019730999553673457 0.4543740083692505 -0.04748599326375816 0.897918004383781 -0.23350800205004932 -0.0
-0.13360399430907732 -0.26967499406255613 -0.019730999553673457 0.4543740083692505 -0.04748599326375816 0.897918004383781 -0.23350899688772295 -0.0
-0.13360399430907732 -0.2696760063535223 -0.019730999553673457 0.4543740083692505 -0.04748499842608452 0.897918004383781 -0.23350899688772295 -0.0
-0.1336029994714037 -0.26967499406255613 -0.019730999553673457 0.4543740083692505 -0.04748599326375816 0.897918004383781 -0.23350800205004932 -0.0
-0.1336029994714037 -0.26967499406255613 -0.019730999553673457 0.4543729960782843 -0.04748599326375816 0.897918004383781 -0.23350800205004932 -0.0
-0.13360399430907732 -0.26967499406255613 -0.019730999553673457 0.4543740083692505 -0.04748599326375816 0.897918004383781 -0.23350899688772295 -0.0
-0.13360399430907732 -0.26967499406255613 -0.019730999553673457 0.4543740083692505 -0.04748599326375816 0.897918004383781 -0.23350899688772295 -0.0
-0.1336029994714037 -0.26967499406255613 -0.019730999553673457 0.4543740083692505 -0.04748599326375816 0.897918004383781 -0.23350899688772295 -0.0
-0.1336029994714037 -0.2696760063535223 -0.019730999553673457 0.4543740083692505 -0.04748499842608452 0.897918004383781 -0.23350800205004932 -0.0
-0.13360399430907732 -0.26967499406255613 -0.019730999553673457 0.4543740083692505 -0.04748599326375816 0.897918004383781 -0.23350899688772295 -0.0
-0.1336029994714037 -0.26967499406255613 -0.019730999553673457 0.4543729960782843 -0.04748599326375816 0.897918004383781 -0.23350800205004932 -0.0
-0.1336029994714037 -0.26967499406255613 -0.019730999553673457 0.4543740083692505 -0.04748599326375816 0.897918004383781 -0.23350899688772295 -0.0
-0.13360399430907732 -0.26967499406255613 -0.019730999553673457 0.4543740083692505 -0.04748599326375816 0.8979169920928148 -0.23350899688772295 -0.0
-0.13360399430907732 -0.26967499406255613 -0.019730999553673457 0.4543740083692505 -0.04748599326375816 0.897918004383781 -0.23350800205004932 -0.0
-0.1336029994714037 -0.2696760063535223 -0.019730999553673457 0.4543740083692505 -0.04748499842608452 0.897918004383781 -0.23350800205004932 -0.0
-0.1336029994714037 -0.26967499406255613 -0.019730999553673457 0.4543740083692505 -0.04748599326375816 0.897918004383781 -0.23350899688772295 -0.0
-0.13360399430907732 -0.26967499406255613 -0.019730999553673457 0.4543729960782843 -0.04748599326375816 0.897918004383781 -0.23350899688772295 -0.0
-0.13360399430907732 -0.26967499406255613 -0.019730999553673457 0.4543740083692505 -0.04748599326375816 0.897918004383781 -0.23350899688772295 -0.0
-0.1336029994714037 -0.26967499406255613 -0.019730999553673457 0.4543740083692505 -0.04748599326375816 0.897918004383781 -0.23350800205004932 -0.0
-0.1336029994714037 -0.26967499406255613 -0.019730999553673457 0.4543740083692505 -0.04748599326375816 0.897918004383781 -0.23350899688772295 -0.0
-0.13360399430907732 -0.26967499406255613 -0.019730999553673457 0.4543740083692505 -0.04748499842608452 0.897918004383781 -0.23350899688772295 -0.0
-0.1336029994714037 -0.2696760063535223 -0.019730999553673457 0.4543729960782843 -0.04748599326375816 0.897918004383781 -0.23350800205004932 -0.0
-0.13360399430907732 -0.26967499406255613 -0.019730999553673457 0.4543740083692505 -0.04748599326375816 0.897918004383781 -0.23350899688772295 -0.0
-0.1336029994714037 -0.26967499406255613 -0.019730999553673457 0.4543740083692505 -0.04748599326375816 0.8979169920928148 -0.23350800205004932 -0.0
-0.13360399430907732 -0.26967499406255613 -0.019730999553673457 0.4543740083692505 -0.04748599326375816 0.897918004383781 -0.23350899688772295 -0.0
-0.1336029994714037 -0.26967499406255613 -0.019730999553673457 0.4543740083692505 -0.04748599326375816 0.897918004383781 -0.23350899688772295 -0.0
-0.1336029994714037 -0.26967499406255613 -0.019730999553673457 0.4543740083692505 -0.04748499842608452 0.897918004383781 -0.23350800205004932 -0.0
-0.13360399430907732 -0.26967499406255613 -0.019730999553673457 0.4543729960782843 -0.04748599326375816 0.897918004383781 -0.23350899688772295 -0.0
-0.13360399430907732 -0.2696760063535223 -0.019730999553673457 0.4543740083692505 -0.04748599326375816 0.897918004383781 -0.23350899688772295 -0.0
-0.1336029994714037 -0.26967499406255613 -0.019730999553673457 0.4543740083692505 -0.04748599326375816 0.897918004383781 -0.23350800205004932 -0.0
-0.1336029994714037 -0.26967499406255613 -0.019730999553673457 0.4543740083692505 -0.04748599326375816 0.897918004383781 -0.23350800205004932 -0.0
-0.13360399430907732 -0.26967499406255613 -0.019730999553673457 0.4543740083692505 -0.04748599326375816 0.897918004383781 -0.23350899688772295 -0.0
-0.13360399430907732 -0.26967499406255613 -0.019730999553673457 0.4543740083692505 -0.04748599326375816 0.897918004383781 -0.23350899688772295 -0.0
-0.1336029994714037 -0.26967499406255613 -0.019730999553673457 0.4543729960782843 -0.04748499842608452 0.897918004383781 -0.23350899688772295 -0.0
-0.1336029994714037 -0.2696760063535223 -0.019730999553673457 0.4543740083692505 -0.04748599326375816 0.897918004383781 -0.23350800205004932 -0.0
-0.13360399430907732 -0.26967499406255613 -0.019730999553673457 0.4543740083692505 -0.04748599326375816 0.8979169920928148 -0.23350800205004932 -0.0
-0.13360399430907732 -0.26967499406255613 -0.019730999553673457 0.4543740083692505 -0.04748599326375816 0.897918004383781 -0.23350899688772295 -0.0
-0.1336029994714037 -0.26967499406255613 -0.019730999553673457 0.4543740083692505 -0.04748599326375816 0.897918004383781 -0.23350899688772295 -0.0
