0.25682884 5.2150763e-06 0.40051392 1.0 2.1364038e-05 -1.0238946e-05 2.1363976e-05 -1.0 -6.1259293e-06 0.0 0.0 0.0 0.0 0.0 0.0 0.04761905
0.25682884 5.2150763e-06 0.40051392 1.0 2.1364038e-05 -1.0238946e-05 2.1363976e-05 -1.0 -6.1259293e-06 0.0 0.0 0.0 0.0 0.0 0.0 0.048809525
0.25682092 1.8366422e-05 0.4005824 1.0 7.759608e-05 6.3764164e-05 7.75988e-05 -1.0 -4.2610325e-05 -0.0004690935 -0.0030615223 -0.013278385 0.008487671 0.0068933363 -0.006713206 0.04761905
0.25687099 0.0002736363 0.401571 0.9999996 -0.0006333617 0.0006768325 -0.0006328574 -0.9999995 -0.000745029 0.005522564 -0.016839385 -0.059778083 0.045852955 0.05156106 0.06483667 0.048809525
0.25735426 0.0017903973 0.40486628 0.99995935 -0.0074867047 0.0050242846 -0.0074625136 -0.99996054 -0.0048163845 0.011087661 -0.044996392 -0.068780415 0.11705139 0.094945006 0.20939237 0.04761905
0.2578988 0.003977846 0.40802497 0.9998107 -0.017053463 0.009369761 -0.01695653 -0.99980295 -0.010328971 0.011199126 -0.050516296 -0.06343578 0.108310446 0.08918204 0.16405457 0.04761905
0.25833195 0.005889982 0.41033077 0.99964684 -0.023518035 0.01237219 -0.023346564 -0.99963176 -0.013826045 0.009328445 -0.03859925 -0.04794858 0.0651419 0.062128287 0.16461645 0.048809525
0.25872353 0.007191173 0.4122966 0.99945545 -0.029456727 0.014867688 -0.029201418 -0.9994272 -0.017106544 0.010834026 -0.031162199 -0.055625033 0.11072439 0.06681875 0.19551973 0.04761905
0.25905904 0.0075677997 0.41363797 0.9991623 -0.037374858 0.016666668 -0.037017148 -0.99908805 -0.02127805 0.007892221 0.0008188775 -0.022536479 0.09160176 0.044528954 0.19319192 0.04761905
0.25925353 0.007914443 0.41442287 0.99901706 -0.040590283 0.017812502 -0.04018003 -0.9989319 -0.022814877 0.004964798 -0.014202503 -0.0209556 0.0064819567 0.040424354 0.022691667 0.04761905
0.25946072 0.009012776 0.41539592 0.9990621 -0.0385918 0.01963397 -0.038140606 -0.9990109 -0.022857826 0.0034817639 -0.015412288 -0.015440398 0.026396431 0.033249483 -0.024909094 0.04761905
0.25955972 0.00943344 0.41570422 0.9990801 -0.037627324 0.020569786 -0.037151054 -0.99904335 -0.023065357 0.002239045 -0.008801613 -0.007741333 0.0074259965 0.022880694 -0.028133033 0.048809525
0.25965157 0.00988284 0.41600177 0.9990982 -0.03664835 0.021442182 -0.03614788 -0.9990752 -0.02328036 0.0013984292 -0.0131376395 -0.005336984 0.012150375 0.015974203 -0.033203363 0.04761905
0.25969186 0.009994874 0.41614667 0.99910605 -0.036185272 0.021856641 -0.035672203 -0.99908924 -0.023424884 0.0012341823 0.00042825795 -0.0043649897 -0.004710352 0.012067868 -0.01150997 0.048809525
0.25972977 0.010130551 0.41627654 0.9991194 -0.035582386 0.022234345 -0.035064295 -0.99911404 -0.023272319 0.0011047455 -0.004621403 -0.0038833048 -0.009777886 0.011241475 -0.021515083 0.04761905
0.2597453 0.01020462 0.41632122 0.99913543 -0.035030864 0.022387588 -0.034512363 -0.9991363 -0.023141496 -0.0004222808 -0.002493928 0.0020378889 -0.0111055635 -0.0037711111 -0.012283747 0.04761905
0.2597631 0.010293061 0.41637838 0.9991446 -0.034657232 0.022559933 -0.034144074 -0.9991579 -0.02274771 0.00042907664 -0.0019629637 -0.0015414018 -0.008718293 0.004317158 -0.0057297936 0.04761905
0.25977793 0.010362402 0.4164283 0.999152 -0.034348857 0.02270425 -0.033840094 -0.99917555 -0.02242512 -0.001315606 -0.00070885906 0.005540627 -0.0060960776 -0.01251429 -0.0046068435 0.048809525
0.2598301 0.0104016885 0.41593534 0.9991928 -0.03407176 0.021281699 -0.033600576 -0.99919057 -0.022118764 0.00088412367 -0.00014517593 0.005993171 -0.0023619803 -0.018167514 -0.0019324779 0.04761905
0.26002553 0.010515136 0.41502076 0.99926335 -0.033675104 0.018404229 -0.033272564 -0.99920964 -0.021757336 0.003985478 0.0041612256 0.015421339 0.008891591 -0.050733335 0.009364679 0.048809525
0.260173 0.010597177 0.41439494 0.9992949 -0.033588298 0.01677959 -0.033224568 -0.99921644 -0.021504655 -0.0026222926 -0.0082224365 0.0140166525 -0.01626919 -0.02900976 -0.0015898728 0.04761905
0.2602955 0.010619367 0.41343105 0.999329 -0.03354677 0.014705663 -0.033235196 -0.99922824 -0.020943018 0.0065476 0.008518737 0.025248954 -0.0077446294 -0.068020895 0.017554495 0.04761905
0.26134247 0.010035073 0.41105425 0.9994003 -0.033538073 0.00861611 -0.033383593 -0.99928975 -0.017487984 0.022671262 0.012599833 0.047933213 -0.08790718 -0.122777075 0.011412378 0.048809525
0.26232925 0.009532958 0.4088703 0.99942344 -0.033828158 0.0028958162 -0.03378531 -0.99933445 -0.013748584 0.020622857 0.013593159 0.0443527 -0.11968 -0.11740836 0.009057777 0.04761905
0.262771 0.009181544 0.40780815 0.9994241 -0.033933297 8.584223e-05 -0.033930488 -0.9993684 -0.010590375 0.011354618 0.008017771 0.02753164 -0.06811638 -0.06925301 0.0066331457 0.04761905
0.2631751 0.008859419 0.40682238 0.9994047 -0.03442007 -0.0023351465 -0.034437273 -0.99937654 -0.0077789677 0.004997786 0.0056012864 0.012941352 -0.053026274 -0.025229389 0.014963529 0.048809525
0.26336998 0.008704067 0.40626565 0.9993908 -0.03471309 -0.003615373 -0.034736164 -0.99937546 -0.0065291147 0.008744637 0.004735984 0.019574799 -0.037598666 -0.05081063 0.00894313 0.048809525
0.26359835 0.008562196 0.40592244 0.99937487 -0.035065167 -0.0045039505 -0.035088494 -0.9993706 -0.0052087675 0.009571745 0.0011791617 0.002340791 -0.011181606 -0.007845561 0.025104884 0.048809525
0.26375946 0.008528284 0.40584096 0.9993673 -0.03526494 -0.0046209064 -0.035287797 -0.99936485 -0.0049616424 0.0073951334 0.001500562 0.0044230637 -0.012504786 -0.0053590755 -0.0091597 0.048809525
0.26421428 0.008386796 0.40541673 0.9993905 -0.034459703 -0.0055873846 -0.034480967 -0.99939823 -0.0037551797 0.008662939 0.0014146401 0.0059328247 -0.011462627 -0.0024600127 -0.014288118 0.048809525
0.26487166 0.008165547 0.4043217 0.9993753 -0.03445538 -0.007862266 -0.034484483 -0.99939907 -0.0035963438 0.009795584 0.0046924315 0.02801687 0.0051598856 -0.07463259 0.008223113 0.048809525
0.26538247 0.007922705 0.40287465 0.999325 -0.03477245 -0.011851183 -0.034818888 -0.99938655 -0.0037350333 0.009567735 0.0031527558 0.024280025 0.00015954685 -0.057577163 0.009696264 0.048809525
0.26627278 0.007757027 0.40154755 0.9992882 -0.03486689 -0.01440097 -0.03492535 -0.9993826 -0.0038278594 0.015763989 0.0017319871 0.013766766 0.0016197091 0.0021252206 0.0006002281 0.04761905
0.26737586 0.007606891 0.40063 0.9992891 -0.03501552 -0.013973023 -0.035074685 -0.99937665 -0.004011815 0.024570983 0.0048130285 0.024736138 0.013455486 -0.03058908 0.027412053 0.048809525
0.2686382 0.0073009813 0.39947057 0.9992739 -0.035225 -0.014521325 -0.035296742 -0.9993659 -0.004714179 0.016709479 0.0033765226 0.009664517 0.008351894 0.026096767 -0.016485611 0.04761905
0.26967004 0.0071965316 0.39828187 0.99927473 -0.034325138 -0.016487699 -0.03441509 -0.99939406 -0.005203208 0.027972745 0.0056414716 0.03623931 0.012613896 -0.086299025 -0.007911158 0.04761905
0.2706136 0.0070077567 0.39710635 0.9992456 -0.033973254 -0.018816026 -0.034084328 -0.99940336 -0.0056141033 0.025567928 0.00025460118 0.030751226 0.009923167 -0.06127121 -0.02133501 0.048809525
0.27171943 0.006607868 0.39542213 0.9991698 -0.034312718 -0.021961365 -0.034454584 -0.9993875 -0.0061142202 0.016057193 0.0049028746 0.022114355 0.013615877 -0.0017114531 0.007799755 0.048809525
0.27291334 0.0057254694 0.39341834 0.9990848 -0.03604063 -0.023036579 -0.036199193 -0.9993236 -0.0065034376 0.017112207 0.009041782 0.026470043 -0.020177385 -0.011632909 0.010641667 0.04761905
0.27441788 0.004510487 0.3904925 0.99889886 -0.03741929 -0.028299998 -0.03758076 -0.9992801 -0.0051952177 0.021091742 0.031439185 0.046769075 -0.047073986 -0.10959856 0.027832774 0.048809525
0.27502704 0.003118591 0.3894306 0.99878144 -0.03886443 -0.030417575 -0.038979802 -0.9992349 -0.0032089879 0.017286148 0.054652475 0.02483216 -0.05596712 -0.038002312 0.06857593 0.048809525
0.2756537 0.00065211573 0.38848078 0.99862003 -0.04243089 -0.030946162 -0.04249927 -0.9990953 -0.0015550831 0.023195662 0.06712375 0.03001877 -0.030952929 -0.015393599 0.10483646 0.048809525
0.2765513 -0.0025010267 0.3872623 0.9984234 -0.04703565 -0.030633137 -0.047063395 -0.99889195 -0.00018493767 0.016899643 0.06292597 0.022786368 -0.007444849 -0.012367627 0.097325265 0.048809525
0.27703917 -0.0045139575 0.38662985 0.998257 -0.050290305 -0.03088585 -0.05033746 -0.9987321 -0.0007506293 0.016034776 0.054826666 0.016107032 0.0295225 -0.014766615 0.09868865 0.048809525
0.27743098 -0.007183306 0.38581493 0.9979538 -0.05529675 -0.032102603 -0.05539494 -0.9984622 -0.0021767798 0.00983103 0.03855385 0.015174571 0.015705366 -0.023927867 0.06937299 0.04761905
0.27790314 -0.007967636 0.38486904 0.99783295 -0.056175765 -0.034259185 -0.056262296 -0.9984149 -0.0015662058 0.014974769 0.014241576 0.028581416 -0.017041454 -0.08002969 0.012682887 0.04761905
0.27822873 -0.008446971 0.38408974 0.9977229 -0.056725293 -0.03648629 -0.056810334 -0.9983841 -0.0012974875 0.010069775 0.010953253 0.019725235 -0.0034358213 -0.056929123 0.014130392 0.04761905
0.27847427 -0.008827382 0.38287118 0.9975935 -0.057177246 -0.039215688 -0.057265133 -0.99835837 -0.001120645 0.007809022 0.007987149 0.041468304 0.004377004 -0.09802348 0.013088183 0.048809525
0.27862465 -0.008986593 0.38209698 0.9975103 -0.057353757 -0.0410329 -0.057445668 -0.99834824 -0.0010634292 0.007438966 0.006135829 0.029820329 -0.0025315003 -0.07166091 0.0072686365 0.04761905
0.2787412 -0.009150461 0.38073465 0.9973506 -0.057655428 -0.04435924 -0.057750683 -0.9983306 -0.0008677619 0.0046891347 0.004893103 0.051507816 -0.0025079006 -0.12318764 0.00647827 0.048809525
0.27919456 -0.009404402 0.37856284 0.997231 -0.057416305 -0.04726198 -0.05751598 -0.9983444 -0.00075068127 0.014931656 0.0062235636 0.055475056 -0.01720623 -0.02406046 -0.011489812 0.04761905
0.27981222 -0.009667209 0.37562317 0.9971029 -0.05751033 -0.049783 -0.05759567 -0.9983399 -0.00028022914 0.015907627 0.004084863 0.07718791 -0.0038576522 -0.13047269 0.004737436 0.04761905
0.28058502 -0.010002807 0.3712634 0.99677926 -0.057937607 -0.05544616 -0.05802559 -0.9983152 2.3154425e-05 0.014673638 0.005984786 0.063971154 0.00016423552 -0.0858134 0.015103168 0.04761905
0.2807964 -0.010154986 0.36989057 0.99666685 -0.05828988 -0.057074066 -0.058381867 -0.9982945 5.579018e-05 0.010615889 0.005392615 0.04376813 -0.00082335016 -0.056226477 0.014195999 0.048809525
0.2812107 -0.010223342 0.36774135 0.99645776 -0.05822045 -0.060681656 -0.058323774 -0.9982977 6.8565714e-05 0.011062282 -0.00075709727 0.04580272 0.0011691438 -0.098122716 -0.0063176816 0.04761905
0.2818491 -0.010268835 0.3657568 0.9962415 -0.058076322 -0.064265326 -0.05819884 -0.9983051 -3.44218e-05 0.018996632 0.0007988963 0.04457351 0.0026855194 -0.07645596 -0.0007387253 0.048809525
0.28218165 -0.010302635 0.36494982 0.9961655 -0.05805861 -0.06544794 -0.058189113 -0.99830556 -8.800195e-05 0.026648981 0.00095568073 0.051194075 0.0036004728 -0.07266276 -0.00082143606 0.048809525
0.28301135 -0.010394856 0.3629648 0.99597996 -0.058050092 -0.06822118 -0.058201056 -0.99830484 -0.00022571487 0.016662002 0.0012780069 0.0420749 -0.0014150101 -0.079669185 -0.0012425634 0.048809525
0.28352922 -0.010499972 0.36137426 0.9957349 -0.057795595 -0.0719144 -0.05792701 -0.9983207 0.0002586434 0.017385077 0.0017254975 0.045659926 -0.008181557 -0.1152965 -0.006467187 0.048809525
0.28421864 -0.010642352 0.35948905 0.99535596 -0.057951458 -0.07686429 -0.058038436 -0.9983139 0.0011036672 0.02930772 0.0053344043 0.052151278 -0.06085545 -0.14764231 0.002032555 0.04761905
0.28485918 -0.010855948 0.3580263 0.99504083 -0.057955228 -0.08083874 -0.057886958 -0.99831796 0.0031898017 0.024970647 0.00526387 0.04010211 -0.065765426 -0.11752342 0.008849898 0.04761905
0.28552908 -0.011059469 0.35660318 0.99473345 -0.05797834 -0.08452174 -0.057751186 -0.99831784 0.005132081 0.023071896 0.0033195538 0.0370858 -0.038565096 -0.085770816 0.013805113 0.048809525
0.28629214 -0.011213677 0.355344 0.9945469 -0.057989843 -0.08668104 -0.057658993 -0.9983163 0.0063178195 0.023931941 0.0031027026 0.03700027 -0.035714086 -0.065349504 0.0003622614 0.048809525
0.28689295 -0.011374217 0.35367367 0.99428093 -0.057981655 -0.08968586 -0.057535037 -0.99831486 0.0075592464 0.02002501 0.002661906 0.042810228 -0.028380994 -0.080746666 -0.0063715186 0.04761905
0.28712368 -0.011446489 0.35272133 0.9941165 -0.057860125 -0.09156739 -0.057361756 -0.99832094 0.008067281 0.010369242 0.0017502216 0.03565713 -0.016663074 -0.07125914 0.0005796873 0.04761905
0.2874611 -0.011529109 0.3515095 0.9938963 -0.058197144 -0.09371879 -0.05764475 -0.9983001 0.008592889 0.012324283 0.0011705465 0.028174551 -0.010525386 -0.04657245 0.01494023 0.04761905
0.2877002 -0.011582895 0.35063788 0.9937578 -0.05859781 -0.09493056 -0.05801508 -0.9982761 0.008889261 0.0075984453 0.0009014025 0.020143656 -0.008651911 -0.0361344 -0.002773197 0.04761905
0.28788343 -0.011632865 0.35014015 0.9936973 -0.05831209 -0.095736384 -0.05768854 -0.9982916 0.00927049 0.0092636105 0.0017008221 0.01420161 -0.022581697 -0.026144445 -0.008028218 0.048809525
0.28804162 -0.01169008 0.34900114 0.99343514 -0.05800217 -0.098602295 -0.057337683 -0.99830925 0.009561848 0.005811484 0.00055229524 0.026680414 -0.0028756508 -0.07512344 -0.0025773987 0.04761905
0.28814292 -0.011715608 0.34812385 0.9931685 -0.05798348 -0.10126365 -0.05730854 -0.99831104 0.009564087 0.005027066 0.00028498448 0.02124441 -0.00010243746 -0.06146923 -0.00044851948 0.048809525
0.28824848 -0.011738311 0.3473548 0.9929662 -0.057982016 -0.10322888 -0.057302024 -0.9983113 0.009543154 0.008465511 0.00024354683 0.024639228 0.0016141583 -0.051193006 -0.00019587344 0.04761905
0.2884336 -0.011764434 0.34671503 0.9928253 -0.05795201 -0.10459162 -0.057265542 -0.99831355 0.009556947 0.008370609 0.0010075963 0.023180632 -0.010388766 -0.052214116 -0.0051550935 0.04761905
0.28877407 -0.011841044 0.3453311 0.99263203 -0.05765548 -0.10657157 -0.05692677 -0.9983299 0.009869802 0.01532869 0.00064058055 0.047808226 0.00208632 -0.051774636 -0.01225134 0.04761905
0.2890301 -0.011909774 0.34380734 0.9924704 -0.05713364 -0.10834313 -0.056377146 -0.9983591 0.010035197 0.008780025 0.00088977796 0.03798735 -0.00435977 -0.054012455 -0.013533731 0.04761905
0.28912172 -0.011967578 0.3422294 0.99225944 -0.05674502 -0.11045895 -0.055963505 -0.998381 0.010165156 0.0043166485 0.001035503 0.052454714 -0.0022818933 -0.069747925 -0.009552207 0.048809525
0.2891407 -0.012007838 0.3408907 0.9920902 -0.056507397 -0.11208873 -0.055715386 -0.9983947 0.010188332 0.0080421325 0.0007698863 0.043276176 -0.0007046341 -0.04395747 -0.007204386 0.04761905
0.2892262 -0.012069668 0.33911434 0.9921346 -0.05657434 -0.1116619 -0.0557773 -0.99839056 0.010251529 0.0076323985 0.0006151362 0.026415933 -0.0008801208 0.031075979 0.0003711208 0.048809525
0.2892816 -0.012123774 0.3382272 0.99217474 -0.056327876 -0.11142899 -0.05549078 -0.99840295 0.010601944 0.003412518 0.0044758604 0.0389264 -0.057960276 -0.013644324 -0.02817236 0.048809525
0.2891817 -0.01237528 0.33634147 0.9921108 -0.055123802 -0.11259472 -0.05393255 -0.9984518 0.013601016 0.0077600884 0.0047122943 0.04148702 -0.06407346 -0.022880359 -0.020900564 0.04761905
0.28919765 -0.012508275 0.33514476 0.9919865 -0.05464116 -0.113916904 -0.05326352 -0.99846625 0.015104516 0.00287422 0.0037377372 0.047142323 -0.05121635 -0.085309304 -0.013953086 0.04761905
0.28934845 -0.012665478 0.33308995 0.9915148 -0.05416219 -0.11817284 -0.05256051 -0.99847925 0.016630739 0.016950075 0.003055581 0.048747554 -0.04389586 -0.09380475 -0.009616471 0.04761905
0.28970188 -0.012799696 0.33142883 0.9912795 -0.053706672 -0.120335326 -0.051936682 -0.9984919 0.01779943 0.017682286 0.0023381046 0.048654497 -0.0334879 -0.066717215 -0.01682897 0.048809525
0.29035684 -0.012938118 0.32919204 0.99097735 -0.053140208 -0.12304456 -0.051232703 -0.9985132 0.01861721 0.022951633 0.00072418083 0.049485724 -0.009502718 -0.054291047 -0.009386128 0.048809525
0.29090616 -0.013031672 0.32727963 0.9907172 -0.052797873 -0.12526722 -0.05081575 -0.9985279 0.018968368 0.018191187 0.00044875094 0.046956405 -0.0060327053 -0.07561734 -0.008000419 0.048809525
0.2913461 -0.013103241 0.3253992 0.990327 -0.05254474 -0.12841897 -0.050501864 -0.998541 0.019114915 0.016126906 0.0002711981 0.048396863 -0.0034427303 -0.08555334 -0.0069358465 0.04761905
0.29188564 -0.013189732 0.3239802 0.99010724 -0.052136414 -0.13026685 -0.050006494 -0.9985572 0.019570569 0.019744702 0.00039579274 0.03470833 -0.006919277 -0.05206069 -0.008630965 0.048809525
0.29230395 -0.0132615445 0.32252708 0.98970735 -0.05193747 -0.13334861 -0.04971867 -0.99856496 0.019917607 0.020922365 0.00086179405 0.03488245 -0.015782978 -0.09192367 -0.002448399 0.048809525
0.29283023 -0.013352955 0.32079068 0.9891146 -0.05180456 -0.13772662 -0.04945158 -0.998567 0.020453908 0.021629957 0.0014136853 0.04463072 -0.02516186 -0.105201155 -0.019722441 0.04761905
0.2933398 -0.013478029 0.3193189 0.9887806 -0.05098926 -0.140403 -0.04843982 -0.99859464 0.021518245 0.030350918 0.0024416163 0.05653325 -0.043598283 -0.10536052 -0.033895355 0.048809525
0.29399422 -0.013626938 0.317333 0.9882855 -0.049806245 -0.1442606 -0.04701796 -0.9986367 0.022675445 0.025489321 0.0019772293 0.05263376 -0.03729196 -0.10616774 -0.03046914 0.04761905
0.2944408 -0.013731023 0.31571934 0.9877961 -0.048876967 -0.14788452 -0.045908708 -0.99867105 0.023420753 0.019725699 0.0010363003 0.047748934 -0.021921244 -0.12945278 -0.014503845 0.04761905
0.29488012 -0.013825622 0.3138484 0.9871243 -0.048676774 -0.15236841 -0.045531906 -0.9986731 0.024063595 0.018795008 0.00042780576 0.053306833 -0.013104381 -0.13635015 -0.0031178477 0.04761905
0.29535007 -0.013896601 0.3122576 0.98658526 -0.048589475 -0.15584788 -0.045329265 -0.99867404 0.024407478 0.012579127 0.0003383122 0.026466938 -0.00922108 -0.06648611 -0.0002007252 0.048809525
0.2955734 -0.013946112 0.31148407 0.98629403 -0.048410375 -0.1577358 -0.04504888 -0.9986764 0.024819082 0.019772977 0.00012828181 0.03604201 -0.00765735 -0.07724442 -0.0042937277 0.04761905
0.29631683 -0.014008795 0.30972475 0.9858724 -0.048378162 -0.16035967 -0.044969685 -0.99868 0.024818799 0.027264494 -0.00062798295 0.04365059 0.0031978465 -0.07125913 -0.0022592447 0.04761905
0.296992 -0.014056657 0.3079315 0.9853623 -0.0483652 -0.16346869 -0.04493088 -0.99868643 0.02464362 0.020694192 -0.00053401524 0.032733005 0.003253297 -0.051060114 -0.0016336591 0.048809525
0.29736006 -0.014080685 0.306989 0.9851147 -0.048318114 -0.1649679 -0.044877935 -0.99869156 0.024519797 0.020812033 -0.00072949193 0.041125238 0.005419783 -0.09417942 -0.0035163893 0.04761905
0.29805478 -0.01412925 0.30447483 0.9841485 -0.047775187 -0.17079009 -0.04430508 -0.9987283 0.024074197 0.025726926 -0.0010312629 0.05470244 0.008530719 -0.1352773 -0.015310123 0.048809525
0.29863858 -0.014168536 0.30230314 0.9832748 -0.047739644 -0.17575987 -0.04424764 -0.9987384 0.023735994 0.028119367 -0.0012450985 0.06581969 0.010444794 -0.17845006 -0.0042059845 0.04761905
0.29895616 -0.014191227 0.30088243 0.98262185 -0.047725786 -0.17937823 -0.044215973 -0.9987451 0.023516336 0.022093592 -0.00092709105 0.04879838 0.007665194 -0.12414679 -0.0022284805 0.04761905
