[ 0.20395, -0.02897,  0.1205 ,  0.99006, -0.14065, -0.00001, -0.14065,
 -0.99006, -0.00001,  0.     ]
[ 0.20395, -0.02897,  0.1205 ,  0.99006, -0.14065, -0.00001, -0.14065,
 -0.99006, -0.00001,  0.     ]
[ 0.20797, -0.02666,  0.17   ,  0.98756, -0.15711, -0.0066 , -0.15707,
 -0.98757,  0.00559,  0.     ]
[ 0.21211, -0.0219 ,  0.17476,  0.98693, -0.16062, -0.01323, -0.16047,
 -0.98697,  0.01159,  0.     ]
[ 0.21211, -0.0219 ,  0.17476,  0.98693, -0.16062, -0.01323, -0.16047,
 -0.98697,  0.01159,  0.     ]
[ 0.21662, -0.01799,  0.17811,  0.98612, -0.16481, -0.02024, -0.16447,
 -0.98623,  0.01746,  0.     ]
[ 0.21662, -0.01799,  0.17811,  0.98612, -0.16481, -0.02024, -0.16447,
 -0.98623,  0.01746,  0.     ]
[ 0.22136, -0.01214,  0.17957,  0.98552, -0.16752, -0.02622, -0.16694,
 -0.9857 ,  0.02295,  0.     ]
[ 0.22045, -0.0111 ,  0.18327,  0.98529, -0.16888, -0.02592, -0.16832,
 -0.98547,  0.02266,  0.     ]
[ 0.22526, -0.00632,  0.18281,  0.98483, -0.17041, -0.03285, -0.16951,
 -0.98511,  0.02859,  0.     ]
[ 0.22465, -0.0043 ,  0.18729,  0.98451, -0.17233, -0.03233, -0.17145,
 -0.98479,  0.02828,  0.     ]
[ 0.2286 , -0.0005 ,  0.18602,  0.98392, -0.17423, -0.0393 , -0.17293,
 -0.98434,  0.0343 ,  0.     ]
[ 0.23202, -0.04804,  0.23231,  0.91067, -0.39872,  0.10816, -0.39126,
 -0.91643, -0.08408,  0.     ]
[ 0.26897, -0.06791,  0.40192,  0.97346, -0.06428, -0.21964, -0.07292,
 -0.99684, -0.03146,  0.     ]
[ 0.27055, -0.05795,  0.40581,  0.97195, -0.07047, -0.22437, -0.07818,
 -0.99661, -0.02565,  0.     ]
[ 0.27055, -0.05795,  0.40581,  0.97195, -0.07047, -0.22437, -0.07818,
 -0.99661, -0.02565,  0.     ]
[ 0.27248, -0.04809,  0.4112 ,  0.97045, -0.07541, -0.22923, -0.08203,
 -0.99644, -0.01948,  0.     ]
[ 0.26811, -0.06565,  0.39829,  0.97133, -0.07317, -0.22618, -0.08105,
 -0.99638, -0.02577,  0.     ]
[ 0.26811, -0.06565,  0.39829,  0.97133, -0.07317, -0.22618, -0.08105,
 -0.99638, -0.02577,  0.     ]
[ 0.26946, -0.05641,  0.40319,  0.96982, -0.07912, -0.23063, -0.08593,
 -0.99611, -0.01964,  0.     ]
[ 0.27076, -0.05928,  0.40223,  0.9692 , -0.08641, -0.23063, -0.09346,
 -0.99543, -0.01981,  0.     ]
[ 0.27406, -0.0501 ,  0.40492,  0.96779, -0.09102, -0.23471, -0.09705,
 -0.99518, -0.01422,  0.     ]
[ 0.27406, -0.0501 ,  0.40492,  0.96779, -0.09102, -0.23471, -0.09705,
 -0.99518, -0.01422,  0.     ]
[ 0.27639, -0.04068,  0.41141,  0.96625, -0.09697, -0.23865, -0.10194,
 -0.99475, -0.00856,  0.     ]
[ 0.27611, -0.03953,  0.41906,  0.96009, -0.13793, -0.2433 , -0.14293,
 -0.98973, -0.0029 ,  0.     ]
[ 0.26894, -0.05495,  0.39708,  0.97101, -0.07246, -0.22778, -0.0745 ,
 -0.99722, -0.00038,  0.     ]
[ 0.26915, -0.05284,  0.39646,  0.9712 , -0.06491, -0.22926, -0.06681,
 -0.99777, -0.00053,  0.     ]
[ 0.26915, -0.05284,  0.39646,  0.9712 , -0.06491, -0.22926, -0.06681,
 -0.99777, -0.00053,  0.     ]
[ 0.26912, -0.04496,  0.40439,  0.96944, -0.07146, -0.2347 , -0.07197,
 -0.99739,  0.0064 ,  0.     ]
[ 0.27029, -0.03739,  0.41127,  0.9681 , -0.07704, -0.23841, -0.07615,
 -0.99701,  0.01295,  0.     ]
[ 0.26904, -0.05492,  0.39608,  0.97137, -0.07234, -0.22629, -0.07434,
 -0.99723, -0.00029,  0.     ]
[ 0.26904, -0.05492,  0.39608,  0.97137, -0.07234, -0.22629, -0.07434,
 -0.99723, -0.00029,  0.     ]
[ 0.26774, -0.04883,  0.40525,  0.96956, -0.07967, -0.23153, -0.08043,
 -0.99674,  0.00617,  0.     ]
[ 0.26549, -0.04444,  0.41508,  0.96633, -0.10011, -0.23702, -0.10005,
 -0.99491,  0.01232,  0.     ]
[ 0.26556, -0.03528,  0.4213 ,  0.96421, -0.10564, -0.24318, -0.10433,
 -0.99437,  0.01828,  0.     ]
[ 0.26556, -0.03528,  0.4213 ,  0.96421, -0.10564, -0.24318, -0.10433,
 -0.99437,  0.01828,  0.     ]
[ 0.26582, -0.02733,  0.42634,  0.96246, -0.11081, -0.24778, -0.10812,
 -0.99384,  0.02449,  0.     ]
[ 0.26502, -0.02626,  0.42657,  0.96236, -0.1118 , -0.24771, -0.10907,
 -0.99373,  0.02474,  0.     ]
[ 0.26398, -0.0184 ,  0.43292,  0.96018, -0.11873, -0.2529 , -0.11474,
 -0.99293,  0.03055,  0.     ]
[ 0.26299, -0.0105 ,  0.43919,  0.95796, -0.12542, -0.25805, -0.12014,
 -0.9921 ,  0.03618,  0.     ]
[ 0.26299, -0.0105 ,  0.43919,  0.95796, -0.12542, -0.25805, -0.12014,
 -0.9921 ,  0.03618,  0.     ]
[ 0.27062, -0.05377,  0.38245,  0.97581, -0.06624, -0.20834, -0.06763,
 -0.99771,  0.00046,  0.     ]
[ 0.2632 , -0.00269,  0.43981,  0.95612, -0.12879, -0.26313, -0.12218,
 -0.99164,  0.04142,  0.     ]
[ 0.26196,  0.004  ,  0.44039,  0.95353, -0.1352 , -0.26925, -0.12731,
 -0.99077,  0.04664,  0.     ]
[ 0.26196,  0.004  ,  0.44039,  0.95353, -0.1352 , -0.26925, -0.12731,
 -0.99077,  0.04664,  0.     ]
[ 0.23796, -0.03703,  0.36443,  0.84043, -0.2395 , -0.48613, -0.27818,
 -0.9605 , -0.00772,  0.     ]
[ 0.24167, -0.01772,  0.36024,  0.84229, -0.19645, -0.50194, -0.22926,
 -0.97336, -0.00377,  0.     ]
[ 0.24167, -0.01772,  0.36024,  0.84229, -0.19645, -0.50194, -0.22926,
 -0.97336, -0.00377,  0.     ]
[ 0.24135, -0.03223,  0.35776,  0.81779, -0.2384 , -0.52382, -0.30404,
 -0.95176, -0.0415 ,  0.     ]
[ 0.27599, -0.05161,  0.35959,  0.97758, -0.04015, -0.20671, -0.0418 ,
 -0.99912, -0.00363,  0.     ]
[ 0.24079, -0.0291 ,  0.35808,  0.81638, -0.24075, -0.52494, -0.30571,
 -0.95132, -0.03915,  0.     ]
[ 0.27528, -0.04894,  0.36033,  0.97602, -0.04565, -0.21283, -0.04617,
 -0.99893,  0.00255,  0.     ]
[ 0.24392, -0.0224 ,  0.35794,  0.81544, -0.24249, -0.5256 , -0.30725,
 -0.95087, -0.03799,  0.     ]
[ 0.27824, -0.04265,  0.35985,  0.97467, -0.05025, -0.21793, -0.04988,
 -0.99873,  0.00718,  0.     ]
[ 0.24812, -0.01476,  0.35644,  0.81516, -0.24364, -0.5255 , -0.30802,
 -0.95066, -0.03706,  0.     ]
[ 0.25085, -0.00923,  0.3579 ,  0.81327, -0.24639, -0.52715, -0.31018,
 -0.95005, -0.03449,  0.     ]
[ 0.25085, -0.00923,  0.3579 ,  0.81327, -0.24639, -0.52715, -0.31018,
 -0.95005, -0.03449,  0.     ]
[ 0.25777, -0.01065,  0.34314,  0.77533, -0.25996, -0.57557, -0.33141,
 -0.94327, -0.0204 ,  0.     ]
[ 0.25456, -0.0063 ,  0.35821,  0.81108, -0.24786, -0.52983, -0.31094,
 -0.9499 , -0.03163,  0.     ]
[ 0.26102, -0.00411,  0.34794,  0.77433, -0.26277, -0.57564, -0.33364,
 -0.94252, -0.01857,  0.     ]
[ 0.25845,  0.00244,  0.36068,  0.81024, -0.25141, -0.52944, -0.31362,
 -0.9491 , -0.02927,  0.     ]
[ 0.26425,  0.0028 ,  0.35407,  0.77384, -0.26586, -0.57488, -0.33573,
 -0.94182, -0.01636,  0.     ]
[ 0.29665, -0.04768,  0.30194,  0.97951,  0.04822, -0.19553,  0.04595,
 -0.99881, -0.01616,  0.     ]
[ 0.29665, -0.04768,  0.30194,  0.97951,  0.04822, -0.19553,  0.04595,
 -0.99881, -0.01616,  0.     ]
[ 0.30043, -0.04522,  0.3154 ,  0.97903,  0.04007, -0.19976,  0.03853,
 -0.99919, -0.01162,  0.     ]
[ 0.29817, -0.05525,  0.29481,  0.98261,  0.02753, -0.18361,  0.02527,
 -0.99957, -0.01467,  0.     ]
[ 0.30393, -0.04979,  0.30292,  0.98193,  0.02075, -0.1881 ,  0.01895,
 -0.99976, -0.01134,  0.     ]
[ 0.30393, -0.04979,  0.30292,  0.98193,  0.02075, -0.1881 ,  0.01895,
 -0.99976, -0.01134,  0.     ]
[ 0.30932, -0.04176,  0.30884,  0.98137,  0.0144 , -0.1916 ,  0.01338,
 -0.99989, -0.00662,  0.     ]
[ 0.30656, -0.04106,  0.31885,  0.98167,  0.0112 , -0.19025,  0.00981,
 -0.99992, -0.00822,  0.     ]
[ 0.30894, -0.03381,  0.33427,  0.98072,  0.00216, -0.19541,  0.00161,
 -0.99999, -0.00295,  0.     ]
[ 0.30894, -0.03381,  0.33427,  0.98072,  0.00216, -0.19541,  0.00161,
 -0.99999, -0.00295,  0.     ]
[ 0.31299, -0.02314,  0.35143,  0.98034, -0.00695, -0.19721, -0.00694,
 -0.99998,  0.00074,  0.     ]
[ 0.31547, -0.0146 ,  0.36543,  0.97946, -0.01645, -0.20098, -0.01576,
 -0.99986,  0.00504,  0.     ]
[ 0.31547, -0.0146 ,  0.36543,  0.97946, -0.01645, -0.20098, -0.01576,
 -0.99986,  0.00504,  0.     ]
[ 0.30628, -0.05943,  0.27337,  0.98189,  0.06139, -0.17923,  0.05786,
 -0.99801, -0.02488,  0.     ]
[ 0.32179, -0.00605,  0.37438,  0.97838, -0.02222, -0.20562, -0.02044,
 -0.99973,  0.0108 ,  0.     ]
[ 0.31031, -0.0539 ,  0.28223,  0.98148,  0.05371, -0.18387,  0.05106,
 -0.99851, -0.01912,  0.     ]
[ 0.36683,  0.00119,  0.41414,  0.95308,  0.21538,  0.21273,  0.20621,
 -0.97637,  0.06466,  0.     ]
[ 0.37114,  0.00699,  0.41906,  0.95682,  0.20747,  0.20359,  0.19738,
 -0.9779 ,  0.06889,  0.     ]
[ 0.3754 ,  0.01334,  0.41983,  0.96008,  0.2012 ,  0.19434,  0.18992,
 -0.97892,  0.0752 ,  0.     ]
[ 0.3754 ,  0.01334,  0.41983,  0.96008,  0.2012 ,  0.19434,  0.18992,
 -0.97892,  0.0752 ,  0.     ]
[ 0.37964,  0.02221,  0.42989,  0.96366,  0.19287,  0.18482,  0.18103,
 -0.98029,  0.0791 ,  0.     ]
[ 0.30413, -0.05932,  0.24955,  0.98248,  0.08886, -0.16382,  0.08572,
 -0.99598, -0.02615,  0.     ]
[ 0.30791, -0.05574,  0.25822,  0.9823 ,  0.07959, -0.16956,  0.07748,
 -0.99681, -0.01903,  0.     ]
[ 0.30791, -0.05574,  0.25822,  0.9823 ,  0.07959, -0.16956,  0.07748,
 -0.99681, -0.01903,  0.     ]
[ 0.31482, -0.05155,  0.26665,  0.98193,  0.07286, -0.17466,  0.07171,
 -0.99734, -0.01288,  0.     ]
[ 0.31482, -0.05155,  0.26665,  0.98193,  0.07286, -0.17466,  0.07171,
 -0.99734, -0.01288,  0.     ]
[ 0.30414, -0.05976,  0.23904,  0.97821,  0.09879, -0.18263,  0.09443,
 -0.995  , -0.03245,  0.     ]
[ 0.32107, -0.05018,  0.27709,  0.98168,  0.06615, -0.1787 ,  0.06616,
 -0.99779, -0.00594,  0.     ]
[ 0.32442, -0.04983,  0.28971,  0.98168,  0.05825, -0.18142,  0.05972,
 -0.99821,  0.00265,  0.     ]
[ 0.32442, -0.04983,  0.28971,  0.98168,  0.05825, -0.18142,  0.05972,
 -0.99821,  0.00265,  0.     ]
[ 0.27648, -0.05588,  0.21603,  0.90485,  0.00998, -0.4256 , -0.01386,
 -0.99851, -0.05287,  0.     ]
[ 0.27648, -0.05588,  0.21603,  0.90485,  0.00998, -0.4256 , -0.01386,
 -0.99851, -0.05287,  0.     ]
[ 0.28064, -0.055  ,  0.22656,  0.90574,  0.00226, -0.42383, -0.01907,
 -0.99876, -0.04608,  0.     ]
[ 0.27899, -0.05547,  0.22932,  0.90504,  0.00139, -0.42533, -0.01978,
 -0.99878, -0.04534,  0.     ]
[ 0.28417, -0.05363,  0.23625,  0.90574, -0.01216, -0.42366, -0.03148,
 -0.99876, -0.03863,  0.     ]
[ 0.3048 , -0.05493,  0.23847,  0.97698,  0.13023, -0.16897,  0.12733,
 -0.99147, -0.0279 ,  0.     ]
[ 0.28916, -0.05146,  0.24298,  0.906  , -0.01898, -0.42285, -0.03588,
 -0.99884, -0.03204,  0.     ]
[ 0.30899, -0.05346,  0.24668,  0.97755,  0.12239, -0.17152,  0.12055,
 -0.99248, -0.02114,  0.     ]
