teleop obs:  [ 0.29911 -0.03673  0.38909  0.03079  0.99396 -0.00522 -0.10525  0.     ]
robot obs:  [ 0.29996 -0.03742  0.39385  0.03192  0.99451 -0.00368 -0.09956  0. 0.00093 -0.01134  0.05173  0.03524 -0.12486  0.01528]
ee residual:  [[-0.01736 -0.03749 -0.00232  0.03036 -0.01087  0.01062 -0.05005 -0.00085]]
teleop obs:  [ 0.29911 -0.03673  0.38909  0.03079  0.99396 -0.00522 -0.10525  0.     ]
robot obs:  [ 0.29976 -0.03721  0.39244  0.03144  0.99435 -0.00406 -0.10135  0. 0.00688 -0.01184  0.05127  0.05229 -0.14281  0.02   ]
ee residual:  [[-0.0108  -0.0362  -0.02437  0.03247 -0.01359  0.01194 -0.05647 -0.0031 ]]
teleop obs:  [ 0.28233 -0.07393  0.38543  0.06143  0.9981   0.00466 -0.0021   0.     ]
robot obs:  [ 0.29963 -0.03715  0.39105  0.03025  0.99425 -0.0045  -0.10265  0. -0.00577  0.01622  0.0323   0.09718  0.01341  0.01   ]
ee residual:  [[-0.0078  -0.03433 -0.02123  0.02882 -0.01632  0.01363 -0.05326 -0.00475]]
teleop obs:  [ 0.30617 -0.03675  0.36399  0.03481  0.99355 -0.0078  -0.10766  0.     ]
robot obs:  [ 0.29836 -0.03937  0.39013  0.02856  0.99466 -0.00511 -0.09902  0. -0.04079  0.08026  0.03852  0.06845  0.36525  0.03469]
ee residual:  [[-0.00889 -0.03484 -0.02007  0.02858 -0.01496  0.01218 -0.05639 -0.00306]]
teleop obs:  [ 0.32106  0.00623  0.33948  0.0177   0.99267 -0.02114 -0.11766  0.     ]
robot obs:  [ 0.29684 -0.042    0.38943  0.02834  0.99553 -0.00512 -0.08992  0. -0.02908  0.08101  0.02313 -0.03464  0.57946  0.00617]
ee residual:  [[-0.00911 -0.0281  -0.02339  0.02857 -0.01294  0.0119  -0.05913 -0.003  ]]
teleop obs:  [ 0.32106  0.00623  0.33948  0.0177   0.99267 -0.02114 -0.11766  0.     ]
robot obs:  [ 0.29646 -0.0447   0.38938  0.03024  0.99618 -0.00438 -0.08185  0. 0.0062   0.09544 -0.00289 -0.21363  0.55957 -0.06047]
ee residual:  [[-0.01142 -0.03327 -0.02063  0.0322  -0.01113  0.01128 -0.06151 -0.00346]]
teleop obs:  [ 0.29413 -0.06128  0.35821  0.07157  0.99731  0.01561  0.00199  0.     ]
robot obs:  [ 0.29795 -0.04634  0.38909  0.03565  0.99655 -0.00105 -0.07499  0. 0.06765  0.00239  0.02261 -0.34706  0.23999 -0.20674]
ee residual:  [[-0.01246 -0.04106 -0.01312  0.03331 -0.01456  0.01438 -0.05812 -0.00321]]
teleop obs:  [ 0.25411 -0.13506  0.38135  0.12528  0.99146  0.03542 -0.00761  0.     ]
robot obs:  [ 0.30065 -0.04536  0.3864   0.03997  0.99649  0.00256 -0.07354  0. 0.10031 -0.07775  0.09145 -0.16041 -0.0574  -0.13408]
ee residual:  [[-0.00482 -0.02821 -0.0183   0.02545 -0.0103   0.01132 -0.05534 -0.00514]]
teleop obs:  [ 0.25411 -0.13506  0.38135  0.12528  0.99146  0.03542 -0.00761  0.     ]
robot obs:  [ 0.3027  -0.04239  0.38308  0.04079  0.99627  0.00367 -0.07593  0. 0.10025 -0.17249  0.14153  0.00636 -0.32854 -0.04347]
ee residual:  [[-0.0031  -0.0298  -0.02368  0.02324 -0.01023  0.01059 -0.05283 -0.00762]]
teleop obs:  [ 0.30537 -0.07633  0.36548  0.05586  0.99419 -0.01164 -0.09128  0.     ]
robot obs:  [ 0.3046  -0.03669  0.3762   0.03937  0.99578  0.00231 -0.08292  0. 0.0588  -0.13373  0.16897  0.17139 -0.34604  0.2099 ]
ee residual:  [[-0.00383 -0.0274  -0.02887  0.02014 -0.01064  0.00874 -0.05067 -0.00837]]
teleop obs:  [ 0.25619 -0.13705  0.37595  0.12322  0.99176  0.03408 -0.00863  0.     ]
robot obs:  [ 0.30522 -0.03537  0.3708   0.03596  0.99559 -0.00491 -0.08652  0. 0.01488  0.06756  0.10589  0.25424 -0.06394  0.53308]
ee residual:  [[-0.00638 -0.02641 -0.0273   0.02101 -0.00905  0.01158 -0.05117 -0.00921]]
teleop obs:  [ 0.33765  0.00851  0.33626 -0.00553  0.99121 -0.04579 -0.12401  0.     ]
robot obs:  [ 0.30474 -0.03876  0.36922  0.0334   0.99582 -0.01396 -0.08383  0. -0.01908  0.15786  0.01534  0.14869  0.24309  0.46556]
ee residual:  [[-0.00415 -0.02662 -0.02954  0.01883 -0.01071  0.01196 -0.0503  -0.00904]]
teleop obs:  [ 0.19753 -0.18875  0.38274  0.19094  0.97906  0.06648 -0.02368  0.     ]
robot obs:  [ 0.30409 -0.04474  0.37258  0.0336   0.99632 -0.01793 -0.07679  0. -0.02942  0.16843 -0.137   -0.06756  0.55615  0.1765 ]
ee residual:  [[-0.00735 -0.02728 -0.02425  0.02235 -0.00864  0.01135 -0.05288 -0.00863]]
teleop obs:  [ 0.01917 -0.24905  0.41716  0.40468  0.8857   0.09464 -0.2069   0.     ]
robot obs:  [ 0.30369 -0.05096  0.37834  0.03739  0.99687 -0.01803 -0.06724  0. -0.01977  0.17991 -0.11295 -0.29695  0.40822 -0.07012]
ee residual:  [[ 0.00224 -0.02399 -0.02869  0.02099 -0.01079  0.00935 -0.05135 -0.00925]]
teleop obs:  [ 0.344   -0.03619  0.41426  0.04655  0.98738 -0.13303  0.07224  0.     ]
robot obs:  [ 0.30352 -0.05575  0.38067  0.0437   0.99693 -0.01438 -0.0634   0. -0.00493  0.10275  0.03074 -0.42688 -0.03293 -0.25732]
ee residual:  [[ 0.00736 -0.02126 -0.03743  0.01904 -0.00944  0.00802 -0.05159 -0.00995]]
teleop obs:  [ 0.3044  -0.05967  0.35434  0.00368  0.98034  0.12423 -0.15329  0.     ]
robot obs:  [ 0.30288 -0.05888  0.379    0.04922  0.99654 -0.01067 -0.06615  0. -0.01432  0.11081  0.10872 -0.37837 -0.30973 -0.2219 ]
ee residual:  [[-0.00402 -0.02681 -0.02526  0.02331 -0.00823  0.01012 -0.05422 -0.00775]]
teleop obs:  [ 0.3044  -0.05967  0.35434  0.00368  0.98034  0.12423 -0.15329  0.     ]
robot obs:  [ 0.30206 -0.06361  0.37464  0.0532   0.99585 -0.00817 -0.07337  0. 0.01009  0.08201  0.10224 -0.05962 -0.32271 -0.11569]
ee residual:  [[-0.00279 -0.02619 -0.02378  0.02195 -0.00832  0.01041 -0.05097 -0.00967]]
teleop obs:  [ 0.3005  -0.06727  0.36206  0.03455  0.9983  -0.00331  0.04687  0.     ]
robot obs:  [ 0.3024  -0.06522  0.37228  0.05173  0.99552 -0.00523 -0.07903  0. 0.02417  0.00107  0.04855  0.1144  -0.29469 -0.22507]
ee residual:  [[-0.00572 -0.0302  -0.02843  0.02383 -0.00875  0.00979 -0.05177 -0.01096]]
teleop obs:  [ 0.30093 -0.03618  0.38609  0.02778  0.99373 -0.00349 -0.10828  0.     ]
robot obs:  [ 0.30271 -0.06488  0.37116  0.0497   0.99534 -0.00305 -0.08257  0. 0.01243 -0.01982  0.02857  0.15752 -0.22045 -0.13625]
ee residual:  [[-0.00857 -0.03207 -0.02912  0.02616 -0.00924  0.01411 -0.0527  -0.01116]]
teleop obs:  [ 0.3011  -0.03618  0.38617  0.0278   0.99381 -0.00347 -0.10752  0.     ]
robot obs:  [ 0.30307 -0.06389  0.37041  0.04746  0.99506 -0.00053 -0.08724  0. 0.00748 -0.04172  0.00886 -0.02068 -0.27641 -0.18035]
ee residual:  [[-0.00874 -0.03021 -0.03492  0.02578 -0.00681  0.01238 -0.05565 -0.01098]]
teleop obs:  [ 0.3011  -0.03618  0.38617  0.0278   0.99381 -0.00347 -0.10752  0.     ]
robot obs:  [ 0.3028  -0.06303  0.37005  0.04851  0.99469  0.00096 -0.09077  0. -0.03213 -0.01697  0.01853 -0.13432 -0.18042 -0.02793]
ee residual:  [[-0.01155 -0.03452 -0.03216  0.02993 -0.00745  0.01432 -0.0582  -0.01037]]
teleop obs:  [ 0.3011  -0.03618  0.38617  0.0278   0.99381 -0.00347 -0.10752  0.     ]
robot obs:  [ 0.30123 -0.06283  0.36936  0.05001  0.99448  0.00117 -0.09223  0. -0.06503 -0.00433  0.05046 -0.06193 -0.02286 -0.00776]
ee residual:  [[-0.00515 -0.0288  -0.02981  0.02422 -0.00851  0.01233 -0.05428 -0.01024]]
teleop obs:  [ 0.30682 -0.02864  0.38905  0.02255  0.99411 -0.00196 -0.106    0.     ]
robot obs:  [ 0.29864 -0.06335  0.3675   0.0504   0.99473  0.00148 -0.08929  0. -0.03287  0.01575  0.06828 -0.04711  0.36842 -0.04384]
ee residual:  [[-0.00741 -0.02642 -0.02964  0.02478 -0.00746  0.01105 -0.0537  -0.009  ]]
teleop obs:  [ 0.30682 -0.02864  0.38905  0.02255  0.99411 -0.00196 -0.106    0.     ]
robot obs:  [ 0.29761 -0.06394  0.36548  0.05094  0.99541  0.00251 -0.08093  0. 0.01695 -0.01321  0.03068 -0.00159  0.50492 -0.01319]
ee residual:  [[-0.00686 -0.02808 -0.03225  0.02415 -0.00748  0.01182 -0.05649 -0.00987]]
teleop obs:  [ 0.33357 -0.04044  0.41255  0.076    0.99467  0.04182  0.05583  0.     ]
robot obs:  [ 0.29995 -0.06136  0.36531  0.05007  0.99622  0.0031  -0.07097  0. 0.09323 -0.10321 -0.04253  0.08484  0.6006   0.00703]
ee residual:  [[-0.0084  -0.03235 -0.03149  0.02611 -0.00927  0.01187 -0.05624 -0.00956]]
teleop obs:  [ 0.26643 -0.0424   0.33699  0.00738  0.98692 -0.01279 -0.16053  0.     ]
robot obs:  [ 0.30279 -0.05853  0.36621  0.04828  0.99689  0.0027  -0.0623   0. 0.08764 -0.07914 -0.05772  0.18395  0.60383  0.0979 ]
ee residual:  [[-0.0094  -0.03098 -0.03308  0.02705 -0.00948  0.01219 -0.05875 -0.00827]]
teleop obs:  [ 0.19965 -0.03895  0.25984 -0.05567  0.98255 -0.06906 -0.16348  0.     ]
robot obs:  [ 0.30461 -0.05675  0.36754  0.04295  0.99766 -0.00061 -0.05318  0.  0.01086 -0.03042 -0.0426   0.35273  0.4081   0.19275]
ee residual:  [[-0.00814 -0.03297 -0.02846  0.02756 -0.01095  0.0116  -0.05603 -0.01   ]]
teleop obs:  [ 0.19965 -0.03895  0.25984 -0.05567  0.98255 -0.06906 -0.16348  0.     ]
robot obs:  [ 0.30495 -0.05534  0.36905  0.03822  0.99817 -0.00141 -0.04692  0. -0.00374 -0.04255 -0.05726  0.23944  0.36001 -0.0739 ]
ee residual:  [[-0.00655 -0.03268 -0.02247  0.02756 -0.01136  0.01132 -0.0547  -0.01017]]
teleop obs:  [ 0.30141 -0.03595  0.39055  0.02559  0.99474 -0.00351 -0.09909  0.     ]
robot obs:  [ 0.30257 -0.05577  0.37075  0.03384  0.99852 -0.0006  -0.04253  0. -0.0974   0.07129 -0.00509  0.14939  0.06587  0.01079]
ee residual:  [[-0.0097  -0.03268 -0.01646  0.02918 -0.01067  0.01363 -0.05738 -0.00777]]
teleop obs:  [ 0.30141 -0.03595  0.39055  0.02559  0.99474 -0.00351 -0.09909  0.     ]
robot obs:  [ 0.30043 -0.05759  0.37075  0.03289  0.99855 -0.00036 -0.04263  0. -0.11149  0.09903  0.035    0.06507 -0.07181 -0.05033]
ee residual:  [[-0.01062 -0.03349 -0.0297   0.02746 -0.01053  0.01658 -0.05735 -0.00831]]
teleop obs:  [ 0.26267 -0.06906  0.3441   0.0467   0.98999 -0.02459 -0.13087  0.     ]
robot obs:  [ 0.29564 -0.06089  0.36773  0.0324   0.99838  0.001   -0.04667  0. -0.14017  0.02542  0.16832 -0.09918 -0.31968 -0.12306]
ee residual:  [[-0.0131  -0.03621 -0.02776  0.0301  -0.01063  0.0155  -0.06013 -0.00711]]
teleop obs:  [ 0.26267 -0.06906  0.3441   0.0467   0.98999 -0.02459 -0.13087  0.     ]
robot obs:  [ 0.28959 -0.06245  0.36162  0.03473  0.99801  0.00348 -0.05246  0. -0.10655  0.0266   0.15132 -0.22544 -0.05626 -0.15532]
ee residual:  [[-0.00479 -0.03048 -0.0238   0.0247  -0.00831  0.0142  -0.05451 -0.01031]]
teleop obs:  [ 0.27146 -0.05886  0.3482   0.03685  0.99055 -0.02082 -0.13047  0.     ]
robot obs:  [ 0.28647 -0.0635   0.35799  0.03776  0.99788  0.00569 -0.05265  0. -0.06101  0.02891  0.11119 -0.22211  0.17184 -0.11562]
ee residual:  [[-0.00645 -0.03297 -0.01954  0.02817 -0.00949  0.01426 -0.05695 -0.01   ]]
teleop obs:  [ 0.27146 -0.05886  0.3482   0.03685  0.99055 -0.02082 -0.13047  0.     ]
robot obs:  [ 0.28647 -0.0635   0.35799  0.03776  0.99788  0.00569 -0.05265  0. -0.06101  0.02891  0.11119 -0.22211  0.17184 -0.11562]
ee residual:  [[-0.0068  -0.0331  -0.01968  0.02827 -0.00946  0.01449 -0.05736 -0.00991]]
teleop obs:  [ 0.29869 -0.07768  0.37371  0.05282  0.99806  0.0037   0.03267  0.     ]
robot obs:  [ 0.28707 -0.06733  0.35656  0.04349  0.99835  0.00538 -0.03702  0.
  0.06751  0.0732  -0.03766 -0.08381  0.63025  0.22437]
ee residual:  [[-0.0089  -0.03292 -0.02048  0.02861 -0.00852  0.01299 -0.05804 -0.00787]]
teleop obs:  [ 0.27116 -0.05903  0.3481   0.03682  0.99056 -0.02084 -0.13036  0.     ]
robot obs:  [ 0.28983 -0.06952  0.35833  0.0447   0.99868  0.00194 -0.02506  0.
  0.06171  0.05916 -0.04473 -0.02689  0.60149  0.24996]
ee residual:  [[-0.00927 -0.03605 -0.02357  0.03225 -0.01057  0.01683 -0.06068 -0.00733]]
teleop obs:  [ 0.30427 -0.0251   0.39114  0.01846  0.99482  0.00453 -0.09983  0.     ]
robot obs:  [ 0.29209 -0.07072  0.35918  0.04387  0.99888 -0.00354 -0.01712  0.
  0.0677   0.02927 -0.00342  0.09201  0.19113  0.30012]
ee residual:  [[-0.00738 -0.03576 -0.01841  0.02917 -0.01575  0.01538 -0.05578 -0.00727]]
teleop obs:  [ 0.30427 -0.0251   0.39114  0.01846  0.99482  0.00453 -0.09983  0.     ]
robot obs:  [ 0.29424 -0.07183  0.35926  0.04304  0.99894 -0.00702 -0.0149   0.
  0.08433  0.0517   0.00091 -0.01371  0.11727  0.15227]
ee residual:  [[-0.00844 -0.03651 -0.02101  0.02884 -0.01531  0.01546 -0.05565 -0.00725]]
teleop obs:  [ 0.29764 -0.05624  0.36785  0.05183  0.9983   0.02613 -0.00428  0.     ]
robot obs:  [ 0.29714 -0.07364  0.35925  0.04581  0.99885 -0.00635 -0.01246  0.
  0.07595  0.03023 -0.00364 -0.28952  0.17261 -0.23204]
ee residual:  [[-0.01131 -0.03274 -0.02943  0.02856 -0.01072  0.01511 -0.05853 -0.00848]]
teleop obs:  [ 0.29764 -0.05624  0.36785  0.05183  0.9983   0.02613 -0.00428  0.     ]
robot obs:  [ 0.29913 -0.07318  0.36038  0.05354  0.99853  0.00316 -0.00744  0.
  0.04514 -0.08724 -0.09281 -0.40718  0.31333 -0.59731]
ee residual:  [[-0.00771 -0.03406 -0.02353  0.03022 -0.01229  0.01791 -0.05711 -0.00939]]
teleop obs:  [ 0.30969 -0.01206  0.37937  0.02051  0.9926   0.01794 -0.11833  0.     ]
robot obs:  [ 0.30011 -0.06822  0.36358  0.05814  0.99822  0.01218 -0.00502  0.
 -0.0197  -0.1166  -0.06969 -0.14817 -0.00233 -0.39536]
ee residual:  [[-0.00978 -0.03429 -0.02459  0.03049 -0.01423  0.01532 -0.05574 -0.00972]]
teleop obs:  [ 0.29991 -0.04634  0.35479  0.0537   0.99802  0.03289  0.00001  0.     ]
robot obs:  [ 0.29915 -0.0653   0.36501  0.05878  0.99813  0.01555 -0.00699  0.
 -0.03693 -0.08509 -0.05919  0.05509 -0.23429 -0.13437]
ee residual:  [[-0.01316 -0.03648 -0.03295  0.03095 -0.00788  0.01749 -0.0603  -0.01067]]
teleop obs:  [ 0.29991 -0.04634  0.35479  0.0537   0.99802  0.03289  0.00001  0.     ]
robot obs:  [ 0.29827 -0.06136  0.36642  0.05727  0.9981   0.01802 -0.01405  0.
 -0.01646 -0.11369 -0.03674  0.08832 -0.48729 -0.17772]
ee residual:  [[-0.01526 -0.03748 -0.03108  0.03241 -0.0081   0.02069 -0.06005 -0.00888]]
teleop obs:  [ 0.3053  -0.05825  0.33987  0.04786  0.99122  0.01866 -0.12186  0.     ]
robot obs:  [ 0.29723 -0.05782  0.3671   0.05521  0.99802  0.01985 -0.0228   0.
 -0.0281  -0.0445  -0.03069  0.1486  -0.40073 -0.03362]
ee residual:  [[-0.01749 -0.03839 -0.03043  0.03424 -0.00628  0.02243 -0.05899 -0.0104 ]]
teleop obs:  [ 0.29921 -0.04624  0.35168  0.05076  0.99806  0.03533 -0.00772  0.     ]
robot obs:  [ 0.29681 -0.05742  0.36832  0.05291  0.99801  0.01889 -0.02874  0.
  0.00446  0.00789 -0.03473  0.13083 -0.2456   0.06185]
ee residual:  [[-0.01925 -0.04093 -0.0344   0.03472 -0.00742  0.02265 -0.05966 -0.00848]]
teleop obs:  [ 0.29025 -0.03361  0.35434  0.04862  0.99702  0.0579  -0.01528  0.     ]
robot obs:  [ 0.29728 -0.05774  0.36872  0.0522   0.99795  0.01739 -0.0326   0.
  0.02104  0.02988  0.01355  0.01196 -0.22336  0.08787]
ee residual:  [[-0.02077 -0.04232 -0.03208  0.03821 -0.00794  0.02164 -0.06437 -0.00896]]
teleop obs:  [ 0.29025 -0.03361  0.35434  0.04862  0.99702  0.0579  -0.01528  0.     ]
robot obs:  [ 0.2977  -0.05975  0.36576  0.0516   0.99765  0.01547 -0.04232  0.
  0.00117  0.00828  0.1849   0.08401 -0.69858 -0.05285]
ee residual:  [[-0.02053 -0.04239 -0.03235  0.03842 -0.00803  0.0214  -0.06454 -0.00905]]
teleop obs:  [ 0.30213 -0.05639  0.32744  0.04584  0.99119  0.02979 -0.1206   0.     ]
robot obs:  [ 0.29744 -0.06008  0.36271  0.05123  0.99753  0.01578 -0.0453   0.
 -0.01366 -0.06969  0.29545  0.10991 -0.96008 -0.23924]
ee residual:  [[-0.01447 -0.03758 -0.03237  0.03241 -0.00832  0.01855 -0.05898 -0.00947]]
teleop obs:  [ 0.32616 -0.07278  0.28599  0.04345  0.99183 -0.00062 -0.11991  0.     ]
robot obs:  [ 0.29498 -0.05832  0.34757  0.04872  0.99611  0.02041 -0.07049  0.
 -0.01255 -0.08926  0.37787  0.10254 -1.26614 -0.31848]
ee residual:  [[-0.01164 -0.03719 -0.0272   0.03143 -0.01137  0.01735 -0.05484 -0.00957]]
teleop obs:  [ 0.32616 -0.07278  0.28599  0.04345  0.99183 -0.00062 -0.11991  0.     ]
robot obs:  [ 0.29285 -0.05613  0.33412  0.04609  0.99373  0.02424 -0.09898  0.
  0.04557 -0.05647  0.31035  0.10696 -0.96854 -0.06398]
ee residual:  [[-0.01219 -0.03253 -0.02457  0.02869 -0.01076  0.01448 -0.0538  -0.00774]]
teleop obs:  [ 0.33181 -0.0435   0.31258  0.04776  0.99833  0.02719 -0.01759  0.     ]
robot obs:  [ 0.2927  -0.05537  0.32584  0.04521  0.9929   0.02387 -0.1074   0.
  0.11542 -0.03113  0.10985  0.03871 -0.1     -0.00049]
ee residual:  [[-0.01232 -0.03249 -0.01885  0.02659 -0.01108  0.01453 -0.05222 -0.00673]]
teleop obs:  [ 0.32425 -0.00925  0.34609  0.04324  0.99515  0.08608 -0.02     0.     ]
robot obs:  [ 0.29686 -0.05475  0.32046  0.04455  0.9931   0.02326 -0.10599  0.
  0.14527  0.02328  0.01325  0.03464  0.34358  0.12976]
ee residual:  [[-0.0116  -0.03655 -0.01726  0.03081 -0.01224  0.01468 -0.05905 -0.00675]]
teleop obs:  [ 0.32425 -0.00925  0.34609  0.04324  0.99515  0.08608 -0.02     0.     ]
robot obs:  [ 0.30158 -0.05546  0.3197   0.0444   0.99387  0.02131 -0.09899  0.
  0.14401  0.0062  -0.0242  -0.00135  0.52298  0.05972]
ee residual:  [[-0.01047 -0.03327 -0.0226   0.02919 -0.0114   0.01002 -0.05705 -0.00712]]
teleop obs:  [ 0.32419 -0.02559  0.32807  0.04058  0.99725  0.05116 -0.03507  0.     ]
robot obs:  [ 0.30621 -0.05376  0.32017  0.04405  0.99469  0.02309 -0.0901   0.
  0.14301 -0.09682 -0.06975  0.00798  0.58268 -0.22522]
ee residual:  [[-0.00699 -0.0324  -0.0186   0.02713 -0.01113  0.01022 -0.05602 -0.00684]]
teleop obs:  [ 0.32419 -0.02559  0.32807  0.04058  0.99725  0.05116 -0.03507  0.     ]
robot obs:  [ 0.31237 -0.04758  0.32279  0.04326  0.99547  0.02938 -0.0794   0.
  0.14047 -0.14973 -0.1266  -0.01184  0.54819 -0.28723]
ee residual:  [[-0.00446 -0.02887 -0.01752  0.02403 -0.00905  0.00911 -0.05278 -0.00722]]
teleop obs:  [ 0.32406 -0.02624  0.28788  0.03502  0.9893   0.04026 -0.13579  0.     ]
robot obs:  [ 0.31582 -0.04353  0.32536  0.04317  0.9959   0.03272 -0.0725   0.
  0.09352 -0.11596 -0.10131 -0.02101  0.40835 -0.14355]
ee residual:  [[-0.0041  -0.03225 -0.01384  0.02697 -0.01638  0.00987 -0.05469 -0.00584]]
teleop obs:  [ 0.32631 -0.02142  0.32911  0.03691  0.9974   0.0507  -0.03547  0.     ]
robot obs:  [ 0.31769 -0.03946  0.32646  0.04254  0.99611  0.03434 -0.06914  0.
  0.04041 -0.12544 -0.01872  0.09013  0.09605 -0.08483]
ee residual:  [[-0.00477 -0.02812 -0.00862  0.02429 -0.01027  0.00998 -0.05134 -0.00574]]
teleop obs:  [ 0.28819 -0.03338  0.23321  0.03841  0.95819  0.01312 -0.28325  0.     ]
robot obs:  [ 0.31832 -0.03532  0.32586  0.04103  0.99612  0.03683 -0.06853  0.
  0.01897 -0.1044   0.04302  0.02228 -0.00791 -0.16942]
ee residual:  [[-0.00646 -0.0319  -0.01484  0.02674 -0.01049  0.01005 -0.05591 -0.00716]]
teleop obs:  [ 0.34553 -0.00211  0.39382  0.03193  0.98989  0.08846  0.10614  0.     ]
robot obs:  [ 0.31844 -0.03346  0.32369  0.04089  0.99607  0.03798 -0.06882  0.
  0.03468 -0.03655  0.08331 -0.02178  0.0838   0.00164]
ee residual:  [[-0.00689 -0.02974 -0.01194  0.02647 -0.01326  0.01074 -0.05296 -0.0067 ]]
teleop obs:  [ 0.23313 -0.00489  0.14178  0.09292  0.95498  0.07125 -0.27257  0.     ]
robot obs:  [ 0.31947 -0.0325   0.32113  0.04132  0.99622  0.03824 -0.0661   0.
  0.05802 -0.00653  0.10355 -0.10647  0.17655  0.06298]
ee residual:  [[-0.00769 -0.03084 -0.02301  0.02647 -0.01196  0.01386 -0.05823 -0.00813]]
teleop obs:  [ 0.01398  0.03478  0.09033  0.00492  0.95219  0.07579 -0.2959   0.     ]
robot obs:  [ 0.32105 -0.03343  0.31532  0.04381  0.99637  0.03574 -0.0637   0.
  0.04154  0.04997  0.17299 -0.1267  -0.05294  0.23486]
ee residual:  [[-0.00407 -0.03225 -0.00188  0.03047 -0.01207  0.01289 -0.05657 -0.00754]]
teleop obs:  [-0.28914  0.29148  0.3461  -0.23818  0.80921  0.53546 -0.04152  0.     ]
robot obs:  [ 0.32116 -0.03608  0.30885  0.04646  0.99623  0.03104 -0.06637  0.
 -0.00735  0.04698  0.1954  -0.13394 -0.24771  0.25438]
ee residual:  [[-0.00063 -0.03645 -0.00226  0.03372 -0.01538  0.01254 -0.05674 -0.00612]]
teleop obs:  [-0.28914  0.29148  0.3461  -0.23818  0.80921  0.53546 -0.04152  0.     ]
robot obs:  [ 0.32005 -0.03731  0.30445  0.04873  0.99599  0.02859 -0.06932  0.
 -0.04641  0.00006  0.18523 -0.22052 -0.34081  0.09059]
ee residual:  [[ 0.00511 -0.03759 -0.02588  0.03195 -0.01963  0.0115  -0.05789 -0.00702]]
teleop obs:  [ 0.05361 -0.17668  0.31769 -0.29261  0.90342  0.03935 -0.3109   0.     ]
robot obs:  [ 0.3174  -0.03798  0.29887  0.05265  0.99543  0.02691 -0.07502  0.
 -0.06466  0.0104   0.10651 -0.13115 -0.29455  0.12409]
ee residual:  [[ 0.00896 -0.03493 -0.02537  0.02873 -0.01747  0.01082 -0.0578  -0.00899]]
teleop obs:  [-0.21211  0.33378  0.26991 -0.21018  0.83232  0.51089 -0.04543  0.     ]
robot obs:  [ 0.3148  -0.03981  0.29796  0.05323  0.99518  0.02275 -0.0792   0.
 -0.06704  0.05626 -0.02546  0.15954 -0.19785  0.31788]
ee residual:  [[-0.0012  -0.03095 -0.02706  0.02807 -0.01494  0.01338 -0.057   -0.00764]]
teleop obs:  [-0.06476  0.06568  0.51834  0.09757 -0.43916  0.47711  0.75497  0.     ]
robot obs:  [ 0.31207 -0.04065  0.30168  0.04677  0.99542  0.01399 -0.08219  0.
 -0.08149 -0.01302 -0.09787  0.37916 -0.03847  0.31874]
ee residual:  [[ 0.00522 -0.03351 -0.0217   0.02855 -0.01581  0.01122 -0.05953 -0.00856]]
teleop obs:  [ 0.20249 -0.0128   0.53431  0.64439  0.56036 -0.50412  0.12893  0.     ]
robot obs:  [ 0.31067 -0.03985  0.30392  0.04314  0.99564  0.01125 -0.08191  0.
 -0.08058 -0.05242 -0.11357  0.37049  0.13659  0.09262]
ee residual:  [[-0.00127 -0.02405 -0.03407  0.01927 -0.01175  0.01216 -0.05999 -0.00711]]
teleop obs:  [ 0.20249 -0.0128   0.53431  0.64439  0.56036 -0.50412  0.12893  0.     ]
robot obs:  [ 0.30876 -0.03753  0.30917  0.03594  0.99635  0.01287 -0.07638  0.
 -0.03361 -0.0339  -0.10385  0.21405  0.37765 -0.35468]
ee residual:  [[-0.00464 -0.03056 -0.0415   0.02232 -0.01106  0.0116  -0.05831 -0.00718]]
teleop obs:  [ 0.06925  0.18558  0.12378  0.08973  0.67961  0.72572 -0.05834  0.     ]
robot obs:  [ 0.30883 -0.03642  0.31098  0.0343   0.99662  0.01973 -0.07198  0.
  0.01897 -0.06804 -0.0347  -0.02622  0.34686 -0.79274]
ee residual:  [[-0.00458 -0.02722 -0.04534  0.01959 -0.01074  0.00947 -0.05759 -0.00873]]
teleop obs:  [ 0.06596  0.10586  0.33044 -0.01277  0.77769 -0.61642 -0.12274  0.     ]
robot obs:  [ 0.3107  -0.03155  0.30875  0.0375   0.99599  0.04453 -0.06787  0.
  0.07445 -0.09836  0.07499 -0.38842  0.08279 -1.09151]
ee residual:  [[ 0.00012 -0.03007 -0.00406  0.02829 -0.01369  0.01092 -0.05712 -0.00726]]
teleop obs:  [ 0.27327  0.2189   0.14097  0.02216  0.57662  0.8088  -0.11342  0.     ]
robot obs:  [ 0.31235 -0.02918  0.30485  0.04484  0.99473  0.06138 -0.06877  0.
  0.05013 -0.03621  0.10748 -0.48723 -0.14186 -0.67963]
ee residual:  [[ 0.00304 -0.02411 -0.02276  0.02197 -0.01113  0.00796 -0.0535  -0.00776]]
teleop obs:  [ 0.27327  0.2189   0.14097  0.02216  0.57662  0.8088  -0.11342  0.     ]
robot obs:  [ 0.31269 -0.02908  0.30299  0.04828  0.99419  0.06566 -0.07024  0.
  0.03308  0.00062  0.11252 -0.42989 -0.21258 -0.42084]
ee residual:  [[-0.00836 -0.03222 -0.00007  0.03168 -0.01129  0.01381 -0.0601  -0.00669]]
teleop obs:  [ 0.32369  0.00925  0.25469  0.0079   0.99269  0.05088 -0.10912  0.     ]
robot obs:  [ 0.31394 -0.03013  0.29826  0.0543   0.99337  0.0685  -0.07469  0.
  0.06566 -0.00342  0.12954 -0.15135 -0.25175  0.04026]
ee residual:  [[-0.00997 -0.03554  0.00266  0.03501 -0.01442  0.01558 -0.05996 -0.00729]]
teleop obs:  [ 0.26102  0.21106  0.13968  0.02024  0.57513  0.80995 -0.11315  0.     ]
robot obs:  [ 0.31572 -0.02887  0.29243  0.05608  0.99295  0.06799 -0.07925  0.
  0.07626 -0.07293  0.09624  0.02543 -0.11581 -0.00459]
ee residual:  [[-0.01075 -0.03559 -0.01407  0.03341 -0.01119  0.01562 -0.06014 -0.00826]]
teleop obs:  [ 0.18567  0.15606  0.09201 -0.05693  0.16407  0.98308 -0.05828  0.     ]
robot obs:  [ 0.31694 -0.02713  0.28969  0.05512  0.993    0.06672 -0.08041  0.
  0.04264 -0.03751  0.04897  0.18325 -0.01806  0.29034]
ee residual:  [[-0.0108  -0.03722 -0.00123  0.03478 -0.01153  0.01671 -0.06174 -0.00821]]
teleop obs:  [ 0.18567  0.15606  0.09201 -0.05693  0.16407  0.98308 -0.05828  0.     ]
robot obs:  [ 0.3169  -0.02703  0.28882  0.05221  0.9937   0.05815 -0.08039  0.
 -0.03866  0.02081  0.01283  0.24553 -0.03184  0.72423]
ee residual:  [[-0.01016 -0.03506 -0.00021  0.03256 -0.01121  0.01552 -0.06168 -0.00871]]
teleop obs:  [ 0.16884  0.12995  0.17379 -0.00205  0.1291   0.99163 -0.00231  0.     ]
robot obs:  [ 0.31382 -0.02823  0.28891  0.04937  0.99446  0.04294 -0.08228  0.
 -0.11383  0.00923  0.01155  0.22411 -0.22645  0.82315]
ee residual:  [[-0.00436 -0.02264  0.00407  0.02032 -0.00784  0.00811 -0.04915 -0.00823]]
teleop obs:  [ 0.16884  0.12995  0.17379 -0.00205  0.1291   0.99163 -0.00231  0.     ]
robot obs:  [ 0.31029 -0.02711  0.28964  0.04825  0.99458  0.03302 -0.08603  0.
 -0.10089 -0.08009 -0.0212   0.03592 -0.27357  0.38219]
ee residual:  [[-0.01116 -0.03224 -0.00792  0.02754 -0.01041  0.01393 -0.05958 -0.00716]]
teleop obs:  [ 0.27627  0.17248  0.35921  0.00312  0.95928  0.27843 -0.04734  0.     ]
robot obs:  [ 0.30627 -0.02217  0.28932  0.04927  0.99385  0.03197 -0.09385  0.
 -0.05252 -0.13275  0.03386 -0.03996 -0.38298 -0.20953]
ee residual:  [[-0.01071 -0.03581 -0.0075   0.03239 -0.01282  0.01443 -0.06227 -0.00703]]
teleop obs:  [ 0.27627  0.17248  0.35921  0.00312  0.95928  0.27843 -0.04734  0.     ]
robot obs:  [ 0.30484 -0.01863  0.28776  0.04942  0.99316  0.03802 -0.09867  0.
 -0.01962 -0.13416  0.06443 -0.05594 -0.26069 -0.6432 ]
ee residual:  [[-0.01069 -0.03766 -0.02355  0.03279 -0.01347  0.01595 -0.06044 -0.00711]]
teleop obs:  [ 0.30636  0.01478  0.21875  0.06379  0.96891  0.08654 -0.22282  0.     ]
robot obs:  [ 0.30394 -0.01585  0.28581  0.04926  0.99247  0.04909 -0.10088  0.
 -0.00469 -0.08364  0.05228 -0.04706 -0.00367 -0.861  ]
ee residual:  [[-0.01044 -0.03746 -0.02323  0.03331 -0.01359  0.01591 -0.06092 -0.00699]]
teleop obs:  [ 0.27409  0.16582  0.332    0.06963  0.96167  0.25647 -0.0676   0.     ]
robot obs:  [ 0.30382 -0.01353  0.28542  0.04801  0.99191  0.06416 -0.09841  0.
  0.02879 -0.08958 -0.05385 -0.00909  0.38328 -1.02681]
ee residual:  [[-0.00735 -0.03204 -0.00882  0.03102 -0.01338  0.01222 -0.05834 -0.00693]]
teleop obs:  [ 0.22635 -0.12024  0.08155  0.05121  0.97388 -0.07361 -0.20859  0.     ]
robot obs:  [ 0.30612 -0.00839  0.28814  0.04501  0.99127  0.08539 -0.08982  0.
  0.08861 -0.11467 -0.10076  0.04028  0.54094 -0.99379]
ee residual:  [[-0.00866 -0.0238  -0.02371  0.02677 -0.01182  0.01045 -0.06071 -0.00648]]
teleop obs:  [ 0.03458  0.26464  0.44111  0.01861  0.825    0.55161 -0.12147  0.     ]
robot obs:  [ 0.30953 -0.00404  0.29002  0.04154  0.99088  0.09926 -0.08105  0.
  0.10799 -0.08492 -0.06624  0.12557  0.51859 -0.52057]
ee residual:  [[-0.00761 -0.02989 -0.00117  0.03531 -0.01303  0.01371 -0.0589  -0.0052 ]]
teleop obs:  [ 0.03078 -0.09848  0.04707 -0.18201  0.90788 -0.3736  -0.05524  0.     ]
robot obs:  [ 0.31239  0.00018  0.29158  0.03805  0.99098  0.10541 -0.07354  0.
  0.09849 -0.1404  -0.0834   0.11209  0.48028 -0.35808]
ee residual:  [[-0.00202 -0.03082 -0.03248  0.03053 -0.01291  0.01193 -0.0624  -0.00641]]
teleop obs:  [ 0.32841  0.05177  0.19355  0.03561  0.95733  0.07656 -0.27637  0.     ]
robot obs:  [ 0.31432  0.00857  0.29378  0.03428  0.99072  0.11304 -0.06723  0.
  0.07375 -0.20815 -0.06131  0.1496   0.20916 -0.37981]
ee residual:  [[-0.00091 -0.03233  0.00418  0.03173 -0.01566  0.01033 -0.05363 -0.00711]]
teleop obs:  [ 0.32841  0.05177  0.19355  0.03561  0.95733  0.07656 -0.27637  0.     ]
robot obs:  [ 0.31408  0.01925  0.29261  0.03077  0.98988  0.12074 -0.06795  0.
  0.02764 -0.22258  0.05424  0.03742 -0.10792 -0.24364]
ee residual:  [[-0.00916 -0.03768 -0.00486  0.03316 -0.0147   0.0159  -0.05886 -0.00599]]
teleop obs:  [0.3274  0.02    0.19679 0.07872 0.99346 0.08259 0.00435 0.     ]
robot obs:  [ 0.31299  0.02665  0.28934  0.03223  0.98935  0.12316 -0.07063  0.
  0.03653 -0.13471  0.10174 -0.17726 -0.17102  0.01929]
ee residual:  [[-0.01004 -0.035   -0.00419  0.02898 -0.0128   0.01363 -0.0561  -0.00801]]
teleop obs:  [ 0.31647 -0.00978  0.18978  0.10612  0.98879  0.10498  0.00131  0.     ]
robot obs:  [ 0.31341  0.03028  0.28332  0.03785  0.98922  0.12102 -0.07322  0.
  0.06784 -0.03307  0.15339 -0.25805 -0.17199  0.18389]
ee residual:  [[-0.0111  -0.0348   0.00041  0.03062 -0.01424  0.01456 -0.05694 -0.00554]]
teleop obs:  [ 0.31647 -0.00978  0.18978  0.10612  0.98879  0.10498  0.00131  0.     ]
robot obs:  [ 0.31482  0.0299   0.27806  0.042    0.98919  0.11845 -0.07549  0.
  0.07324  0.03707  0.20156 -0.25412 -0.24012  0.16659]
ee residual:  [[-0.01109 -0.03641 -0.00125  0.02967 -0.0129   0.01374 -0.05493 -0.00751]]
teleop obs:  [ 0.32334  0.02544  0.17904  0.09308  0.95025  0.11326 -0.27482  0.     ]
robot obs:  [ 0.31652  0.02829  0.27055  0.04697  0.9887   0.11735 -0.08063  0.
  0.07428  0.03866  0.16503 -0.10748 -0.2473   0.02789]
ee residual:  [[-0.00948 -0.03115 -0.00357  0.02745 -0.01024  0.01457 -0.05491 -0.00788]]
teleop obs:  [ 0.32699  0.05079  0.18201  0.03343  0.96014  0.07592 -0.26694  0.     ]
robot obs:  [ 0.31914  0.0266   0.26459  0.04832  0.98846  0.11551 -0.0853   0.
  0.07752  0.0625   0.1166  -0.00351 -0.37696  0.2041 ]
ee residual:  [[-0.00907 -0.03368  0.0021   0.02876 -0.0136   0.01276 -0.05431 -0.00616]]
teleop obs:  [0.31093 0.03645 0.17466 0.13599 0.97316 0.18489 0.0166  0.     ]
robot obs:  [ 0.32084  0.02434  0.26176  0.04946  0.98845  0.11078 -0.09084  0.
  0.03586  0.09701  0.07927 -0.05475 -0.41933  0.33525]
ee residual:  [[-0.01161 -0.03435 -0.00563  0.02866 -0.01299  0.01289 -0.05438 -0.0058 ]]
teleop obs:  [ 0.33179  0.05232  0.19003 -0.09705  0.96211 -0.06195 -0.24715  0.     ]
robot obs:  [ 0.32114  0.0211   0.259    0.05452  0.98793  0.10662 -0.09825  0.
 -0.02569  0.02831  0.08775 -0.34567 -0.39929  0.05043]
ee residual:  [[-0.01057 -0.03279 -0.00363  0.02846 -0.00824  0.01418 -0.0575  -0.00807]]
teleop obs:  [ 0.28886  0.01676  0.1637   0.22261  0.9037   0.36574 -0.0004   0.     ]
robot obs:  [ 0.31929  0.02035  0.25551  0.06298  0.98652  0.10802 -0.10552  0.
 -0.02544 -0.01117  0.09431 -0.41309 -0.38371 -0.14069]
ee residual:  [[-0.00968 -0.03724 -0.00048  0.03144 -0.01013  0.0122  -0.05537 -0.00739]]
teleop obs:  [ 0.32801  0.04454  0.17864  0.0273   0.9644   0.07017 -0.25349  0.     ]
robot obs:  [ 0.31855  0.0201   0.25398  0.06755  0.98569  0.11024 -0.10818  0.
 -0.00923  0.0112   0.07809 -0.49396 -0.22439 -0.28786]
ee residual:  [[-0.01158 -0.03515 -0.00265  0.02942 -0.00913  0.01266 -0.05496 -0.00748]]
teleop obs:  [ 0.36343  0.06078  0.17328 -0.30474  0.89162 -0.25645 -0.21537  0.     ]
robot obs:  [ 0.31824  0.01946  0.25152  0.07692  0.98369  0.1185  -0.11131  0.
  0.02518 -0.00487  0.03065 -0.49868 -0.11061 -0.52636]
ee residual:  [[-0.01006 -0.03787 -0.00161  0.03118 -0.01273  0.01146 -0.05394 -0.00799]]
teleop obs:  [ 0.32942  0.04106  0.1791   0.02579  0.96516  0.06778 -0.25143  0.     ]
robot obs:  [ 0.31945  0.01962  0.25159  0.0848   0.98177  0.12932 -0.11047  0.
  0.03395  0.02409 -0.03454 -0.52227  0.13323 -0.50522]
ee residual:  [[-0.01066 -0.03572 -0.00268  0.03223 -0.01049  0.0129  -0.05619 -0.00733]]
teleop obs:  [ 0.32942  0.04106  0.1791   0.02579  0.96516  0.06778 -0.25143  0.     ]
robot obs:  [ 0.32071  0.01912  0.25237  0.09069  0.98062  0.13559 -0.10847  0.
  0.02639  0.03336 -0.00898 -0.42529  0.02355 -0.28331]
ee residual:  [[-0.01195 -0.03755 -0.00809  0.03374 -0.01236  0.01348 -0.05543 -0.00833]]
teleop obs:  [ 0.32949  0.04055  0.1791   0.02545  0.96516  0.06777 -0.25147  0.     ]
robot obs:  [ 0.32125  0.01872  0.25159  0.096    0.97949  0.13966 -0.10901  0.
  0.01354 -0.00063  0.06295 -0.39466 -0.15432 -0.24103]
ee residual:  [[-0.01005 -0.03151 -0.0111   0.03187 -0.00956  0.01268 -0.05618 -0.00925]]
teleop obs:  [ 0.33027  0.04799  0.17898  0.02211  0.96498  0.06868 -0.25221  0.     ]
robot obs:  [ 0.32039  0.01733  0.24672  0.10312  0.97806  0.1423  -0.11185  0.
  0.01008  0.01783  0.12533 -0.18697 -0.00079  0.02819]
ee residual:  [[-0.01234 -0.03611 -0.0133   0.03351 -0.00958  0.01436 -0.05724 -0.00933]]
teleop obs:  [ 0.33027  0.04799  0.17898  0.02211  0.96498  0.06868 -0.25221  0.     ]
robot obs:  [ 0.32096  0.01637  0.242    0.1042   0.97882  0.14047 -0.10639  0.
  0.05495 -0.04321  0.08237  0.05551  0.32917  0.0482 ]
ee residual:  [[-0.01239 -0.03917 -0.00947  0.03541 -0.01315  0.01443 -0.05776 -0.00807]]
teleop obs:  [ 0.31655  0.00206  0.1753   0.0672   0.99494  0.07464 -0.0001   0.     ]
robot obs:  [ 0.32188  0.01887  0.23757  0.10053  0.97973  0.14061 -0.10122  0.
  0.04162 -0.06684  0.11381  0.27188  0.16401  0.12186]
ee residual:  [[-0.01068 -0.03294 -0.01119  0.029   -0.0047   0.01409 -0.05553 -0.00858]]
teleop obs:  [ 0.30381 -0.03992  0.17554  0.09652  0.99243  0.07596 -0.00112  0.     ]
robot obs:  [ 0.32132  0.02059  0.23059  0.09234  0.98122  0.13558 -0.10147  0.
  0.03576 -0.06337  0.14786  0.4326  -0.29076  0.16122]
ee residual:  [[ 0.00025 -0.02868  0.00473  0.0236  -0.00632  0.01166 -0.04932 -0.00945]]
teleop obs:  [ 0.30381 -0.03992  0.17554  0.09652  0.99243  0.07596 -0.00112  0.     ]
robot obs:  [ 0.32121  0.02159  0.22636  0.08741  0.98162  0.13218 -0.10635  0.
  0.04929 -0.04194  0.11628  0.38582 -0.38794  0.20507]
ee residual:  [[-0.00788 -0.03241 -0.01594  0.03397 -0.00907  0.01511 -0.0602  -0.00871]]
teleop obs:  [ 0.29594 -0.04606  0.17011  0.10774  0.99103  0.07909 -0.0021   0.     ]
robot obs:  [ 0.32287  0.02061  0.2233   0.08353  0.98216  0.12326 -0.11489  0.
  0.04936  0.07345  0.04003  0.2295  -0.44321  0.51014]
ee residual:  [[-0.00851 -0.03476 -0.01543  0.03279 -0.00931  0.01445 -0.06022 -0.00963]]
teleop obs:  [ 0.29594 -0.04606  0.17011  0.10774  0.99103  0.07909 -0.0021   0.     ]
robot obs:  [ 0.32447  0.01778  0.22178  0.08216  0.98247  0.11394 -0.12255  0.
  0.02106  0.11333  0.0802   0.20335 -0.59575  0.55987]
ee residual:  [[-0.00845 -0.03064 -0.01455  0.03098 -0.00885  0.01364 -0.05603 -0.00834]]
teleop obs:  [ 0.33546 -0.03042  0.18741  0.0745   0.96636  0.04578 -0.24187  0.     ]
robot obs:  [ 0.32406  0.01256  0.21835  0.08234  0.98215  0.10285 -0.13427  0.
 -0.04459  0.09996  0.136    0.02739 -0.63462  0.35   ]
ee residual:  [[-0.00319 -0.02505 -0.00029  0.02439 -0.0057   0.01029 -0.04796 -0.00779]]
teleop obs:  [ 0.3321  -0.05647  0.18712  0.11142  0.98064  0.16055 -0.01201  0.     ]
robot obs:  [ 0.32175  0.00915  0.215    0.08408  0.98103  0.09985 -0.14335  0.
 -0.07873  0.06418  0.1565  -0.14993 -0.629   -0.05017]
ee residual:  [[-0.00881 -0.02997 -0.01204  0.02933 -0.00836  0.01264 -0.05414 -0.00834]]
teleop obs:  [ 0.34027 -0.00798  0.16613  0.10127  0.96683  0.06742 -0.22461  0.     ]
robot obs:  [ 0.31826  0.00491  0.21127  0.08825  0.97914  0.10041 -0.15304  0.
 -0.05196  0.08316  0.09005 -0.18703 -0.28201 -0.0417 ]
ee residual:  [[-0.00854 -0.02719 -0.01476  0.02843 -0.00679  0.01324 -0.05489 -0.00729]]
teleop obs:  [ 0.34027 -0.00798  0.16613  0.10127  0.96683  0.06742 -0.22461  0.     ]
robot obs:  [ 0.31809  0.00149  0.2103   0.09033  0.97885  0.10079 -0.15344  0.
  0.02265  0.09442  0.02361 -0.08042  0.12928  0.01603]
ee residual:  [[-0.00906 -0.02922 -0.01075  0.03186 -0.00652  0.0151  -0.05265 -0.00565]]
teleop obs:  [ 0.33293 -0.01543  0.175    0.14837  0.9827   0.11072  0.00576  0.     ]
robot obs:  [ 0.3218  -0.00057  0.21038  0.0903   0.9799   0.09928 -0.14757  0.
  0.13714  0.07238 -0.0559   0.02823  0.51535  0.27884]
ee residual:  [[-0.0102  -0.03374 -0.01348  0.03567 -0.0095   0.01822 -0.05792 -0.00604]]
teleop obs:  [ 0.3329   0.02117  0.17979  0.01692  0.96669  0.04828 -0.25077  0.     ]
robot obs:  [ 0.32815 -0.00178  0.21167  0.08996  0.9822   0.09302 -0.13615  0.
  0.15242  0.07213 -0.0878  -0.02029  0.67968  0.47174]
ee residual:  [[-0.00562 -0.02543 -0.00759  0.02722 -0.00731  0.01369 -0.05634 -0.00954]]
teleop obs:  [ 0.3329   0.02117  0.17979  0.01692  0.96669  0.04828 -0.25077  0.     ]
robot obs:  [ 0.32956 -0.00199  0.21212  0.09015  0.98273  0.09146 -0.13326  0.
  0.14436  0.06924 -0.09226 -0.0589   0.69044  0.46204]
ee residual:  [[-0.00512 -0.02547 -0.00892  0.02688 -0.00742  0.01317 -0.05513 -0.00967]]
teleop obs:  [ 0.3329   0.02117  0.17979  0.01692  0.96669  0.04828 -0.25077  0.     ]
robot obs:  [ 0.33475 -0.0031   0.21443  0.09229  0.98459  0.08564 -0.12138  0.
  0.08044  0.07387 -0.05487 -0.11349  0.3179   0.24978]
ee residual:  [[-0.00866 -0.02763 -0.01614  0.02613 -0.00828  0.01139 -0.05342 -0.01048]]
teleop obs:  [ 0.32777 -0.00536  0.17501  0.0503   0.99722  0.05502  0.0002   0.     ]
robot obs:  [ 0.33863 -0.00477  0.21605  0.09432  0.98552  0.08187 -0.11469  0.
  0.05486  0.03301 -0.0195  -0.03927  0.15333  0.10727]
ee residual:  [[-0.00783 -0.033   -0.00394  0.02996 -0.01169  0.00914 -0.04998 -0.00874]]
teleop obs:  [ 0.31994 -0.03834  0.175    0.08118  0.9946   0.06458 -0.00003  0.00377]
robot obs:  [ 0.3387  -0.00557  0.21427  0.09334  0.9858   0.07944 -0.11481  0.
 -0.0225   0.00334  0.09691  0.12443 -0.10439  0.15584]
ee residual:  [[-0.00618 -0.02886 -0.01135  0.03123 -0.01001  0.01511 -0.05522 -0.00854]]
teleop obs:  [ 0.33585 -0.02542  0.1816   0.07384  0.96584  0.04188 -0.24483  0.01632]
robot obs:  [ 0.33604 -0.00586  0.209    0.09002  0.98583  0.07613 -0.11933  0.
 -0.02688 -0.08555  0.15986  0.2777  -0.33172 -0.02373]
ee residual:  [[ 0.00248 -0.016   -0.0043   0.01841  0.00222  0.01218 -0.04403 -0.00996]]
teleop obs:  [ 0.33375  0.00214  0.17982  0.00948  0.9679   0.01929 -0.2504   0.06864]
robot obs:  [ 0.33312 -0.00346  0.20325  0.08453  0.98551  0.07571 -0.12603  0.
 -0.03338 -0.1014   0.16023  0.37766 -0.36551 -0.00676]
ee residual:  [[-0.00389 -0.02802 -0.01738  0.03411 -0.00899  0.01752 -0.05815 -0.00933]]
teleop obs:  [ 0.33375  0.00214  0.17982  0.00948  0.9679   0.01929 -0.2504   0.12795]
robot obs:  [ 0.33074 -0.00293  0.19865  0.07776  0.98511  0.07058 -0.1361   0.02875
 -0.02789  0.00759  0.18487  0.37811 -0.60102  0.27264]
ee residual:  [[-0.00465 -0.02967 -0.01091  0.03403 -0.00791  0.01435 -0.05765 -0.00793]]
teleop obs:  [ 0.33416 -0.00178  0.17978  0.00888  0.96859  0.01399 -0.24813  0.28911]
robot obs:  [ 0.32748 -0.00487  0.1915   0.0749   0.98435  0.06477 -0.14574  0.1125
 -0.03478  0.00433  0.17297  0.15473 -0.5917   0.24974]
ee residual:  [[-0.00554 -0.03063 -0.01219  0.03724 -0.00769  0.01621 -0.05896 -0.00627]]
teleop obs:  [ 0.33122 -0.01457  0.17605  0.05288  0.99347  0.10092  0.00512  0.27372]
robot obs:  [ 0.32505 -0.00584  0.18784  0.07472  0.98364  0.06101 -0.15217  0.19125
 -0.04939  0.0091   0.12999  0.03884 -0.35387  0.21309]
ee residual:  [[-0.0063  -0.03312 -0.01716  0.03835 -0.0088   0.0142  -0.05411 -0.00579]]
teleop obs:  [ 0.334   -0.03554  0.18049  0.07683  0.96598  0.05493 -0.24075  0.34277]
robot obs:  [ 0.32313 -0.00637  0.1856   0.07509  0.98329  0.05896 -0.15499  0.27375
 -0.02118  0.00034  0.05387 -0.00406 -0.06807  0.03256]
ee residual:  [[-0.0067  -0.03372 -0.01489  0.03958 -0.00878  0.01473 -0.05628 -0.00558]]
teleop obs:  [ 0.33683 -0.03478  0.17652  0.09207  0.99533  0.02807  0.00781  0.67997]
robot obs:  [ 0.32198 -0.00693  0.18394  0.0753   0.98327  0.05903 -0.155    0.36375
 -0.016    0.01107  0.06848 -0.00618  0.04475 -0.01103]
ee residual:  [[-0.00035 -0.02501 -0.01047  0.03638 -0.0066   0.015   -0.05389 -0.00466]]
teleop obs:  [ 0.34153 -0.00769  0.18102  0.07547  0.96631  0.05581 -0.23965  1.03273]
robot obs:  [ 0.32101 -0.00877  0.18087  0.07443  0.98341  0.05846 -0.15476  0.39375
  0.01952  0.05328  0.10586  0.0985   0.02839  0.06941]
ee residual:  [[ 0.00492 -0.02909 -0.00162  0.0355  -0.01028  0.01222 -0.0505  -0.00698]]
teleop obs:  [ 0.34421 -0.02229  0.18072  0.08758  0.99555  0.03444  0.00557  1.20789]
robot obs:  [ 0.32125 -0.01043  0.17777  0.07334  0.98381  0.05768 -0.15298  0.39375
  0.04261  0.0203   0.08486  0.02911  0.20544  0.01061]
ee residual:  [[ 0.00067 -0.02371  0.00723  0.03867 -0.00846  0.01263 -0.04759 -0.00536]]
teleop obs:  [ 0.33972 -0.00371  0.19047  0.0694   0.96679  0.05782 -0.23907  1.20789]
robot obs:  [ 0.3231  -0.01021  0.17574  0.07287  0.9847   0.05924 -0.14676  0.3925
  0.08578 -0.00593  0.0097  -0.00049  0.43768 -0.05878]
ee residual:  [[-0.00015 -0.02523  0.01047  0.04252 -0.0083   0.01493 -0.04945 -0.00522]]
teleop obs:  [0.33777 0.00823 0.19349 0.08578 0.99323 0.07806 0.00704 1.21416]
robot obs:  [ 0.32623 -0.0107   0.17533  0.07267  0.98603  0.05891 -0.13783  0.39125
  0.08115  0.02212 -0.03838 -0.05821  0.54135  0.08   ]
ee residual:  [[ 0.00422 -0.02508  0.01328  0.04082 -0.01295  0.01905 -0.04042 -0.00219]]
teleop obs:  [0.33777 0.00823 0.19349 0.08578 0.99323 0.07806 0.00704 1.21416]
robot obs:  [ 0.3295  -0.01052  0.17639  0.07344  0.9871   0.05885 -0.12954  0.39125
  0.10085  0.00477 -0.07744 -0.07702  0.47432  0.02287]
ee residual:  [[ 0.01034 -0.02135  0.00993  0.03234 -0.00628  0.01306 -0.0352  -0.00677]]
teleop obs:  [ 0.34818 -0.01364  0.20394  0.11846  0.98884  0.09036  0.00064  1.21626]
robot obs:  [ 0.33354 -0.01047  0.17862  0.07442  0.98798  0.05814 -0.1224   0.39
  0.09193  0.05582 -0.10401 -0.07111  0.38498  0.19538]
ee residual:  [[ 0.01203 -0.03114  0.00012  0.04267 -0.0088   0.01435 -0.04586 -0.00552]]
teleop obs:  [ 0.35191 -0.02234  0.18115  0.06836  0.96944  0.04239 -0.23178  1.21626]
robot obs:  [ 0.33708 -0.01149  0.18124  0.07553  0.98859  0.0553  -0.11805  0.39
  0.0522   0.04317 -0.06705 -0.03159  0.03017  0.16701]
ee residual:  [[ 0.01196 -0.0308  -0.00144  0.0421  -0.00867  0.01434 -0.04558 -0.00551]]