-1.0000736613927509e-05 -0.7797090009011851 -0.000249006124382031 0.5190909915661255 -7.993607974134029e-06 1.3179729928058288 1.9006635554218246e-05 -0.05
-1.0000736613927509e-05 -0.7797090009011851 -0.000249006124382031 0.5190909915661255 -7.993607974134029e-06 1.3179729928058288 1.9006635554218246e-05 -0.05
-0.0007099999397112933 -0.7789699935893055 -0.0009879959829689501 0.5183909923630281 -0.0007079928110714997 1.3172340029472418 -0.0007200006763252207 -0.03375
-0.003036995071517773 -0.7725310027398005 -0.00718400209401142 0.5159389967501938 -0.0028209931232909546 1.3129589934774069 -0.006914994496401533 0.0075
-0.00502600719367555 -0.7558949955486884 -0.020292000735141993 0.5130740038764601 -0.005554004198988874 1.3088870007061641 -0.01988799191989034 0.00625
-0.006312995530803649 -0.7409940027136916 -0.030820996153770628 0.5108989920159173 -0.0070070082545666745 1.3067560060493566 -0.030549004043139826 -0.00125
-0.007650005004293906 -0.7250420075097288 -0.04236699492753635 0.5084879941872122 -0.00902399800463392 1.305120004221707 -0.04179899497576732 -0.00125
-0.008841000232562317 -0.7125519950501444 -0.05112900155815341 0.5061330039742038 -0.010210996428915264 1.3037770082688824 -0.050521993497602294 -0.00125
-0.009927991290704385 -0.7046059996580047 -0.05856600658053392 0.5040970075885823 -0.011066993160555883 1.302875999495833 -0.0570490013012855 -0.00125
-0.010910995632012631 -0.6996949922087431 -0.0649619925172699 0.5023449937255529 -0.011678992862767695 1.3020090071899046 -0.06236300527483263 -0.00125
-0.011471001975807532 -0.6990940055341113 -0.06704399578197394 0.5017869945103978 -0.01197599554157957 1.3016370077131347 -0.06525800035840815 -0.00125
-0.011444996569952817 -0.7000710059427928 -0.0691220022426909 0.5012400083228228 -0.011961998000978576 1.3012509932424712 -0.06607800840087263 -0.00125
-0.011264005926521003 -0.7008769989913638 -0.07010299945535936 0.5008469950818586 -0.01206200536711785 1.302351999294507 -0.06669899654873222 -0.00125
-0.011211995114811572 -0.7011889940484504 -0.07042099844507273 0.5007089918979034 -0.012116005854174557 1.3032100031547869 -0.06692199726725953 -0.00125
-0.011852007351517892 -0.7022990059994261 -0.06997400217034445 0.5008650068797392 -0.011985996278193498 1.304410004281996 -0.06712300683721172 -0.00125
-0.01309099913421615 -0.7033040014893096 -0.06969300416077337 0.5017810080310634 -0.012383006323144647 1.3052939960948384 -0.068243002071509 -0.00125
-0.014419002708766114 -0.7041460006803492 -0.06944799484037842 0.5028209973724493 -0.012816999894945558 1.3060560068462592 -0.06900499536963721 -0.00125
-0.015422008523302213 -0.7045079994205053 -0.0694500019690182 0.5036510061515277 -0.012556998196275962 1.3067670016236443 -0.06983599898638926 -0.00125
-0.016299996403517963 -0.7050070065069429 -0.06930299288612272 0.503923993099832 -0.012432992552921768 1.3072670035477554 -0.07031800656591254 -0.00125
-0.01656900400112785 -0.7048909944715629 -0.06922199215553765 0.5037919938485038 -0.012381994032178491 1.3076010072067095 -0.07047599376980307 -0.00125
-0.016705000056443247 -0.7044539989334485 -0.06959200195696047 0.5035910017318441 -0.012343003376688939 1.3079490084062648 -0.0707249998941851 -0.00125
-0.016769996117787515 -0.7029990052025235 -0.07014699920580214 0.5035660086169556 -0.012320994774821289 1.3081620083881782 -0.07213899584098082 -0.00125
-0.016806997097929793 -0.7011060036425178 -0.07080099152981693 0.5043070056041823 -0.01230500755887302 1.3082969921525274 -0.07368399620143125 -0.00125
-0.016827993408831288 -0.6994320059970527 -0.07153099294275607 0.5052670065059492 -0.012295006822259093 1.3083579914098844 -0.07488399732863994 -0.00125
-0.016742001036585526 -0.6980690085710002 -0.07289100585578762 0.5061540002851053 -0.012289002889632233 1.3082449987941105 -0.07583799429778004 -0.00125
-0.016386006229056244 -0.6956109915722465 -0.07595299404219395 0.5076440053208253 -0.012283993794679012 1.3079130022637961 -0.0784590075953775 -0.00125
-0.01586699766939069 -0.6938659939328099 -0.07881100559891971 0.5088510052183346 -0.012279996990691943 1.3077090081808231 -0.08025599859323085 -0.00125
-0.015370992549266419 -0.6908189981246783 -0.08271099617237859 0.5101889920762059 -0.012276995024378515 1.3071380062627405 -0.08267799199622337 -0.00125
-0.014801997759823748 -0.6838030014244638 -0.08703300735896971 0.5121219965826672 -0.01238600828945808 1.3042180006109838 -0.0866580059158862 -0.00125
-0.014801997759823748 -0.6786929915338898 -0.08898800301400613 0.5129730016726471 -0.011499991894683157 1.3000339926083482 -0.09012599259289146 -0.00125
-0.014939006106105305 -0.6738739978427932 -0.09029300314901481 0.5136900003826589 -0.01098199562598376 1.2962020000625467 -0.093374992808649 -0.00125
-0.015054005850519211 -0.6699400082555056 -0.09105700357578281 0.5152620009866378 -0.010274997652585896 1.292452997922678 -0.09611999429630812 -0.00125
-0.01512800781080377 -0.6667779952496674 -0.09170000032551004 0.517173991728905 -0.010254001341684405 1.2886610083233323 -0.0982240061628798 -0.00125
-0.015193998709821676 -0.6632169999768235 -0.09225000593269099 0.5197319986405055 -0.01035999518715802 1.2824980063884452 -0.10068699735000167 -0.00125
-0.01524199526425152 -0.6589719927168304 -0.09257200172639143 0.5224509947223098 -0.010470998127584862 1.2749039915465552 -0.1026219915318102 -0.00125
-0.01527299231176694 -0.6556439988991276 -0.0927770081003307 0.5240089977856875 -0.010552993695843555 1.268873006316289 -0.10380700028074429 -0.00125
-0.015298002879948019 -0.6512019963264618 -0.0931639999553754 0.5251240013783242 -0.010622998852141047 1.2618489985548076 -0.10514999623356891 -0.00125
-0.01531599722453608 -0.6436470070466465 -0.09378699523187477 0.5262449914502951 -0.010672007697537048 1.2517849937554955 -0.10824999769108366 -0.0025
-0.015324008285802732 -0.6390630044860386 -0.09412199372850256 0.5266990039486165 -0.010693004008438539 1.2449409992530651 -0.11031100464488622 -0.00125
-0.015328005089789798 -0.6328029971513253 -0.09676100137068806 0.527186998007474 -0.010943004970494207 1.2365420036535701 -0.11192199590435453 -0.00125
-0.015620993511322087 -0.623579996705379 -0.10194600805922031 0.527751001155256 -0.011302001744336921 1.2243749992786526 -0.1140090082640118 -0.00125
-0.015352003367004721 -0.612705007215835 -0.10720100245075752 0.5284309988851255 -0.011593000490521935 1.212518000285474 -0.1158069940995388 -0.00125
-0.014950996518066504 -0.602817001418294 -0.11097000606385424 0.5290020008032079 -0.011812999242735819 1.2031879937030878 -0.11723100823624096 -0.00125
-0.01448499360778402 -0.5877140041756712 -0.1135149928192348 0.5333830041185165 -0.011681994829081124 1.1886799966557624 -0.11872699975129537 -0.00125
-0.01417699535468458 -0.5750669993498699 -0.11450700305948334 0.5384140029538527 -0.011434000995665251 1.178922995271876 -0.1190999940657391 -0.00125
-0.014041994137042818 -0.5644889950858453 -0.11540099560893986 0.5442830041762415 -0.011247006419606579 1.1710819988875363 -0.11930500043967834 -0.00125
-0.013969004467724415 -0.5533200048838028 -0.11563099509776768 0.552130004493208 -0.011098007661363825 1.166061000788814 -0.11968000188276184 -0.00125
-0.013919995622328414 -0.53783399513683 -0.11662099820937644 0.5608339963794888 -0.010991996362597687 1.1625939914961898 -0.12010399471794884 -0.00125
-0.014080007408151254 -0.5231090013036043 -0.11708199202470569 0.5674900014681868 -0.01074799933316888 1.1601500069446222 -0.12071599442016065 -0.00125
-0.014456003688908392 -0.5072150033906851 -0.11737100109554342 0.5767200006844337 -0.01033899887625653 1.1576089995399361 -0.1218560085809783 -0.00125
-0.01470900661727749 -0.4927380033908753 -0.11746599936672948 0.5828879942609816 -0.009341002156673653 1.1559140055835693 -0.12303899274798005 -0.00125
-0.01498000389023465 -0.4809609928373156 -0.11766599664571552 0.5868320020381759 -0.00852900517547581 1.1544240005478492 -0.12424599264548926 -0.00125
-0.015174992074267457 -0.4711799931762142 -0.11782000449891149 0.5896040037693634 -0.007423007481779522 1.1499340014207537 -0.12560099646356757 -0.00125
-0.015221993791023665 -0.46394399772378586 -0.11789999293853039 0.5911890070762695 -0.007110994971400496 1.1446600003936624 -0.12631600549823208 -0.00125
-0.015261996737479374 -0.4558939981615199 -0.11796900325715425 0.5927289983417666 -0.006569995263159815 1.1384550058369722 -0.12712500051311648 -0.0025
-0.015288002143334091 -0.44885700515040394 -0.11801699981158409 0.5942690070605564 -0.006605006567954821 1.1337220045181213 -0.1276809925996318 -0.00125
-0.014922006599190879 -0.4400640014722715 -0.11805499562939999 0.5966579962873937 -0.006731001886656291 1.128216991711236 -0.12812999600299987 -0.00125
-0.014598003676850652 -0.4328140084792421 -0.11807499710262787 0.6007060082347142 -0.006589001898714033 1.1254090012908722 -0.12838200409369535 -0.00125
-0.014199003956552228 -0.42819700174247893 -0.11808700496788158 0.6035479976689067 -0.006226008320884251 1.1236700075840629 -0.12852700604795103 -0.00125
-0.013962005697423919 -0.42205700324713297 -0.11809599341352936 0.6084919918410311 -0.005895006628243527 1.1223939973679298 -0.12880699176655594 -0.00125
-0.013529006963296645 -0.4118319918243242 -0.11810299218382986 0.6147040026213143 -0.005470996339764025 1.1214320067908154 -0.12879800332090818 -0.00125
-0.013026997910545516 -0.39851799197158067 -0.11810800127878307 0.6227000016965235 -0.004752007954404961 1.1203140012318653 -0.12882500356443655 -0.00125
-0.012516000412146617 -0.38923999620090405 -0.1181110032450965 0.6289969925580864 -0.0036289933005017295 1.1197210081652078 -0.12883500430105047 -0.00125
-0.01188300439903331 -0.37992599428775875 -0.11811299292044378 0.6363110042280788 -0.002359004470288056 1.11931799418763 -0.12884200307135096 -0.00125
-0.011498002219335883 -0.37324600837513827 -0.11811400521140993 0.6413439927387624 -0.0013590006220653848 1.1190199966711443 -0.12884599987533804 -0.00125
-0.010584008196651493 -0.3650299930944226 -0.11811500004908355 0.6472340077253452 -0.00040800561923871436 1.118755003330814 -0.12884900184165146 -0.0025
-0.009527996732732325 -0.35841900004713345 -0.11811500004908355 0.6516119916210478 0.00046399578164269255 1.118711998418045 -0.1288499966793251 -0.00125
-0.008561991898338502 -0.3530839997626848 -0.1181159948867572 0.6554600062893823 0.000912004347337117 1.1185709932677765 -0.12885200380796488 -0.00125
-0.0074179983868263 -0.34876699767104685 -0.1181159948867572 0.6590659961503427 0.0009229999216246812 1.1184719981926032 -0.1288529986456385 -0.00125
-0.006505994039489182 -0.3448850014421761 -0.1181159948867572 0.6605339925841952 0.0013909925072544407 1.1184089918066062 -0.12858100653500773 -0.00125
-0.0058669940937490185 -0.34192499284396377 -0.1181159948867572 0.6614350013572446 0.0018709929581379211 1.118366999184803 -0.12824000410575306 -0.00125
-0.005124007431175033 -0.3384470054303446 -0.1181159948867572 0.6620770032692983 0.002296992921964697 1.118062002898017 -0.12775499455991637 -0.00125
-0.0045360060061781435 -0.33495599786050556 -0.11792900031069853 0.6624259993065271 0.0028060007450163233 1.1177009989955347 -0.12707400199237323 -0.00125
-0.0038100013972260614 -0.331111002611777 -0.11757000353685583 0.663287005133121 0.003381994304759492 1.1169269978321528 -0.1261919998548779 -0.00125
-0.0031630078435117637 -0.3273910078440763 -0.11722100749962702 0.6640729967084641 0.0036240016588410255 1.1168289975946533 -0.12598900060957843 -0.00125
-0.0027410046836720543 -0.3243530004815923 -0.11704699817320319 0.6652650042276986 0.004199995218584195 1.1168289975946533 -0.12591499864929387 -0.00125
-0.0023720071732154136 -0.32027999541938323 -0.11690100138127388 0.6666969945190824 0.0050649978491651045 1.1168250007906662 -0.12624999714592164 -0.00125
-0.001992991472852325 -0.31540499411259026 -0.11678999844084703 0.669729992786613 0.005730003200759984 1.116805994155112 -0.12709199633696128 -0.00125
-0.0014879979070802855 -0.3121030057007422 -0.1167210055755157 0.6718869928492753 0.005838004174873392 1.1167859926818842 -0.12774700095194225 -0.00125
-0.0010670070382067334 -0.3084329971628186 -0.11667400385875949 0.6739970086484739 0.00584200097886046 1.1167710003036095 -0.12792999872401384 -0.00125
-0.0006220004388257392 -0.3045139999538055 -0.11663499574997742 0.6758810043095392 0.004811994920796006 1.1167570027630085 -0.12827499795725555 -0.00125
-6.998770300497261e-06 -0.30197499967775926 -0.11630900315228992 0.677362003446319 0.004394006018235884 1.1167509988303816 -0.1287300052932505 -0.0025
-7.799876427162658e-05 -0.30072600715844705 -0.11595599285778155 0.6781870031304441 0.004124003582952361 1.1167470020263945 -0.12920000500752002 -0.00125
-9.300859583877783e-05 -0.2993619974414285 -0.11568899238881146 0.678613003094271 0.0035709960094579586 1.1167440000600812 -0.12955699465272294 -0.00125
-8.499753457212384e-05 -0.29887899502423154 -0.11551199854936671 0.6788039944743166 0.003556003631183327 1.1167419929314413 -0.12978500446620347 -0.00125
-0.00027600636791038334 -0.2984489982564177 -0.11536299979112394 0.6791360084579237 0.0034440058530828504 1.1167409980937677 -0.13008499165803628 -0.00125
2.600540585471551e-05 -0.29814000516564465 -0.11526299242498468 0.6790809956799008 0.003160005877198333 1.1167400032560941 -0.13024900024784616 -0.00125
0.00047200684290934645 -0.297771007655188 -0.11518799562702647 0.6791780010797266 0.0026689923987347685 1.1167390084184203 -0.1303150086001566 -0.00125
0.0009819920503420898 -0.2975350042337333 -0.11512500669432202 0.6796289941584418 0.0020829981023776723 1.1167390084184203 -0.1303539992556462 -0.00125
0.0011639949847400582 -0.2987939974896594 -0.11509999612614093 0.6799680069123493 0.0018990054926324301 1.1170740069150482 -0.13036600712089988 -0.00125
0.00134200111515096 -0.30007899615144024 -0.11508399145690014 0.68018299656961 0.0015489971644374874 1.1174069982830364 -0.13037300589120038 -0.00125
0.0015440055227767837 -0.301650996755419 -0.11507400817357873 0.6804439931059532 0.0015729954416524093 1.1176660051440321 -0.13037799753286108 -0.00125
0.0015610050296912083 -0.30318100473759485 -0.11506699194998572 0.6806170075947033 0.0017870077145319542 1.1178339930845367 -0.13038099949917453 -0.00125
0.001559992738725052 -0.30487599869396165 -0.11506100547065137 0.6807970034004615 0.0012030030935221317 1.1179710014308182 -0.13038300662781432 -0.00125
0.0015529939684245546 -0.3059540013064559 -0.11505700866666431 0.6809350065844166 0.0009939999155958105 1.1180659997020042 -0.13038499630316158 -0.00125
0.0015459951981240574 -0.3067659982876538 -0.11505400670035087 0.6810659935447789 0.0003030066114387356 1.1181509972365762 -0.13064899480581824 -0.00125
0.0015419983941369901 -0.30711499432488254 -0.11505199957171107 0.6811620041069311 0.00022200588085367873 1.1181919950207058 -0.1309969960053734 -0.00125
0.0013050001350086802 -0.30673299411149857 -0.11505100473403744 0.681666997672703 0.0001389980216288284 1.1182200075552002 -0.13118200090608478 -0.00125
0.0009900031116087437 -0.3059610000767564 -0.11546199486629706 0.6822719986046145 0.00022999948882781277 1.1182349999334746 -0.13160199693728472 -0.00125
0.0007579964941411373 -0.3041440076056752 -0.1155750049353637 0.6828800015028392 0.0006010041279242474 1.1182470077987285 -0.13213200107123782 -0.00125
0.0004560021736685585 -0.3005449990617227 -0.1163439970037924 0.6833230009735805 0.0014709984001658606 1.1182550014067025 -0.13292300174153418 -0.00125
0.00019500563732532646 -0.2980159995222904 -0.11692400482081516 0.6838020065867902 0.0021770015358900867 1.1182599930483634 -0.13365399799214697 -0.00125
-0.0002940007124984448 -0.2949050024904881 -0.1174380042855275 0.6840090026360768 0.003574992813445025 1.1182650021433167 -0.13562599315409782 -0.00125
-0.0004760036468964135 -0.29269000513678206 -0.11764899713880107 0.6841179984478638 0.004794000576207945 1.1182669918186638 -0.13701600827697114 -0.00125
-0.0008149989475112721 -0.2920240049475136 -0.1179380062096388 0.6841619981983066 0.005273006189417788 1.11826800410963 -0.13766699863467247 -0.00125
-0.0011080048223360802 -0.2911390008437048 -0.11799799317602985 0.6842630004021195 0.005743005903687342 1.1182699937849774 -0.13865700174628123 -0.00125
-0.0012880006280942553 -0.29110100502588887 -0.11803300448082488 0.684242004091218 0.005916002939145019 1.1182710060759435 -0.13914700293377863 -0.0025
-0.0013669942300395187 -0.29145900696205795 -0.11805700275803979 0.6842180058140032 0.005987997770789785 1.1182710060759435 -0.13948999503838055 -0.00125
-0.0014169979131091561 -0.2927019955487433 -0.11807499710262787 0.6843500050653314 0.006034004649872356 1.1182710060759435 -0.13950999651160842 -0.00125
-0.0011920075192345672 -0.2938090055334057 -0.11808899464322885 0.6843509999030051 0.005790007620443549 1.1182710060759435 -0.13954099355912383 -0.00125
-0.0009039932860704631 -0.29473099316406426 -0.11809700570449552 0.6843300035921036 0.0055030056782456 1.1182720009136171 -0.139556003390691 -0.00125
-0.0007419918249003493 -0.29524799459509005 -0.11810299218382986 0.6843970067820876 0.005233003242962078 1.1182720009136171 -0.1395679938026522 -0.00125
-0.0005619960191421741 -0.2955410004699148 -0.11810800127878307 0.6847209922511354 0.004854004995891509 1.1182720009136171 -0.13957600486391886 -0.00125
