-0.0 -0.7853980063178156 0.0 0.5235990024911016 -0.0 1.3089969913556248 0.0 -0.0
-0.026002225071822538 -0.7073914578941505 0.01857301790844444 0.4860400497991992 0.01609661552065192 1.2986786058092217 -0.03343143223520028 0.0
-0.026901955162074834 -0.707403191412908 0.019238006580941297 0.4847751606056278 0.01668335705389697 1.3021074184296517 -0.034565903743208004 0.0
-0.029802211466879246 -0.6995779158909254 0.021363818550153686 0.4806872740263847 0.01856704995090948 1.3012967798792194 -0.03822708031529657 0.0
-0.03221359654559852 -0.6918253353364241 0.023009711818284373 0.4770680250324344 0.019941750242513212 1.3130875544301093 -0.03988350048502687 0.0
-0.03067961575771272 -0.6933593161243099 0.023009711818284373 0.4770680250324344 0.023009711818284817 1.3268933815210797 -0.03988350048502687 0.0
-0.03067961575771272 -0.6933593161243099 0.023009711818284373 0.4770680250324344 0.023009711818284817 1.3268933815210797 -0.03988350048502687 0.0
-0.03067961575771272 -0.6964272777000811 0.023009711818284373 0.4770680250324344 0.023009711818284817 1.3345632854605078 -0.03988350048502687 0.0
-0.03067961575771272 -0.6994952392758522 0.023009711818284373 0.4755340442445486 0.023009711818284817 1.3360972662483936 -0.03988350048502687 0.0
-0.03067961575771272 -0.6994952392758522 0.023009711818284373 0.4755340442445486 0.023009711818284817 1.3360972662483936 -0.03988350048502687 0.0
-0.03067961575771272 -0.6994952392758522 0.023009711818284373 0.4755340442445486 0.023009711818284817 1.3360972662483936 -0.03988350048502687 0.0
-0.02914563496982714 -0.6994952392758522 0.023009711818284373 0.4755340442445486 0.023009711818284817 1.3360972662483936 -0.04141748127291223 0.0
-0.02914563496982714 -0.6994952392758522 0.023009711818284373 0.4755340442445486 0.023009711818284817 1.3360972662483936 -0.04141748127291223 0.0
-0.03067961575771272 -0.6994952392758522 0.023009711818284373 0.4755340442445486 0.023009711818284817 1.3360972662483936 -0.04141748127291223 0.0
-0.03067961575771272 -0.6994952392758522 0.023009711818284373 0.4755340442445486 0.023009711818284817 1.3360972662483936 -0.04141748127291223 0.0
-0.03067961575771272 -0.6994952392758522 0.023009711818284373 0.4755340442445486 0.023009711818284817 1.3360972662483936 -0.04141748127291223 0.0
-0.03067961575771272 -0.6994952392758522 0.023009711818284373 0.4755340442445486 0.023009711818284817 1.3360972662483936 -0.04141748127291223 0.0
-0.03067961575771272 -0.6994952392758522 0.023009711818284373 0.4755340442445486 0.023009711818284817 1.3360972662483936 -0.04141748127291223 0.0
-0.03067961575771272 -0.6994952392758522 0.023009711818284373 0.4755340442445486 0.023009711818284817 1.3360972662483936 -0.04141748127291223 0.0
-0.03067961575771272 -0.6933593161243099 0.023009711818284373 0.4770680250324344 0.023009711818284817 1.3345632854605078 -0.04448544284868339 0.0
-0.03067961575771272 -0.6887573737606529 0.023009711818284373 0.4770680250324344 0.023009711818284817 1.3345632854605078 -0.04601942363656919 0.0
-0.03067961575771272 -0.6887573737606529 0.023009711818284373 0.4770680250324344 0.023009711818284817 1.3345632854605078 -0.04601942363656919 0.0
-0.02914563496982714 -0.684155431396996 0.023009711818284373 0.4770680250324344 0.023009711818284817 1.3299613430968513 -0.04755340442445499 0.0
-0.02761165418194156 -0.6764855274575678 0.023009711818284373 0.4770680250324344 0.023009711818284817 1.325359400733194 -0.04601942363656919 0.0
-0.02761165418194156 -0.6764855274575678 0.023009711818284373 0.4770680250324344 0.023009711818284817 1.325359400733194 -0.04601942363656919 0.0
-0.02761165418194156 -0.6703496043060251 0.023009711818284373 0.4770680250324344 0.024543692606170175 1.3222914391574223 -0.04755340442445499 0.0
-0.026077673394055978 -0.6611457195787112 0.023009711818284373 0.4786020058203202 0.023009711818284817 1.3192234775816516 -0.04755340442445499 0.0
-0.02761165418194156 -0.6550097964271688 0.023009711818284373 0.48166996739609136 0.023009711818284817 1.3176894967937658 -0.04755340442445499 0.0
-0.02761165418194156 -0.6550097964271688 0.023009711818284373 0.48166996739609136 0.023009711818284817 1.3176894967937658 -0.04755340442445499 0.0
-0.02761165418194156 -0.6504078540635119 0.023009711818284373 0.4862719097597483 0.023009711818284817 1.31615551600588 -0.04755340442445499 0.0
-0.02761165418194156 -0.6427379501240837 0.023009711818284373 0.49240783291129064 0.023009711818284817 1.3130875544301093 -0.04755340442445499 0.0
-0.02761165418194156 -0.6427379501240837 0.023009711818284373 0.49240783291129064 0.023009711818284817 1.3130875544301093 -0.04755340442445499 0.0
-0.02761165418194156 -0.636602026972541 0.02147573103039857 0.49394181369917645 0.023009711818284817 1.3054176504906803 -0.04755340442445499 0.0
-0.02761165418194156 -0.6258641614573417 0.023009711818284373 0.4985437560628334 0.023009711818284817 1.2962137657633672 -0.04755340442445499 0.0
-0.02761165418194156 -0.6258641614573417 0.023009711818284373 0.4985437560628334 0.023009711818284817 1.2962137657633672 -0.04755340442445499 0.0
-0.02761165418194156 -0.6166602767300278 0.02147573103039857 0.5016117176386046 0.023009711818284817 1.290077842611824 -0.04755340442445499 0.0
-0.02761165418194156 -0.6074563920027138 0.02147573103039857 0.5046796792143757 0.023009711818284817 1.2854759002481675 -0.04755340442445499 0.0
-0.02761165418194156 -0.5967185264875146 0.02147573103039857 0.5108156023659185 0.023009711818284817 1.28087395788451 -0.04755340442445499 0.0
-0.02761165418194156 -0.5967185264875146 0.02147573103039857 0.5108156023659185 0.023009711818284817 1.28087395788451 -0.04755340442445499 0.0
-0.02761165418194156 -0.5844466801844295 0.02147573103039857 0.5123495831538043 0.023009711818284817 1.2716700731571962 -0.04908738521234035 0.0
-0.02761165418194156 -0.5752427954571155 0.019941750242513656 0.5138835639416897 0.021475731030399015 1.2624661884298831 -0.04908738521234035 0.0
-0.02761165418194156 -0.5752427954571155 0.019941750242513656 0.5138835639416897 0.021475731030399015 1.2624661884298831 -0.04908738521234035 0.0
-0.02761165418194156 -0.5629709491540305 0.018407769454627854 0.5154175447295755 0.021475731030399015 1.254796284490454 -0.04908738521234035 0.0
-0.02761165418194156 -0.5506991028509454 0.018407769454627854 0.5169515255174613 0.021475731030399015 1.2440584189752553 -0.04908738521234035 0.0
-0.02761165418194156 -0.5506991028509454 0.018407769454627854 0.5169515255174613 0.021475731030399015 1.2440584189752553 -0.04908738521234035 0.0
-0.02914563496982714 -0.5368932757599745 0.018407769454627854 0.5184855063053466 0.023009711818284817 1.2333205534600555 -0.04755340442445499 0.0
-0.02761165418194156 -0.5169515255174613 0.018407769454627854 0.5276893910326605 0.023009711818284817 1.2225826879448558 -0.04755340442445499 0.0
-0.02761165418194156 -0.5000777368507192 0.018407769454627854 0.5368932757599745 0.023009711818284817 1.2164467647933135 -0.04601942363656919 0.0
-0.02761165418194156 -0.5000777368507192 0.018407769454627854 0.5368932757599745 0.023009711818284817 1.2164467647933135 -0.04601942363656919 0.0
-0.02761165418194156 -0.48166996739609136 0.019941750242513656 0.5445631796994026 0.023009711818284817 1.211844822429657 -0.04295146206079803 0.0
-0.02761165418194156 -0.4647961787293493 0.02147573103039857 0.5553010452146019 0.024543692606170175 1.202640937702343 -0.038349519697141066 0.0
-0.02761165418194156 -0.4647961787293493 0.02147573103039857 0.5553010452146019 0.024543692606170175 1.202640937702343 -0.038349519697141066 0.0
-0.02914563496982714 -0.44792239006260726 0.019941750242513656 0.5675728915176874 0.024543692606170175 1.1919030721871433 -0.0322135965455983 0.0
-0.02914563496982714 -0.42644665903220824 0.019941750242513656 0.5844466801844295 0.027611654181941336 1.187301129823486 -0.026077673394055978 0.0
-0.02914563496982714 -0.42644665903220824 0.019941750242513656 0.5844466801844295 0.027611654181941336 1.187301129823486 -0.026077673394055978 0.0
-0.02914563496982714 -0.3988350048502669 0.019941750242513656 0.6059224112148285 0.027611654181941336 1.185767149035601 -0.006135923151542766 0.0
-0.02914563496982714 -0.38196121618352485 0.02147573103039857 0.6181942575179136 0.027611654181941336 1.185767149035601 -0.0015339807878858025 0.0
-0.02914563496982714 -0.363553446728897 0.019941750242513656 0.6289321230331129 0.02914563496982714 1.1842331682477152 0.007669903939428128 0.0
-0.02914563496982714 -0.363553446728897 0.019941750242513656 0.6289321230331129 0.02914563496982714 1.1842331682477152 0.007669903939428124 0.0
-0.02914563496982714 -0.342077715698498 0.019941750242513656 0.6427379501240837 0.02914563496982714 1.1842331682477152 0.018407769454627854 0.0
-0.02914563496982714 -0.32060198466809897 0.02147573103039857 0.6596117387908258 0.02914563496982714 1.1842331682477152 0.023009711818284817 0.0
-0.02914563496982714 -0.32060198466809897 0.02147573103039857 0.6596117387908258 0.02914563496982714 1.1842331682477152 0.023009711818284817 0.0
-0.02914563496982714 -0.2975922728498146 0.02147573103039857 0.6764855274575678 0.02914563496982714 1.1842331682477152 0.035281558121369905 0.0
-0.02914563496982714 -0.27918450339518674 0.02147573103039857 0.6887573737606529 0.02914563496982714 1.1842331682477152 0.038349519697141066 0.0
-0.02914563496982714 -0.27918450339518674 0.02147573103039857 0.6887573737606529 0.02914563496982714 1.1842331682477152 0.038349519697141066 0.0
-0.02914563496982714 -0.25924275315267353 0.02147573103039857 0.6994952392758522 0.02914563496982714 1.1826991874598294 0.04908738521234035 0.0
-0.02914563496982714 -0.24236896448593148 0.02147573103039857 0.7071651432152808 0.0322135965455983 1.1826991874598294 0.05062136600022615 0.0
-0.02914563496982714 -0.24236896448593148 0.02147573103039857 0.7071651432152808 0.0322135965455983 1.1826991874598294 0.05062136600022615 0.0
-0.02914563496982714 -0.2270291566070748 0.02147573103039857 0.7163690279425943 0.0322135965455983 1.1826991874598294 0.05062136600022615 0.0
-0.02914563496982714 -0.21015536794033274 0.02147573103039857 0.7286408742456794 0.0322135965455983 1.1811652066719436 0.052155346788111956 0.0
-0.02914563496982714 -0.19174759848570533 0.02147573103039857 0.7424467013366502 0.03067961575771294 1.1658253987930873 0.05982525072754008 0.0
-0.02914563496982714 -0.19174759848570533 0.02147573103039857 0.7424467013366502 0.03067961575771294 1.1658253987930873 0.05982525072754008 0.0
-0.02761165418194156 -0.17487380981896328 0.02147573103039857 0.75318456685185 0.027611654181941336 1.1489516101263453 0.07516505860639633 0.0
-0.024543692606170175 -0.15800002115222123 0.023009711818284373 0.7593204900033923 0.027611654181941336 1.1397477253990314 0.07669903939428213 0.0
-0.024543692606170175 -0.15800002115222123 0.023009711818284373 0.7593204900033923 0.027611654181941336 1.1397477253990314 0.07669903939428213 0.0
-0.01840776945462763 -0.14266021327336453 0.023009711818284373 0.7623884515791635 0.027611654181941336 1.1351457830353748 0.07823302018216749 0.0
-0.010737865515199507 -0.12885438618239364 0.023009711818284373 0.7669903939428204 0.027611654181941336 1.1305438406717174 0.07823302018216749 0.0
-0.006135923151542544 -0.11198059751565159 0.023009711818284373 0.770058355518592 0.02914563496982714 1.1198059751565177 0.07823302018216749 0.0
-0.006135923151542544 -0.11198059751565159 0.023009711818284373 0.770058355518592 0.02914563496982714 1.1198059751565177 0.07823302018216749 0.0
-0.004601942363656963 -0.09817477042468115 0.023009711818284373 0.774660297882249 0.027611654181941336 1.1090681096413189 0.07823302018216749 0.0
-0.003067961575771383 -0.07823302018216749 0.023009711818284373 0.7807962210337913 0.026077673394055978 1.099864224914005 0.07363107781851097 0.0
-0.003067961575771383 -0.07823302018216749 0.023009711818284373 0.7807962210337913 0.026077673394055978 1.099864224914005 0.07363107781851097 0.0
-0.003067961575771383 -0.06135923151542544 0.023009711818284373 0.7838641826095625 0.026077673394055978 1.0921943209745768 0.0674951546669682 0.0
-0.003067961575771383 -0.04755340442445499 0.023009711818284373 0.7853981633974483 0.026077673394055978 1.081456455459377 0.06442719309119704 0.0
-0.003067961575771383 -0.04755340442445499 0.023009711818284373 0.7853981633974483 0.026077673394055978 1.081456455459377 0.06442719309119704 0.0
-0.003067961575771383 -0.03067961575771294 0.023009711818284373 0.7884661249732194 0.027611654181941336 1.0661166475805208 0.06135923151542544 0.0
-0.003067961575771383 -0.01380582709097089 0.024543692606170175 0.7930680673368764 0.027611654181941336 1.056912762853207 0.06135923151542544 0.0
-0.0015339807878855805 0.004601942363656963 0.026077673394055978 0.7992039904884192 0.027611654181941336 1.0523108204895495 0.06135923151542544 0.0
-0.0015339807878855805 0.004601942363656963 0.026077673394055978 0.7992039904884192 0.027611654181941336 1.0523108204895495 0.06135923151542544 0.0
0.004601942363656963 0.021475731030399018 0.026077673394055978 0.8053399136399615 0.027611654181941336 1.0492428589137788 0.06289321230331124 0.0
0.007669903939428124 0.04295146206079803 0.026077673394055978 0.8114758367915043 0.027611654181941336 1.0492428589137788 0.06442719309119704 0.0
0.007669903939428124 0.04295146206079803 0.026077673394055978 0.8114758367915043 0.027611654181941336 1.0492428589137788 0.06442719309119704 0.0
0.007669903939428124 0.05982525072754008 0.024543692606170175 0.8176117599430466 0.027611654181941336 1.0492428589137788 0.06442719309119704 0.0
0.009203884727313927 0.08283496254582445 0.024543692606170175 0.8283496254582463 0.026077673394055978 1.0446409165501214 0.06442719309119704 0.0
0.009203884727313927 0.08283496254582445 0.024543692606170175 0.8283496254582463 0.026077673394055978 1.0446409165501214 0.06442719309119704 0.0
0.009203884727313927 0.10277671278833811 0.024543692606170175 0.8344855486097886 0.026077673394055978 1.0400389741864648 0.06289321230331124 0.0
0.009203884727313927 0.11965050145508016 0.024543692606170175 0.8406214717613314 0.026077673394055978 1.038504993398579 0.06135923151542544 0.0
0.009203884727313927 0.11965050145508016 0.024543692606170175 0.8406214717613314 0.026077673394055978 1.038504993398579 0.06135923151542544 0.0
0.009203884727313927 0.1349903093339364 0.024543692606170175 0.8452234141249884 0.026077673394055978 1.038504993398579 0.06135923151542544 0.0
0.009203884727313927 0.1457281748491357 0.024543692606170175 0.8498253564886453 0.026077673394055978 1.038504993398579 0.05982525072754008 0.0
0.009203884727313927 0.15953400194010658 0.024543692606170175 0.8574952604280734 0.026077673394055978 1.038504993398579 0.05982525072754008 0.0
0.009203884727313927 0.15953400194010658 0.024543692606170175 0.8574952604280734 0.026077673394055978 1.038504993398579 0.05982525072754008 0.0
0.009203884727313927 0.17333982903107747 0.024543692606170175 0.8636311835796158 0.024543692606170175 1.038504993398579 0.05982525072754008 0.0
0.009203884727313927 0.18561167533416256 0.024543692606170175 0.8682331259432727 0.024543692606170175 1.0369710126106932 0.05829126993965428 0.0
0.009203884727313927 0.18561167533416256 0.024543692606170175 0.8682331259432727 0.024543692606170175 1.0369710126106932 0.05829126993965428 0.0
0.009203884727313927 0.2009514832130188 0.024543692606170175 0.8743690490948155 0.024543692606170175 1.0369710126106932 0.05675728915176892 0.0
0.007669903939428124 0.21935925266764666 0.024543692606170175 0.8835729338221294 0.026077673394055978 1.0369710126106932 0.05522330836388312 0.0
0.007669903939428124 0.21935925266764666 0.024543692606170175 0.8835729338221294 0.026077673394055978 1.0369710126106932 0.05522330836388312 0.0
0.006135923151542544 0.23623304133438872 0.024543692606170175 0.8958447801252145 0.024543692606170175 1.038504993398579 0.05522330836388312 0.0
0.004601942363656963 0.25157284921324496 0.023009711818284373 0.9096506072161854 0.023009711818284817 1.038504993398579 0.053689327575997314 0.0
0.004601942363656963 0.25157284921324496 0.023009711818284373 0.9096506072161854 0.023009711818284817 1.038504993398579 0.053689327575997314 0.0
0.004601942363656963 0.2607767339405589 0.023009711818284373 0.9173205111556135 0.024543692606170175 1.0400389741864648 0.05062136600022615 0.0
0.004601942363656963 0.268446637879987 0.023009711818284373 0.9203884727313847 0.024543692606170175 1.0400389741864648 0.04755340442445499 0.0
0.006135923151542544 0.2699806186678728 0.023009711818284373 0.9234564343071558 0.024543692606170175 1.0415729549743507 0.04755340442445499 0.0
0.006135923151542544 0.2699806186678728 0.023009711818284373 0.9234564343071558 0.024543692606170175 1.0415729549743507 0.04755340442445499 0.0
0.006135923151542544 0.273048580243644 0.023009711818284373 0.9234564343071558 0.023009711818284817 1.0400389741864648 0.04908738521234035 0.0
0.004601942363656963 0.27765052260730094 0.024543692606170175 0.9234564343071558 0.024543692606170175 1.0400389741864648 0.04755340442445499 0.0
0.004601942363656963 0.27765052260730094 0.024543692606170175 0.9234564343071558 0.024543692606170175 1.0400389741864648 0.04755340442445499 0.0
0.004601942363656963 0.2822524649709579 0.024543692606170175 0.9249904150950417 0.023009711818284817 1.0415729549743507 0.04601942363656919 0.0
0.004601942363656963 0.29145634969827183 0.024543692606170175 0.9372622613981267 0.024543692606170175 1.0415729549743507 0.04601942363656919 0.0
0.004601942363656963 0.29145634969827183 0.024543692606170175 0.9372622613981267 0.024543692606170175 1.0415729549743507 0.04601942363656919 0.0
0.004601942363656963 0.3037281960013569 0.024543692606170175 0.95720401164064 0.023009711818284817 1.047708878125893 0.04755340442445499 0.0
0.004601942363656963 0.31139809994078504 0.024543692606170175 0.969475857943725 0.021475731030399015 1.0523108204895495 0.04908738521234035 0.0
0.004601942363656963 0.31139809994078504 0.024543692606170175 0.969475857943725 0.021475731030399015 1.0523108204895495 0.04908738521234035 0.0
0.004601942363656963 0.316000042304442 0.024543692606170175 0.9725438195194966 0.021475731030399015 1.0538448012774353 0.04908738521234035 0.0
0.004601942363656963 0.3175340230923278 0.024543692606170175 0.9725438195194966 0.021475731030399015 1.0538448012774353 0.04908738521234035 0.0
0.004601942363656963 0.3175340230923278 0.024543692606170175 0.974077800307382 0.023009711818284817 1.055378782065321 0.04908738521234035 0.0
0.004601942363656963 0.3175340230923278 0.024543692606170175 0.974077800307382 0.023009711818284817 1.055378782065321 0.04908738521234035 0.0
0.004601942363656963 0.31906800388021317 0.024543692606170175 0.974077800307382 0.023009711818284817 1.0538448012774353 0.04908738521234035 0.0037667410714287267
0.004601942363656963 0.31906800388021317 0.024543692606170175 0.9756117810952678 0.024543692606170175 1.0523108204895495 0.052155346788111956 0.10212053571428535
0.004601942363656963 0.31906800388021317 0.024543692606170175 0.9756117810952678 0.024543692606170175 1.0523108204895495 0.052155346788111956 0.10212053571428535
0.004601942363656963 0.31906800388021317 0.024543692606170175 0.974077800307382 0.026077673394055978 1.038504993398579 0.052155346788111956 0.2506975446428567
0.003067961575771383 0.3221359654559848 0.024543692606170175 0.974077800307382 0.026077673394055978 1.0354370318228074 0.053689327575997314 0.3867187500000006
0.003067961575771383 0.3221359654559848 0.024543692606170175 0.974077800307382 0.026077673394055978 1.0262331470954935 0.053689327575997314 0.47460937500000017
0.003067961575771383 0.3221359654559848 0.024543692606170175 0.974077800307382 0.026077673394055978 1.0262331470954935 0.053689327575997314 0.4746093750000002
0.003067961575771383 0.32060198466809897 0.024543692606170175 0.9710098387316108 0.027611654181941336 1.0200972239439512 0.053689327575997314 0.5059988839285713
0.004601942363656963 0.32060198466809897 0.024543692606170175 0.969475857943725 0.026077673394055978 1.0200972239439512 0.05522330836388312 0.5185546875
0.004601942363656963 0.32060198466809897 0.024543692606170175 0.969475857943725 0.026077673394055978 1.0200972239439512 0.05522330836388312 0.5185546875
0.004601942363656963 0.31906800388021317 0.024543692606170175 0.9679418771558397 0.026077673394055978 1.0185632431560654 0.05675728915176892 0.5394810267857141
0.004601942363656963 0.3175340230923278 0.024543692606170175 0.9648739155800681 0.026077673394055978 1.0170292623681805 0.05675728915176892 0.5624999999999998
0.004601942363656963 0.316000042304442 0.024543692606170175 0.9648739155800681 0.026077673394055978 1.0170292623681805 0.05675728915176892 0.5771484375000001
0.004601942363656963 0.316000042304442 0.024543692606170175 0.9648739155800681 0.026077673394055978 1.0170292623681805 0.05675728915176892 0.5771484375000001
0.006135923151542544 0.316000042304442 0.024543692606170175 0.9648739155800681 0.026077673394055978 1.0185632431560654 0.05675728915176892 0.5813337053571435
0.006135923151542544 0.316000042304442 0.024543692606170175 0.9648739155800681 0.026077673394055978 1.0185632431560654 0.05675728915176892 0.5813337053571435
0.006135923151542544 0.316000042304442 0.024543692606170175 0.9648739155800681 0.026077673394055978 1.0185632431560654 0.05675728915176892 0.5813337053571435
0.006135923151542544 0.31446606151655665 0.024543692606170175 0.9633399347921827 0.026077673394055978 1.0185632431560654 0.05675728915176892 0.5813337053571435
0.006135923151542544 0.31293208072867085 0.024543692606170175 0.9618059540042969 0.026077673394055978 1.0185632431560654 0.05675728915176892 0.5813337053571435
0.006135923151542544 0.31293208072867085 0.024543692606170175 0.9618059540042969 0.026077673394055978 1.0185632431560654 0.05675728915176892 0.5813337053571435
0.006135923151542544 0.3067961575771281 0.024543692606170175 0.9618059540042969 0.026077673394055978 1.0231651855197228 0.05675728915176892 0.5813337053571435
0.006135923151542544 0.29912625363769996 0.024543692606170175 0.9602719732164116 0.026077673394055978 1.0277671278833793 0.05675728915176892 0.5813337053571435
0.006135923151542544 0.29912625363769996 0.024543692606170175 0.9602719732164116 0.026077673394055978 1.0277671278833793 0.05675728915176892 0.5813337053571435
0.007669903939428124 0.2837864457588437 0.024543692606170175 0.95720401164064 0.027611654181941336 1.0339030510349225 0.05675728915176892 0.5813337053571435
0.009203884727313927 0.25464081078901657 0.024543692606170175 0.9464661461254407 0.027611654181941336 1.0354370318228074 0.05522330836388312 0.5813337053571435
0.009203884727313927 0.21782527187976086 0.024543692606170175 0.931126338246584 0.027611654181941336 1.0339030510349225 0.052155346788111956 0.5813337053571435
0.009203884727313927 0.21782527187976086 0.024543692606170175 0.931126338246584 0.027611654181941336 1.0339030510349225 0.052155346788111956 0.5813337053571435
0.009203884727313927 0.1794757521826198 0.024543692606170175 0.9188544919434989 0.027611654181941336 1.0354370318228074 0.052155346788111956 0.5813337053571435
0.009203884727313927 0.1794757521826198 0.024543692606170175 0.9188544919434989 0.027611654181941336 1.0354370318228074 0.052155346788111956 0.5813337053571435
0.009203884727313927 0.1349903093339364 0.024543692606170175 0.9065826456404138 0.027611654181941336 1.0354370318228074 0.053689327575997314 0.5813337053571435
0.009203884727313927 0.1349903093339364 0.024543692606170175 0.9065826456404138 0.027611654181941336 1.0354370318228074 0.053689327575997314 0.5813337053571435
0.009203884727313927 0.1349903093339364 0.024543692606170175 0.9065826456404138 0.027611654181941336 1.0354370318228074 0.053689327575997314 0.5813337053571435
0.009203884727313927 0.07823302018216749 0.023009711818284373 0.9035146840646426 0.027611654181941336 1.0722525707320631 0.05062136600022615 0.5813337053571435
0.009179287396192221 0.06922575900965035 0.02196373819137685 0.9076168977110699 0.027603139642729604 1.0884771350546294 0.048461185846411924 0.5813337053571435
0.009201707712078776 0.05561822859401955 0.021543051124683292 0.9066419605712828 0.027610904885071192 1.0969990566207748 0.047667443553992626 0.5813337053571435
0.009193901488616834 0.04295127058742189 0.021832962096749998 0.9079980107435836 0.027608175864763086 1.109540831075333 0.04554592054411868 0.5813337053571435
0.009203884727313927 0.02914563496982714 0.02147573103039857 0.9081166264282996 0.027611654181941336 1.1198059751565177 0.044485442848683394 0.5813337053571435
0.009203884727313927 0.0 0.019941750242513656 0.9096506072161854 0.027611654181941336 1.1397477253990314 0.04141748127291223 0.5813337053571435
0.009200968410410456 -0.022342063455777966 0.01899084988584955 0.9077922455034309 0.02761067866466175 1.1474881155137573 0.03968061494422931 0.5813337053571435
0.009202000195056783 -0.04634255558632267 0.018865172446552878 0.9066074328912761 0.02892044422143615 1.1577031937636677 0.03677315901680971 0.5813337053571435
0.009203884727313927 -0.06135923151542543 0.018407769454627854 0.9065826456404138 0.02914563496982714 1.1658253987930873 0.035281558121369905 0.5813337053571435
0.00920344306004494 -0.0889693548858803 0.018520545933102518 0.9051641408438675 0.027640459894646547 1.1781865284859143 0.03280525264853064 0.5813337053571435
0.00920308267439138 -0.1096400686769872 0.018609859554277682 0.9053421036910684 0.027721443687221976 1.1880453230037953 0.03211062582379248 0.5813337053571435
0.009203010086950547 -0.13178074390403186 0.018602650321941926 0.9041865290961234 0.027737719209308478 1.1979622189103327 0.03215846475188687 0.5813337053571435
0.00920382868019328 -0.15621424817462998 0.018422033150957393 0.9035659349296914 0.027619856082071615 1.2094715377430876 0.030763532752911205 0.5813337053571435
0.009203744014328526 -0.18131274094730068 0.018446844569175464 0.9036647289981077 0.02905392813829788 1.2192818615060663 0.02806862825373915 0.5813337053571435
0.009203645715347535 -0.20436483940539585 0.01845202825981812 0.9036903681191484 0.028977155656544736 1.226305952032094 0.026919204859151172 0.5813337053571435
0.009203884727313927 -0.21782527187976086 0.018407769454627854 0.9035146840646426 0.02914563496982714 1.2317865726721697 0.026077673394055978 0.5813337053571435
0.009203884727313927 -0.24083498369804568 0.018407769454627854 0.9035146840646426 0.02914563496982714 1.2394564766115979 0.019941750242513212 0.5813337053571435
0.009203884727313927 -0.2638446955163305 0.018407769454627854 0.9035146840646426 0.02914563496982714 1.247126380551026 0.018407769454627854 0.5813337053571435
0.009203884727313927 -0.2638446955163305 0.018407769454627854 0.9035146840646426 0.02914563496982714 1.247126380551026 0.018407769454627854 0.5813337053571435
0.009203884727313927 -0.2822524649709579 0.018407769454627854 0.9035146840646426 0.02914563496982714 1.25633026527834 0.01687378866674205 0.5834263392857151
0.009203884727313927 -0.3021942152134711 0.01687378866674205 0.9065826456404138 0.02914563496982714 1.2670681307935396 0.01380582709097089 0.5834263392857151
0.009203884727313927 -0.31906800388021317 0.01687378866674205 0.9096506072161854 0.02914563496982714 1.2778059963087394 0.012271846303085088 0.5834263392857151
0.009203884727313927 -0.31906800388021317 0.01687378866674205 0.9096506072161854 0.02914563496982714 1.2778059963087394 0.012271846303085088 0.5834263392857151
0.009203884727313927 -0.3390097541227268 0.01687378866674205 0.9127185687919566 0.02914563496982714 1.290077842611824 0.010737865515199285 0.5834263392857151
0.009203884727313927 -0.3558835427894689 0.01687378866674205 0.9142525495798419 0.02914563496982714 1.3008157081270237 0.007669903939428124 0.5897042410714288
0.009203884727313927 -0.3696893698804393 0.01687378866674205 0.9142525495798419 0.02914563496982714 1.3054176504906803 0.007669903939428124 0.5917968750000004
0.009203884727313927 -0.3696893698804393 0.01687378866674205 0.9142525495798419 0.02914563496982714 1.3054176504906803 0.007669903939428124 0.5917968750000004
0.009203884727313927 -0.37889325460775325 0.015339807878856249 0.9142525495798419 0.02914563496982714 1.3054176504906803 0.007669903939428124 0.5917968750000004
0.009203884727313927 -0.3834951969714102 0.015339807878856249 0.9142525495798419 0.02914563496982714 1.306951631278566 0.007669903939428124 0.5917968750000004
0.009203884727313927 -0.3834951969714102 0.015339807878856249 0.9142525495798419 0.02914563496982714 1.306951631278566 0.007669903939428124 0.5917968750000004
0.009203884727313927 -0.3865631585471814 0.01687378866674205 0.9142525495798419 0.02914563496982714 1.306951631278566 0.007669903939428124 0.5917968750000004
0.009203884727313927 -0.39269908169872414 0.015339807878856249 0.9127185687919566 0.03067961575771294 1.3084856120664519 0.007669903939428124 0.5917968750000004
0.009203884727313927 -0.39269908169872414 0.015339807878856249 0.9127185687919566 0.03067961575771294 1.3084856120664519 0.007669903939428124 0.5917968750000004
0.009203884727313927 -0.3973010240623811 0.01687378866674205 0.9142525495798419 0.03067961575771294 1.3146215352179942 0.007669903939428124 0.5917968750000004
0.009203884727313927 -0.40190296642603807 0.015339807878856249 0.9157865303677277 0.02914563496982714 1.3207574583695374 0.007669903939428124 0.5917968750000004
0.009203884727313927 -0.4049709280018092 0.01687378866674205 0.9173205111556135 0.02914563496982714 1.3207574583695374 0.006135923151542766 0.5917968750000004
0.009203884727313927 -0.4049709280018092 0.01687378866674205 0.9173205111556135 0.02914563496982714 1.3207574583695374 0.006135923151542766 0.5917968750000004
0.009203884727313927 -0.4049709280018092 0.015339807878856249 0.9173205111556135 0.02914563496982714 1.3207574583695374 0.006135923151542766 0.5917968750000004
0.010737865515199507 -0.4034369472139234 0.01687378866674205 0.9142525495798419 0.02914563496982714 1.3207574583695374 0.006135923151542766 0.5917968750000004
0.010737865515199507 -0.4034369472139234 0.01687378866674205 0.9142525495798419 0.02914563496982714 1.3207574583695374 0.006135923151542766 0.5917968750000004
0.009203884727313927 -0.3988350048502669 0.01687378866674205 0.9142525495798419 0.03067961575771294 1.3207574583695374 0.006135923151542766 0.5917968750000004
0.009203884727313927 -0.3957670432744953 0.01687378866674205 0.9142525495798419 0.02914563496982714 1.3207574583695374 0.004601942363656963 0.5917968750000004
0.009203884727313927 -0.39116510091083834 0.015339807878856249 0.9142525495798419 0.02914563496982714 1.3207574583695374 0.004601942363656963 0.5897042410714288
0.009203884727313927 -0.39116510091083834 0.015339807878856249 0.9142525495798419 0.02914563496982714 1.3207574583695374 0.004601942363656963 0.5897042410714288
0.009203884727313927 -0.3880971393350672 0.01687378866674205 0.9142525495798419 0.02914563496982714 1.3207574583695374 0.006135923151542766 0.5897042410714288
0.009203884727313927 -0.3865631585471814 0.015339807878856249 0.9142525495798419 0.02914563496982714 1.3207574583695374 0.006135923151542766 0.5897042410714288
0.009203884727313927 -0.3865631585471814 0.015339807878856249 0.9142525495798419 0.02914563496982714 1.3207574583695374 0.006135923151542766 0.5897042410714288
0.009203884727313927 -0.385029177759296 0.015339807878856249 0.9142525495798419 0.02914563496982714 1.3207574583695374 0.006135923151542766 0.5876116071428571
0.009203884727313927 -0.3865631585471814 0.015339807878856249 0.9127185687919566 0.03067961575771294 1.3207574583695374 0.006135923151542766 0.5876116071428571
0.009203884727313927 -0.3865631585471814 0.015339807878856249 0.9127185687919566 0.03067961575771294 1.3207574583695374 0.006135923151542766 0.5876116071428571
0.009203884727313927 -0.3865631585471814 0.01687378866674205 0.9127185687919566 0.02914563496982714 1.3207574583695374 0.006135923151542766 0.5876116071428571
0.009203884727313927 -0.3865631585471814 0.01687378866674205 0.9127185687919566 0.02914563496982714 1.3207574583695374 0.006135923151542766 0.5855189732142855
0.009203884727313927 -0.385029177759296 0.01687378866674205 0.9127185687919566 0.02914563496982714 1.3207574583695374 0.006135923151542766 0.5834263392857151
0.009203884727313927 -0.385029177759296 0.01687378866674205 0.9127185687919566 0.02914563496982714 1.3207574583695374 0.006135923151542766 0.5834263392857151
0.009203884727313927 -0.3834951969714102 0.015339807878856249 0.9127185687919566 0.02914563496982714 1.3207574583695374 0.006135923151542766 0.5813337053571435
0.009203884727313927 -0.3834951969714102 0.015339807878856249 0.9096506072161854 0.02914563496982714 1.3207574583695374 0.007669903939428124 0.5792410714285717
0.009203884727313927 -0.3834951969714102 0.015339807878856249 0.9096506072161854 0.02914563496982714 1.3207574583695374 0.007669903939428124 0.5792410714285717
0.009203884727313927 -0.3834951969714102 0.015339807878856249 0.9050486648525284 0.02914563496982714 1.3192234775816516 0.007669903939428124 0.5792410714285717
0.009203884727313927 -0.38042723539563905 0.015339807878856249 0.9004467224888715 0.02914563496982714 1.3130875544301093 0.007669903939428124 0.5792410714285717
0.009203884727313927 -0.38042723539563905 0.015339807878856249 0.9004467224888715 0.02914563496982714 1.3130875544301093 0.007669903939428124 0.5792410714285717
0.009203884727313927 -0.3742913122440963 0.01687378866674205 0.8958447801252145 0.02914563496982714 1.3100195928543377 0.007669903939428124 0.5792410714285717
0.009203884727313927 -0.36508742751678286 0.01687378866674205 0.8912428377615575 0.02914563496982714 1.3054176504906803 0.006135923151542766 0.5771484375000001
0.009203884727313927 -0.3543495620015831 0.01687378866674205 0.8912428377615575 0.02914563496982714 1.3023496889149095 0.006135923151542766 0.5771484375000001
0.009203884727313927 -0.3543495620015831 0.01687378866674205 0.8912428377615575 0.02914563496982714 1.3023496889149095 0.006135923151542766 0.5771484375000001
0.009203884727313927 -0.3451456772742692 0.01687378866674205 0.8897088569736717 0.02914563496982714 1.299281727339138 0.006135923151542766 0.5771484375000001
0.009203884727313927 -0.3451456772742692 0.01687378866674205 0.8897088569736717 0.02914563496982714 1.299281727339138 0.006135923151542766 0.5771484375000001
0.009203884727313927 -0.3359417925469552 0.015339807878856249 0.8881748761857864 0.02914563496982714 1.2977477465512521 0.004601942363656963 0.5771484375000001
0.009203884727313927 -0.32060198466809897 0.01687378866674205 0.8851069146100148 0.02914563496982714 1.2854759002481675 0.004601942363656963 0.5771484375000001
0.009203884727313927 -0.32060198466809897 0.01687378866674205 0.8851069146100148 0.02914563496982714 1.2854759002481675 0.004601942363656963 0.5771484375000001
0.009203884727313927 -0.31293208072867085 0.01687378866674205 0.8805049722463578 0.02914563496982714 1.2793399770966252 0.003067961575771161 0.5771484375000001
0.009203884727313927 -0.3021942152134711 0.015339807878856249 0.8789709914584725 0.02914563496982714 1.2762720155208536 0.003067961575771161 0.5771484375000001
0.009203884727313927 -0.3021942152134711 0.015339807878856249 0.8789709914584725 0.02914563496982714 1.2762720155208536 0.003067961575771161 0.5771484375000001
0.009203884727313927 -0.29299033048615764 0.01687378866674205 0.8774370106705867 0.02914563496982714 1.2701360923693112 0.003067961575771161 0.5771484375000001
0.009203884727313927 -0.28532042654672907 0.015339807878856249 0.8743690490948155 0.02914563496982714 1.2624661884298831 0.003067961575771161 0.5771484375000001
0.009203884727313927 -0.27918450339518674 0.015339807878856249 0.8713010875190443 0.02914563496982714 1.2578642460662257 0.003067961575771161 0.5771484375000001
0.009203884727313927 -0.27918450339518674 0.015339807878856249 0.8713010875190443 0.02914563496982714 1.2578642460662257 0.003067961575771161 0.5771484375000001
0.009203884727313927 -0.2745825610315298 0.015339807878856249 0.8713010875190443 0.02914563496982714 1.25633026527834 0.0015339807878858025 0.5771484375000001
0.009203884727313927 -0.26537867630421585 0.01687378866674205 0.8713010875190443 0.02914563496982714 1.254796284490454 0.0015339807878858025 0.5771484375000001
0.009203884727313927 -0.26537867630421585 0.01687378866674205 0.8713010875190443 0.02914563496982714 1.254796284490454 0.0015339807878858025 0.5771484375000001
0.009203884727313927 -0.25464081078901657 0.015339807878856249 0.8713010875190443 0.02914563496982714 1.2517283229146834 -0.0015339807878858025 0.5771484375000001
0.009203884727313927 -0.24543692606170264 0.015339807878856249 0.8697671067311585 0.02914563496982714 1.2425244381873695 -0.0015339807878858025 0.5771484375000001
0.009203884727313927 -0.24543692606170264 0.015339807878856249 0.8697671067311585 0.02914563496982714 1.2425244381873695 -0.0015339807878858025 0.5771484375000001
0.009203884727313927 -0.23930100291015988 0.015339807878856249 0.8620972027917304 0.02914563496982714 1.2363885150358271 -0.0015339807878858025 0.5771484375000001
0.009203884727313927 -0.2300971181828464 0.015339807878856249 0.8574952604280734 0.02914563496982714 1.2271846303085132 -0.0015339807878858025 0.5771484375000001
0.009203884727313927 -0.22089323345553247 0.015339807878856249 0.8528933180644165 0.027611654181941336 1.2164467647933135 -0.0015339807878858025 0.5771484375000001
0.009203884727313927 -0.22089323345553247 0.015339807878856249 0.8528933180644165 0.027611654181941336 1.2164467647933135 -0.0015339807878858025 0.5771484375000001
0.009203884727313927 -0.20708740636456158 0.015339807878856249 0.8513593372765307 0.02914563496982714 1.2103108416417712 -0.004601942363656963 0.5771484375000001
0.009203884727313927 -0.19174759848570533 0.015339807878856249 0.8528933180644165 0.027611654181941336 1.2072428800659996 -0.006135923151542766 0.5771484375000001
0.009203884727313927 -0.19174759848570533 0.015339807878856249 0.8528933180644165 0.027611654181941336 1.2072428800659996 -0.006135923151542766 0.5771484375000001
0.007669903939428124 -0.17794177139473444 0.015339807878856249 0.8528933180644165 0.02914563496982714 1.2057088992781138 -0.007669903939428124 0.5771484375000001
0.007669903939428124 -0.1672039058795347 0.015339807878856249 0.8544272988523023 0.02914563496982714 1.204174918490228 -0.009203884727313927 0.5771484375000001
0.007669903939428124 -0.1672039058795347 0.015339807878856249 0.8544272988523023 0.02914563496982714 1.204174918490228 -0.009203884727313927 0.5771484375000001
0.007669903939428124 -0.15953400194010658 0.015339807878856249 0.8528933180644165 0.02914563496982714 1.1965050145507998 -0.009203884727313927 0.5771484375000001
0.007669903939428124 -0.15339807878856426 0.015339807878856249 0.8528933180644165 0.02914563496982714 1.1888351106113717 -0.009203884727313927 0.5771484375000001
0.007669903939428124 -0.1457281748491357 0.015339807878856249 0.8528933180644165 0.02914563496982714 1.187301129823486 -0.009203884727313927 0.5771484375000001
0.007669903939428124 -0.1457281748491357 0.015339807878856249 0.8528933180644165 0.02914563496982714 1.187301129823486 -0.009203884727313927 0.5771484375000001
0.007669903939428124 -0.13805827090970757 0.015339807878856249 0.8528933180644165 0.02914563496982714 1.185767149035601 -0.010737865515199285 0.5771484375000001
0.007669903939428124 -0.13038836697027945 0.015339807878856249 0.8528933180644165 0.02914563496982714 1.1842331682477152 -0.010737865515199285 0.5771484375000001
0.007669903939428124 -0.13038836697027945 0.015339807878856249 0.8528933180644165 0.02914563496982714 1.1842331682477152 -0.010737865515199285 0.5771484375000001
0.007669903939428124 -0.12118448224296552 0.015339807878856249 0.8528933180644165 0.02914563496982714 1.1842331682477152 -0.012271846303085088 0.5771484375000001
0.007669903939428124 -0.11198059751565159 0.015339807878856249 0.8528933180644165 0.02914563496982714 1.1826991874598294 -0.01380582709097089 0.5771484375000001
0.007669903939428124 -0.11198059751565159 0.015339807878856249 0.8528933180644165 0.02914563496982714 1.1826991874598294 -0.01380582709097089 0.5771484375000001
0.007669903939428124 -0.0997087512125665 0.015339807878856249 0.8513593372765307 0.02914563496982714 1.1719613219446297 -0.01687378866674205 0.5771484375000001
0.007669903939428124 -0.08590292412159606 0.015339807878856249 0.8482913757007595 0.02914563496982714 1.1581554948536592 -0.018407769454627854 0.5771484375000001
0.007669903939428124 -0.07209709703062517 0.015339807878856249 0.8375535101855602 0.02914563496982714 1.1443496677626879 -0.019941750242513212 0.5771484375000001
0.007669903939428124 -0.07209709703062517 0.015339807878856249 0.8375535101855602 0.02914563496982714 1.1443496677626879 -0.019941750242513212 0.5771484375000001
0.007669903939428124 -0.05522330836388312 0.015339807878856249 0.8283496254582463 0.027611654181941336 1.1228739367322893 -0.019941750242513212 0.5771484375000001
0.007669903939428124 -0.05522330836388312 0.015339807878856249 0.8283496254582463 0.027611654181941336 1.1228739367322893 -0.019941750242513212 0.5771484375000001
0.007669903939428124 -0.035281558121369905 0.015339807878856249 0.8237476830945893 0.027611654181941336 1.1029321864897756 -0.019941750242513212 0.5771484375000001
0.007669903939428124 -0.01687378866674205 0.01687378866674205 0.8222137023067035 0.027611654181941336 1.0921943209745768 -0.019941750242513212 0.5750558035714285
0.007669903939428124 -0.003067961575771161 0.01687378866674205 0.8222137023067035 0.027611654181941336 1.0875923786109194 -0.019941750242513212 0.5750558035714285
0.007669903939428124 -0.003067961575771161 0.01687378866674205 0.8222137023067035 0.027611654181941336 1.0875923786109194 -0.019941750242513212 0.5750558035714285
0.007669903939428124 0.012271846303085084 0.01687378866674205 0.8222137023067035 0.026077673394055978 1.0753205323078348 -0.019941750242513212 0.5750558035714285
0.007669903939428124 0.026077673394055978 0.01687378866674205 0.8206797215188182 0.026077673394055978 1.0630486860047492 -0.019941750242513212 0.5750558035714285
0.007669903939428124 0.04141748127291223 0.01687378866674205 0.8191457407309324 0.024543692606170175 1.0507768397016646 -0.019941750242513212 0.5729631696428568
0.007669903939428124 0.04141748127291223 0.01687378866674205 0.8191457407309324 0.024543692606170175 1.0507768397016646 -0.019941750242513212 0.5729631696428568
0.007669903939428124 0.052155346788111956 0.01687378866674205 0.8191457407309324 0.023009711818284817 1.0431069357622356 -0.019941750242513212 0.5729631696428568
0.006135923151542544 0.06135923151542544 0.01687378866674205 0.8176117599430466 0.021475731030399015 1.0369710126106932 -0.019941750242513212 0.5729631696428568
0.006135923151542544 0.06135923151542544 0.01687378866674205 0.8176117599430466 0.021475731030399015 1.0369710126106932 -0.019941750242513212 0.5729631696428568
0.006135923151542544 0.07363107781851097 0.01687378866674205 0.8191457407309324 0.019941750242513212 1.0293011086712651 -0.019941750242513212 0.5729631696428568
0.006135923151542544 0.08436894333371026 0.01687378866674205 0.8191457407309324 0.018407769454627854 1.0200972239439512 -0.019941750242513212 0.5729631696428568
0.006135923151542544 0.08436894333371026 0.01687378866674205 0.8191457407309324 0.018407769454627854 1.0200972239439512 -0.019941750242513212 0.5729631696428568
0.006135923151542544 0.1012427320004523 0.015339807878856249 0.8191457407309324 0.01687378866674205 1.0108933392166373 -0.019941750242513212 0.5708705357142864
0.006135923151542544 0.11965050145508016 0.01687378866674205 0.8191457407309324 0.01687378866674205 0.9986214929135526 -0.019941750242513212 0.5729631696428568
0.006135923151542544 0.13805827090970757 0.01687378866674205 0.8206797215188182 0.01687378866674205 0.9894176081862387 -0.019941750242513212 0.5708705357142864
0.006135923151542544 0.13805827090970757 0.01687378866674205 0.8206797215188182 0.01687378866674205 0.9894176081862387 -0.019941750242513212 0.5708705357142864
0.0015339807878855805 0.15033011721279266 0.01687378866674205 0.8237476830945893 0.01687378866674205 0.9863496466104671 -0.019941750242513212 0.5708705357142864
-0.0015339807878855805 0.1610679827279924 0.01687378866674205 0.8283496254582463 0.01687378866674205 0.9863496466104671 -0.019941750242513212 0.5708705357142864
-0.0015339807878855805 0.1610679827279924 0.01687378866674205 0.8283496254582463 0.01687378866674205 0.9863496466104671 -0.019941750242513212 0.5708705357142864
-0.0015339807878855809 0.1672039058795347 0.01687378866674205 0.8314175870340175 0.01687378866674205 0.9848156658225813 -0.019941750242513212 0.5708705357142864
-0.003067961575771383 0.1687378866674205 0.01687378866674205 0.8314175870340175 0.01687378866674205 0.9848156658225813 -0.019941750242513212 0.5708705357142864
-0.003067961575771383 0.1687378866674205 0.01687378866674205 0.8314175870340175 0.01687378866674205 0.9848156658225813 -0.019941750242513212 0.5708705357142864
-0.004601942363656963 0.1687378866674205 0.01687378866674205 0.8314175870340175 0.01687378866674205 0.9832816850346964 -0.019941750242513212 0.5708705357142864
-0.004601942363656963 0.17180584824319167 0.01687378866674205 0.8314175870340175 0.018407769454627854 0.9832816850346964 -0.019941750242513212 0.5708705357142864
-0.004601942363656963 0.1810097329705056 0.01687378866674205 0.8314175870340175 0.019941750242513212 0.9832816850346964 -0.019941750242513212 0.5708705357142864
-0.004601942363656963 0.1810097329705056 0.01687378866674205 0.8314175870340175 0.019941750242513212 0.9832816850346964 -0.019941750242513212 0.5708705357142864
-0.004601942363656963 0.18407769454627676 0.01687378866674205 0.8329515678219033 0.019941750242513212 0.9832816850346964 -0.019941750242513212 0.5624999999999998
-0.006135923151542544 0.19021361769781953 0.015339807878856249 0.8360195293976744 0.021475731030399015 0.9832816850346964 -0.021475731030399015 0.535295758928572
-0.006135923151542544 0.19021361769781953 0.015339807878856249 0.8360195293976744 0.021475731030399015 0.9832816850346964 -0.021475731030399015 0.535295758928572
-0.004601942363656963 0.19174759848570533 0.015339807878856249 0.8360195293976744 0.019941750242513212 0.9832816850346964 -0.021475731030399015 0.4683314732142865
-0.007669903939428124 0.19174759848570533 0.015339807878856249 0.8375535101855602 0.018407769454627854 0.9848156658225813 -0.021475731030399015 0.3385881696428575
-0.007669903939428124 0.19174759848570533 0.015339807878856249 0.8375535101855602 0.018407769454627854 0.9848156658225813 -0.021475731030399015 0.3385881696428575
-0.010737865515199507 0.19174759848570533 0.015339807878856249 0.8390874909734456 0.018407769454627854 0.9878836273983529 -0.021475731030399015 0.1962890624999999
-0.010737865515199507 0.19174759848570533 0.015339807878856249 0.8390874909734456 0.018407769454627854 0.9878836273983529 -0.021475731030399015 0.1962890624999999
-0.012271846303085088 0.19941750242513345 0.01687378866674205 0.8452234141249884 0.023009711818284817 0.9970875121256668 -0.023009711818284817 0.0
-0.010737865515199507 0.20401944478879042 0.01687378866674205 0.8482913757007595 0.024543692606170175 0.9986214929135526 -0.023009711818284817 0.0
-0.010737865515199507 0.20401944478879042 0.01687378866674205 0.8482913757007595 0.024543692606170175 0.9986214929135526 -0.023009711818284817 0.0
-0.012271846303085088 0.20862138715244738 0.015339807878856249 0.8498253564886453 0.024543692606170175 0.995553531337781 -0.023009711818284817 0.0
-0.012271846303085088 0.21782527187976086 0.013805827090970446 0.8498253564886453 0.026077673394055978 0.9924855697620094 -0.026077673394055978 0.0
-0.012271846303085088 0.21782527187976086 0.013805827090970446 0.8498253564886453 0.026077673394055978 0.9924855697620094 -0.026077673394055978 0.0
-0.012271846303085088 0.21935925266764666 0.003067961575771605 0.8482913757007595 0.02914563496982714 0.9940195505498952 -0.0337475773334841 0.0
-0.013805827090970668 0.21935925266764666 -0.013805827090970446 0.8498253564886453 0.0322135965455983 0.9970875121256668 -0.04141748127291223 0.0
-0.010737865515199507 0.21935925266764666 -0.04295146206079803 0.8513593372765307 0.0337475773334841 0.9970875121256668 -0.04908738521234035 0.0
-0.010737865515199507 0.21935925266764666 -0.04295146206079803 0.8513593372765307 0.0337475773334841 0.9970875121256668 -0.04908738521234035 0.0
-0.009203884727313927 0.21935925266764666 -0.0674951546669682 0.8528933180644165 0.038349519697141066 0.9970875121256668 -0.04755340442445499 0.0
-0.007669903939428124 0.21935925266764666 -0.08436894333371026 0.8544272988523023 0.05062136600022615 0.9986214929135526 -0.04755340442445499 0.0
-0.006135923151542544 0.21935925266764666 -0.08897088569736677 0.8590292412159592 0.0674951546669682 0.9986214929135526 -0.04908738521234035 0.0
-0.006135923151542544 0.21935925266764666 -0.08897088569736677 0.8590292412159592 0.0674951546669682 0.9986214929135526 -0.04908738521234035 0.0
-0.004601942363656963 0.22396119503130363 -0.08897088569736677 0.8682331259432727 0.07823302018216749 0.9986214929135526 -0.04908738521234035 0.0
-0.007669903939428124 0.22396119503130363 -0.08897088569736677 0.8713010875190443 0.08590292412159606 1.0001554737014384 -0.04908738521234035 0.0
-0.007669903939428124 0.22396119503130363 -0.08897088569736677 0.8713010875190443 0.08590292412159606 1.0001554737014384 -0.04908738521234035 0.0
-0.006135923151542544 0.23163109897073175 -0.08897088569736677 0.8713010875190443 0.08590292412159606 0.9986214929135526 -0.04908738521234035 0.0
-0.0015339807878855805 0.23930100291015988 -0.08897088569736677 0.8713010875190443 0.08590292412159606 0.9986214929135526 -0.04755340442445499 0.0
-0.0015339807878855805 0.23930100291015988 -0.08897088569736677 0.8713010875190443 0.08590292412159606 0.9986214929135526 -0.04755340442445499 0.0
-0.0015339807878855805 0.23930100291015988 -0.08897088569736677 0.8713010875190443 0.08590292412159606 0.9986214929135526 -0.04755340442445499 0.0
-0.0015339807878855805 0.23930100291015988 -0.08897088569736677 0.8713010875190443 0.08590292412159606 0.9986214929135526 -0.04755340442445499 0.0
-0.0015339807878855805 0.23776702212227452 -0.08897088569736677 0.8713010875190443 0.08590292412159606 0.9970875121256668 -0.04601942363656919 0.0
0.0015339807878855809 0.2346990605465029 -0.08897088569736677 0.8697671067311585 0.08590292412159606 0.9924855697620094 -0.04601942363656919 0.0
0.0015339807878855805 0.2300971181828464 -0.08897088569736677 0.8682331259432727 0.08590292412159606 0.9894176081862387 -0.044485442848683394 0.0
0.0015339807878855805 0.2300971181828464 -0.08897088569736677 0.8682331259432727 0.08590292412159606 0.9894176081862387 -0.044485442848683394 0.0
0.0015339807878855805 0.2300971181828464 -0.08897088569736677 0.8682331259432727 0.08590292412159606 0.9894176081862387 -0.044485442848683394 0.0
0.0 0.22396119503130363 -0.08590292412159606 0.8666991451553874 0.08590292412159606 0.9878836273983529 -0.038349519697141066 0.0
0.0 0.22396119503130363 -0.08590292412159606 0.8666991451553874 0.08590292412159606 0.9878836273983529 -0.038349519697141066 0.0
0.0 0.2147573103039897 -0.08436894333371026 0.8590292412159592 0.08436894333371026 0.9848156658225813 -0.035281558121369905 0.0
-0.0015339807878855805 0.20708740636456158 -0.08283496254582445 0.8559612796401876 0.08436894333371026 0.9832816850346964 -0.0322135965455983 0.0
-0.0015339807878855805 0.20708740636456158 -0.08283496254582445 0.8559612796401876 0.08436894333371026 0.9832816850346964 -0.0322135965455983 0.0
-0.0015339807878855805 0.20401944478879042 -0.08283496254582445 0.8559612796401876 0.08590292412159606 0.9832816850346964 -0.0322135965455983 0.0
-0.0015339807878855805 0.2024854640009046 -0.08283496254582445 0.8559612796401876 0.08590292412159606 0.9832816850346964 -0.03067961575771294 0.0
-0.003067961575771383 0.2024854640009046 -0.08283496254582445 0.8544272988523023 0.08590292412159606 0.9802137234589248 -0.03067961575771294 0.0
-0.003067961575771383 0.2024854640009046 -0.08283496254582445 0.8544272988523023 0.08590292412159606 0.9802137234589248 -0.03067961575771294 0.0
-0.0015339807878855805 0.20555342557667577 -0.08283496254582445 0.8559612796401876 0.08897088569736722 0.9802137234589248 -0.03067961575771294 0.0
