0.07625775 -0.009883685 -0.019469814 -0.03140857 0.05118036 -0.12782398 0.0013935864 0.03351309 -0.006504259 -0.0731661
0.07702766 -0.006558772 -0.016175231 -0.03156989 0.05135732 -0.12579365 0.0032160766 0.031879194 -0.012001013 -0.07140777
0.082886636 -0.0045829806 -0.020322021 -0.032493904 0.04634669 -0.12151815 0.002263139 0.034765474 -0.014269806 -0.07025581
0.09761292 -0.0049913954 -0.046840426 -0.03195257 0.033027913 -0.1106761 -0.0012830459 0.04071819 -0.017944295 -0.066677704
0.10899523 -0.008442542 -0.07424046 -0.028045379 0.016425924 -0.0948937 -0.00049325265 0.039904818 -0.022530902 -0.059537068
0.12015772 -0.012054041 -0.09210661 -0.027554125 -0.0006606467 -0.08528543 -0.0011110716 0.04400234 -0.021265253 -0.05727619
0.13097514 -0.019531537 -0.10799448 -0.025341488 -0.02383595 -0.06702013 -1.7995946e-05 0.04587558 -0.017638465 -0.051710248
0.13761555 -0.026980797 -0.115040325 -0.022512069 -0.04267367 -0.049397986 0.002591473 0.045020033 -0.014198831 -0.04517326
0.14210072 -0.03334117 -0.11734354 -0.020884454 -0.054395348 -0.035773695 0.00649394 0.04228806 -0.012355475 -0.03842786
0.1445656 -0.033051524 -0.119024925 -0.0232729 -0.059928406 -0.035519816 0.0082379095 0.045007132 -0.005971429 -0.038292106
0.14690952 -0.03751524 -0.12039414 -0.022116587 -0.06832999 -0.027921507 0.008842757 0.045494102 -0.0038772067 -0.03609243
0.15055548 -0.0325216 -0.11924659 -0.02451982 -0.07490357 -0.03212801 0.011678217 0.0507843 -0.00041439838 -0.03843875
0.15123029 -0.03484008 -0.11351115 -0.021594642 -0.08653612 -0.022636656 0.016478 0.051912107 -0.00081271015 -0.036558732
0.14728828 -0.039919242 -0.10528949 -0.016388739 -0.09812274 -0.00909348 0.01986449 0.050862707 0.0023587248 -0.033903114
0.14818406 -0.04544877 -0.110583745 -0.014844101 -0.10654639 -0.00238055 0.020947663 0.0510654 0.004286954 -0.033058733
0.14314353 -0.0517244 -0.103442825 -0.010964615 -0.11267048 0.00653274 0.023556238 0.050825685 0.0045858677 -0.03137241
0.14219432 -0.057178523 -0.102168754 -0.009456035 -0.11643749 0.011041418 0.025160352 0.052154627 0.0024285836 -0.03103063
0.14218017 -0.059402663 -0.106356986 -0.010199513 -0.11591484 0.010108046 0.026026197 0.052447453 0.0018516509 -0.031403963
0.14113122 -0.06244469 -0.11073473 -0.010600962 -0.115592785 0.009021033 0.026477048 0.053408217 0.0007904886 -0.03267166
0.14068319 -0.06436984 -0.11543711 -0.011299979 -0.11620001 0.0075327493 0.026232075 0.054724287 0.0017565677 -0.034223977
0.14000706 -0.06544057 -0.11744584 -0.011559172 -0.11460928 0.006726671 0.02720747 0.05399038 0.00091978064 -0.03427784
0.1388604 -0.066373274 -0.117301464 -0.011299746 -0.11468992 0.007075876 0.026756326 0.054269493 0.002605394 -0.03506452
0.13743159 -0.06787531 -0.116289444 -0.010766806 -0.11529802 0.007752523 0.027697125 0.05382954 0.0027393792 -0.034350164
0.1381567 -0.06792006 -0.11512818 -0.010723203 -0.115436144 0.008103188 0.029036243 0.05320968 0.001861697 -0.03333298
0.13773984 -0.06742075 -0.115843534 -0.010664621 -0.11431213 0.006790802 0.029656636 0.052847903 0.0012448383 -0.033527654
0.13560063 -0.06743164 -0.11369782 -0.009830408 -0.11588366 0.006520219 0.028714374 0.05450422 0.004164467 -0.035296787
0.13894904 -0.06681447 -0.11078379 -0.0099486 -0.11489366 0.006991498 0.027758615 0.056004055 0.0014260237 -0.035996296
0.13796 -0.06586672 -0.11126168 -0.009845076 -0.11213265 0.0046709143 0.029027246 0.05475668 -0.00025028584 -0.035830196
0.13596474 -0.06541222 -0.11066235 -0.008977005 -0.110879645 0.003707692 0.028931873 0.054280166 0.00020548285 -0.036908843
0.131142 -0.06718647 -0.10581256 -0.0061494764 -0.110634714 0.0067439824 0.030898934 0.051238593 -0.0020447387 -0.034793068
0.13068283 -0.06673178 -0.106535345 -0.0064391643 -0.10864636 0.005041154 0.03145416 0.050811276 -0.0028682062 -0.03490189
0.12760961 -0.06841542 -0.103933714 -0.005453812 -0.10570453 0.005599806 0.03344362 0.048936725 -0.007081799 -0.033178177
0.12622112 -0.06802794 -0.109731965 -0.0070141796 -0.10216241 0.0010664482 0.034268472 0.048226066 -0.006538842 -0.033798326
0.12805855 -0.06650914 -0.11347416 -0.009149684 -0.10006446 -0.0031404812 0.03334431 0.05003848 -0.0056868675 -0.035539012
0.12836435 -0.06661183 -0.11321714 -0.009307254 -0.10043154 -0.0028036386 0.033036243 0.050335582 -0.0052857595 -0.035541497
0.13258885 -0.06407572 -0.117642544 -0.011606567 -0.10043378 -0.006322356 0.0316701 0.05249583 -0.0035772738 -0.03735498
0.13703552 -0.06276447 -0.11904112 -0.01304966 -0.10085979 -0.0075512584 0.03075982 0.05426921 -0.0048153973 -0.03792821
0.13640249 -0.06288288 -0.11735137 -0.011878984 -0.10278751 -0.00527709 0.030906603 0.053312436 -0.004706201 -0.03736099
0.13884793 -0.06196643 -0.12091285 -0.012475019 -0.10164768 -0.005876716 0.03142907 0.05158148 -0.006976388 -0.03632628
0.13890298 -0.06435772 -0.12405934 -0.011659665 -0.10108006 -0.003664855 0.031672865 0.0484487 -0.009581095 -0.03400066
0.13907604 -0.06308947 -0.12210402 -0.01156253 -0.10142574 -0.003035264 0.030448783 0.04874557 -0.008915049 -0.0343793
0.13686408 -0.0648032 -0.1209006 -0.010874763 -0.09936938 -0.0013347529 0.028772425 0.047414754 -0.010933795 -0.033338465
0.13804527 -0.06725989 -0.12404053 -0.0112882 -0.09461644 0.00029020384 0.029543793 0.04284347 -0.015870927 -0.0294915
0.13829044 -0.065483905 -0.1224523 -0.011387462 -0.094225526 0.00019338727 0.02792754 0.043424666 -0.0151152145 -0.030464116
0.13916299 -0.06830724 -0.1233465 -0.010322429 -0.09028347 0.00504975 0.026961965 0.037817374 -0.020044027 -0.026268957
0.1405648 -0.06752457 -0.12373845 -0.010757031 -0.08339675 0.005318271 0.026209654 0.0338655 -0.02519985 -0.023462605
0.14114493 -0.06626103 -0.124153964 -0.011153795 -0.07779711 0.0046348926 0.025208596 0.03164665 -0.029282216 -0.022049686
0.14176254 -0.06194687 -0.12179955 -0.0118180495 -0.07522284 0.0023394972 0.021985076 0.033225775 -0.028125301 -0.02446321
0.14321615 -0.059306968 -0.12072453 -0.011894001 -0.07003494 0.0026034173 0.02106667 0.030823808 -0.032499373 -0.02314401
0.13674419 -0.062272694 -0.11405012 -0.008230202 -0.066219054 0.009793397 0.020434553 0.025952369 -0.03586597 -0.019977914
0.13760802 -0.0589586 -0.11251137 -0.009631805 -0.062944144 0.0069411416 0.017166555 0.02816375 -0.03473652 -0.022467535
0.13544816 -0.060929067 -0.11209293 -0.009027358 -0.05067189 0.009344917 0.017920863 0.022742335 -0.0485453 -0.018749788
0.13616188 -0.059785686 -0.10069092 -0.0058253594 -0.02979111 0.011567051 0.017824927 0.016773656 -0.073784836 -0.01605268
0.14413065 -0.053847585 -0.08792269 -0.0034096222 -0.018257163 0.0061877184 0.0129749365 0.018756729 -0.08835242 -0.02070032
0.14126237 -0.056240924 -0.074783 -0.0007970929 0.0006304532 0.009448208 0.010295276 0.015696988 -0.10400502 -0.018968368
0.14271678 -0.05357084 -0.06691064 -0.0011816779 0.025664274 0.005700141 0.009598549 0.012597509 -0.12707917 -0.015800886
0.14252883 -0.05499564 -0.060133494 0.00011667423 0.04351072 0.009425309 0.009834316 0.008856304 -0.14452042 -0.01172373
0.1443257 -0.05465773 -0.049453244 -0.0006852364 0.054638684 0.009377416 0.004546812 0.010915168 -0.14834346 -0.014035378
0.14637597 -0.054299623 -0.047761574 -0.003182048 0.07079922 0.014355078 0.0013768822 0.009677868 -0.16134715 -0.0120106805
0.14159243 -0.060216743 -0.046755053 -0.0047682384 0.08600731 0.021949708 -0.0030906051 0.007910792 -0.1650605 -0.010111918
0.14081536 -0.06185813 -0.034953363 -0.0040468406 0.09079602 0.025527097 -0.008089565 0.008726262 -0.16073497 -0.012097939
0.13662499 -0.06666865 -0.028949883 -0.004233728 0.10559894 0.03134104 -0.011779774 0.0058313496 -0.16102567 -0.009661823
0.1330178 -0.06498792 -0.026694963 -0.0067294054 0.12041935 0.027541086 -0.018806433 0.006149769 -0.15702206 -0.011364317
0.13359806 -0.06614263 -0.013256406 -0.008031827 0.12663175 0.031166334 -0.023976158 0.007976927 -0.15135644 -0.012858373
0.12987776 -0.06591505 -0.0058436785 -0.009522759 0.1321562 0.034614183 -0.031929813 0.009502813 -0.14447896 -0.015379948
0.12529045 -0.06638841 -0.0005574636 -0.010665078 0.13613756 0.037580177 -0.03782391 0.010038678 -0.13782918 -0.016821068
0.11835119 -0.06810932 0.0036061602 -0.011237232 0.13769263 0.0387156 -0.043603323 0.012009598 -0.13109665 -0.018867256
0.12439697 -0.07211316 0.009238928 -0.015168858 0.13748409 0.04732235 -0.045633145 0.014463879 -0.12833448 -0.01764837
0.11621749 -0.08127343 0.015981842 -0.017203446 0.14053099 0.05925518 -0.047399998 0.014883921 -0.12111883 -0.014311951
0.10728039 -0.09044333 0.024912767 -0.017715931 0.14300787 0.073965825 -0.04921717 0.015375204 -0.116989225 -0.01083268
0.11124137 -0.09616606 0.027650114 -0.021491805 0.1433717 0.08134247 -0.050450377 0.018721 -0.11487924 -0.008701927
0.099513024 -0.106325895 0.034532756 -0.025886348 0.14779578 0.089187875 -0.05516362 0.023997359 -0.10637696 -0.0074263737
0.09411822 -0.11353737 0.036828127 -0.02992307 0.15090984 0.09485069 -0.057973035 0.027739352 -0.10132498 -0.006097494
0.09559592 -0.12063883 0.037899412 -0.03445325 0.15301795 0.102040276 -0.05943524 0.03171286 -0.09894317 -0.0041774553
0.09799011 -0.122391894 0.034910075 -0.03868392 0.15352865 0.10171526 -0.063169755 0.03577149 -0.09764556 -0.0048752907
0.09891773 -0.1261836 0.03443075 -0.041084178 0.15361792 0.10569945 -0.06436688 0.037756167 -0.096169285 -0.003827646
0.10117425 -0.12706912 0.031137109 -0.04456521 0.15349591 0.103819445 -0.06776617 0.04134143 -0.09483142 -0.004583899
0.1039636 -0.13082716 0.029496986 -0.04643317 0.15294948 0.108009696 -0.067929804 0.042631187 -0.09366014 -0.0027446558
0.10352118 -0.13401264 0.028148646 -0.047648393 0.1535808 0.11210289 -0.06877444 0.042713173 -0.09334354 -0.0013812856
0.09671719 -0.13915277 0.029577637 -0.046685673 0.15354392 0.12105782 -0.069221705 0.040798903 -0.089826465 0.00051148515
0.09834586 -0.14126533 0.030119656 -0.04913506 0.15421088 0.12477188 -0.07003406 0.042003416 -0.089341156 0.0015872892
0.08707145 -0.1489906 0.03638484 -0.047927245 0.15618995 0.13994835 -0.06848697 0.03903347 -0.08353633 0.0063322615
0.07850764 -0.1530765 0.04042097 -0.048771426 0.1583822 0.14563312 -0.06994152 0.039803334 -0.080182865 0.0077082925
0.07786795 -0.15758522 0.043173462 -0.05190628 0.16060203 0.14921613 -0.071686454 0.04383134 -0.07761793 0.008618684
0.07737905 -0.15810552 0.039808087 -0.05647121 0.16173159 0.13895036 -0.0777411 0.049646795 -0.07324069 0.0059111207
0.07718468 -0.15709448 0.03605724 -0.06090697 0.16192484 0.12593043 -0.08396912 0.055616476 -0.0690098 0.002087038
0.08079294 -0.16164769 0.035157517 -0.06161314 0.1620179 0.12945381 -0.08356192 0.05666764 -0.06833885 0.004449003
0.08640263 -0.15747744 0.027076224 -0.066298395 0.16196269 0.111457355 -0.08891701 0.062234018 -0.069028005 0.00038328863
0.093190715 -0.15804236 0.019635841 -0.070018575 0.16016567 0.10053302 -0.0939254 0.06774763 -0.069490805 -0.0018120069
0.09430535 -0.16400716 0.010028176 -0.069424644 0.15798122 0.10493928 -0.09211456 0.06343685 -0.06981095 0.0021303196
0.1006273 -0.16677603 0.005630307 -0.068411276 0.15393132 0.10783702 -0.08960571 0.06152916 -0.07217555 0.005561552
0.094342254 -0.17580044 0.0012414046 -0.066993386 0.15178303 0.1204244 -0.08859656 0.0577439 -0.06514304 0.010934662
0.088022806 -0.18116653 -7.284433e-05 -0.06888671 0.15451114 0.12342951 -0.09127825 0.059491258 -0.06133854 0.012719421
0.0865376 -0.185837 0.0021461528 -0.0705988 0.15589565 0.12378714 -0.09295251 0.063278064 -0.058763176 0.01462833
0.08501542 -0.18761982 -0.0052297357 -0.076258786 0.15718511 0.11196769 -0.097500205 0.06874075 -0.058737125 0.012484235
0.08419943 -0.1914753 -0.01254607 -0.081273526 0.1575431 0.100387454 -0.10302174 0.07461757 -0.057586007 0.0103502665
0.085657105 -0.19649206 -0.014842998 -0.081312284 0.1565905 0.10157289 -0.10278351 0.07534498 -0.057755727 0.013703825
0.08568452 -0.20103167 -0.0216414 -0.08445231 0.1562143 0.09232175 -0.1060175 0.07961886 -0.059754588 0.0125925355
0.08570501 -0.20528391 -0.028576657 -0.088303134 0.15557922 0.083817855 -0.110440396 0.0852907 -0.05969586 0.010081849
0.08488756 -0.20764428 -0.034135647 -0.09244469 0.15535575 0.07529964 -0.11518665 0.09151784 -0.060986735 0.006125033
0.087069035 -0.21121003 -0.0378099 -0.09206565 0.15315492 0.07651691 -0.11250461 0.08827633 -0.06613043 0.009331071
0.0800857 -0.21837303 -0.04401401 -0.09244868 0.14976068 0.082332745 -0.113310665 0.08631375 -0.062919185 0.010539358
0.06963479 -0.22674084 -0.045581177 -0.08840044 0.14578226 0.100305736 -0.11098559 0.0791565 -0.05777161 0.016229352
0.07060428 -0.23135003 -0.047411587 -0.08848625 0.14523813 0.09943004 -0.109568104 0.07781005 -0.064320154 0.019539928
0.06275664 -0.23777674 -0.048259705 -0.090150505 0.14775163 0.10506657 -0.11150902 0.076951355 -0.065415055 0.021341117
0.057231747 -0.24180351 -0.048354965 -0.09696418 0.15642518 0.093284 -0.12114394 0.08724343 -0.06467672 0.014787519
0.057027787 -0.24599782 -0.047321085 -0.09720624 0.15740004 0.091064006 -0.12107376 0.08665329 -0.07043323 0.01678753
0.050188955 -0.2539917 -0.050787695 -0.10034244 0.15911853 0.07949385 -0.12605345 0.09255214 -0.07291242 0.011922285
0.03804845 -0.25917998 -0.060238697 -0.106556416 0.15991965 0.06906608 -0.13643143 0.10725294 -0.06424212 0.00020255009
0.04139911 -0.2642354 -0.059245102 -0.10428092 0.15981002 0.06541547 -0.13261814 0.10296506 -0.07354712 0.0048613483
0.03248613 -0.2760656 -0.06804996 -0.107829146 0.16227213 0.052446682 -0.13459659 0.11149679 -0.07643914 -0.00043971697
0.017396342 -0.2844804 -0.07488927 -0.10898316 0.16097479 0.052459273 -0.14002292 0.11780547 -0.065057516 -0.0052952264
0.006828457 -0.28880656 -0.06906711 -0.10285093 0.15912226 0.057983022 -0.13509378 0.11082859 -0.06953001 -0.00029816543
0.014252696 -0.29385865 -0.06444057 -0.09983791 0.15735103 0.05208734 -0.12963945 0.10424577 -0.08299181 0.0060320124
-0.0057976283 -0.29138243 -0.05234173 -0.09178282 0.15384474 0.06835006 -0.13013627 0.099807575 -0.06919922 0.009821955
-0.006246276 -0.30011734 -0.045572206 -0.09217715 0.15812704 0.065348916 -0.12868388 0.09521861 -0.08090327 0.015291073
0.0027527586 -0.30180895 -0.040212467 -0.09215447 0.15618065 0.06141408 -0.12578228 0.09119211 -0.09050091 0.01967719
-0.0016175807 -0.30053622 -0.040623374 -0.09539534 0.15704487 0.055976707 -0.13189444 0.09701836 -0.08612761 0.012986615
0.003948204 -0.30271968 -0.040318184 -0.10040971 0.15696342 0.046197757 -0.1338321 0.100040056 -0.093673274 0.008384047
0.011080511 -0.30203128 -0.03765899 -0.0979276 0.15216352 0.04386432 -0.1299383 0.0951923 -0.10141935 0.012516175
0.014174689 -0.3044875 -0.042329997 -0.10154935 0.15113801 0.03364598 -0.1325371 0.098090485 -0.107461885 0.007426317
0.009885665 -0.30970374 -0.04802154 -0.105023906 0.15363443 0.02340886 -0.13590953 0.10318418 -0.108088955 0.0011076337
0.006501913 -0.31311697 -0.044638697 -0.10370767 0.15162192 0.019064441 -0.13437796 0.100395285 -0.11406897 0.0020185257
0.012507949 -0.31701922 -0.044587925 -0.1006383 0.14702013 0.019778945 -0.13124882 0.09646824 -0.119780295 0.008212463
0.0022241399 -0.3299024 -0.04522912 -0.10074435 0.15130252 0.018706769 -0.13235542 0.10056671 -0.12381442 0.008344609
-0.015598606 -0.34303832 -0.045500755 -0.10026187 0.15963002 0.017834082 -0.13284068 0.106367886 -0.12272574 0.007319001
-0.011310536 -0.34988436 -0.044805042 -0.09810226 0.1544329 0.01962322 -0.13076746 0.10379562 -0.12753655 0.012323605
-0.02191963 -0.37701485 -0.04763777 -0.101158276 0.15903214 0.017774653 -0.13213807 0.111837216 -0.13361089 0.012633247
-0.025446283 -0.39349928 -0.048433725 -0.1040938 0.15864784 0.016646031 -0.13320109 0.11525553 -0.13772096 0.01267732
-0.022306956 -0.4018293 -0.049515687 -0.10251939 0.1519592 0.019546367 -0.13165008 0.114335805 -0.14073597 0.017495286
-0.02540777 -0.42106473 -0.05051745 -0.10568244 0.14864628 0.019135457 -0.13269222 0.11763732 -0.149166 0.017747879
-0.03234511 -0.4285255 -0.051778417 -0.10266951 0.1426517 0.027457241 -0.13117012 0.11496918 -0.15183353 0.02240443
-0.03045389 -0.43552193 -0.054234188 -0.101885125 0.13866836 0.030608077 -0.13142896 0.116534755 -0.1556045 0.02515868
-0.035360854 -0.43976164 -0.0548201 -0.0982981 0.13364173 0.04431286 -0.12979028 0.113528356 -0.15423866 0.031039897
-0.03722483 -0.43951073 -0.053113315 -0.09450517 0.12424954 0.059598498 -0.12794803 0.10763319 -0.15036377 0.03828735
-0.043300338 -0.44141373 -0.051234502 -0.09351531 0.12298239 0.07111275 -0.13032258 0.10622223 -0.14449972 0.03950334
-0.03996491 -0.44366413 -0.052070856 -0.09327372 0.12343818 0.07649091 -0.13334471 0.10872886 -0.13997507 0.040485904
-0.037879355 -0.44140193 -0.051097777 -0.09313485 0.1191272 0.0856461 -0.13484636 0.10829816 -0.13184093 0.040658753
-0.033959705 -0.44127816 -0.050324168 -0.09808871 0.12171699 0.08676013 -0.14060783 0.11348513 -0.12916107 0.03438067
-0.030187873 -0.43793428 -0.05211556 -0.09542392 0.11947941 0.08984271 -0.14029182 0.114773184 -0.123703554 0.036207493
-0.023309171 -0.44392976 -0.05720042 -0.101477526 0.11820939 0.08421762 -0.14344808 0.12119695 -0.1330155 0.029353218
-0.019269805 -0.4482496 -0.06289431 -0.10324 0.114603564 0.07912972 -0.1441796 0.12476837 -0.14093564 0.026398486
-0.018814873 -0.44803375 -0.06703092 -0.10000332 0.111172624 0.07720141 -0.14222348 0.12545212 -0.14266686 0.028364724
-0.014849059 -0.43879193 -0.06656803 -0.100197345 0.099622436 0.081232645 -0.14325583 0.123816 -0.1438609 0.026441544
-0.019938724 -0.43024427 -0.06502995 -0.09655997 0.09226215 0.084026694 -0.14217822 0.121710956 -0.13980064 0.026879173
-0.02681119 -0.42030185 -0.059227865 -0.091514975 0.07654883 0.09779537 -0.13858715 0.1140971 -0.13428074 0.03223573
-0.021385947 -0.41440365 -0.060921617 -0.090773076 0.077619106 0.10357405 -0.13770953 0.11578788 -0.12915893 0.033490892
-0.018770847 -0.4097557 -0.060983967 -0.093683034 0.07495329 0.11476927 -0.13977621 0.11787415 -0.12858675 0.03215483
-0.014311658 -0.41088915 -0.06577155 -0.09488723 0.07424569 0.12144616 -0.14187305 0.12099122 -0.12775575 0.03259364
-0.009926047 -0.40661126 -0.07006588 -0.09245537 0.07454495 0.12677023 -0.14058346 0.122314006 -0.119141795 0.03541025
-0.006763842 -0.4032461 -0.07476751 -0.089993626 0.07335386 0.13198069 -0.13879722 0.123709396 -0.11267428 0.03773901
-0.0046329945 -0.39931184 -0.07678656 -0.08977912 0.07475212 0.13395168 -0.1388461 0.12726983 -0.10767141 0.037255812
-0.0017729774 -0.3969797 -0.0775654 -0.088350594 0.07246637 0.13550866 -0.13683473 0.12813896 -0.10488569 0.038180992
-0.002952028 -0.3998878 -0.079655066 -0.088324316 0.07180568 0.13645384 -0.13556632 0.12993218 -0.10539734 0.03858431
-0.006226562 -0.40190795 -0.079381615 -0.08908597 0.069698475 0.13341904 -0.13553812 0.13223587 -0.108943135 0.03673397
-0.018643135 -0.40552896 -0.07696855 -0.08593424 0.071555525 0.13326332 -0.13272035 0.1306271 -0.10326612 0.039890673
-0.0135070495 -0.40306067 -0.076745756 -0.08493623 0.06648748 0.13754731 -0.1305366 0.13204613 -0.09709216 0.04077239
-0.015876109 -0.4045745 -0.07452201 -0.08403146 0.063149646 0.14071932 -0.12917599 0.13335851 -0.0932253 0.041451324
-0.010953404 -0.4044962 -0.07248791 -0.085905105 0.05937688 0.14452536 -0.1285232 0.13536233 -0.0918563 0.040445577
-0.0043250583 -0.39826474 -0.07248006 -0.08465509 0.055591185 0.15030122 -0.12594125 0.13677263 -0.08068395 0.041008934
0.0042159595 -0.3891711 -0.07134597 -0.0832684 0.051019926 0.155339 -0.121831544 0.13740489 -0.07132666 0.04105348
0.006530393 -0.38600993 -0.070609555 -0.08251768 0.05118359 0.15599635 -0.119485095 0.1382563 -0.06556285 0.040841307
0.011043061 -0.38097757 -0.06989347 -0.08177285 0.048167095 0.15757822 -0.117061086 0.13918498 -0.057725072 0.039823264
0.011196377 -0.3817545 -0.06899047 -0.081667945 0.049018774 0.15518227 -0.11475743 0.14063583 -0.051559895 0.038544774
0.023612086 -0.38821572 -0.06578099 -0.08036255 0.047283232 0.16569208 -0.11237177 0.14031604 -0.049558688 0.03530046
0.025177732 -0.386774 -0.06461305 -0.080493644 0.04508005 0.1642956 -0.11127937 0.140995 -0.044528175 0.033138297
0.043682523 -0.41039783 -0.060720153 -0.07534093 0.05323897 0.1967914 -0.10890914 0.13958344 -0.04666217 0.030131634
0.073054835 -0.4425391 -0.0570634 -0.0693462 0.062081818 0.24378708 -0.10589676 0.1373527 -0.055641416 0.027101643
0.09983867 -0.47342268 -0.04938551 -0.06281422 0.0693086 0.28932554 -0.10381908 0.13643646 -0.06275043 0.023665784
0.10340601 -0.46861616 -0.044561163 -0.061330374 0.06625518 0.29082033 -0.10271945 0.13738468 -0.057531808 0.021019509
0.12176836 -0.48905072 -0.036120877 -0.05453352 0.071716055 0.32036304 -0.101447105 0.13796125 -0.062389195 0.018637963
0.13289353 -0.49711248 -0.029664397 -0.0519686 0.075161934 0.33541137 -0.101196505 0.1384469 -0.066361755 0.015548895
0.13739544 -0.48951292 -0.025563806 -0.05027598 0.07121858 0.33708638 -0.09927134 0.13842142 -0.063874334 0.013382655
0.14422813 -0.4841237 -0.020909615 -0.04826057 0.06888844 0.34169215 -0.097641796 0.13808538 -0.06387776 0.010878203
0.14968196 -0.4827959 -0.017844856 -0.047768727 0.06701921 0.34302193 -0.096752286 0.13775656 -0.06606246 0.008673117
0.15377635 -0.4725907 -0.016895771 -0.046138577 0.064443335 0.3439353 -0.09502902 0.13753301 -0.06128508 0.0070352163
0.16739923 -0.46024394 -0.013413832 -0.041375317 0.05806894 0.35378343 -0.09084463 0.13504937 -0.05862763 0.0043464224
0.17798653 -0.4556451 -0.012786023 -0.03908626 0.058714446 0.3621501 -0.08899837 0.13462654 -0.059347138 0.0018910135
0.18797396 -0.44895887 -0.009695128 -0.03574352 0.05502528 0.3680664 -0.08669182 0.13351583 -0.060400024 -0.00044079073
0.19276252 -0.4350638 -0.008590143 -0.03349975 0.05063399 0.3679781 -0.083955266 0.13256358 -0.058236986 -0.0024207055
0.20030004 -0.4313232 -0.0065234043 -0.029411294 0.04789929 0.37290093 -0.08147468 0.13259539 -0.056837246 -0.0032892292
0.2075373 -0.43055844 -0.0039554797 -0.024526138 0.045691326 0.37847024 -0.07856296 0.1314049 -0.056553997 -0.0044687525
0.21060698 -0.42493019 -0.0013548657 -0.023740213 0.04149781 0.3774571 -0.076392174 0.13122112 -0.0601055 -0.006425844
0.21823704 -0.4296894 0.0035284162 -0.021286862 0.04070271 0.3827783 -0.07430381 0.13115147 -0.06997388 -0.008837364
0.21741684 -0.43024123 0.005039379 -0.019160654 0.040130377 0.3828343 -0.07241331 0.13035901 -0.068592586 -0.009922652
0.21968535 -0.42628652 0.009116411 -0.019458435 0.03592779 0.38076192 -0.07030332 0.12994498 -0.07740327 -0.012340204
0.22336912 -0.42506737 0.014133915 -0.019311018 0.03184079 0.377576 -0.068537325 0.1302711 -0.088347055 -0.0147216115
0.22808291 -0.42239898 0.018756472 -0.016512359 0.023219103 0.379812 -0.06464424 0.12855661 -0.09339268 -0.015102981
0.23062739 -0.41814783 0.02408456 -0.015495649 0.019174524 0.3787216 -0.06277676 0.12860852 -0.10010808 -0.017137619
0.23463772 -0.41273156 0.028767608 -0.01268637 0.01457064 0.37789202 -0.060665034 0.12923719 -0.10209764 -0.018195992
0.23921652 -0.40753353 0.03164238 -0.008635974 0.0104966555 0.3772082 -0.058553938 0.13015386 -0.099288836 -0.01809698
0.24292907 -0.40324384 0.037531115 -0.004865546 0.00396291 0.3755398 -0.055720724 0.12960449 -0.09926662 -0.018415444
0.24516807 -0.4022917 0.042511266 -0.0031640194 0.00020376034 0.3748572 -0.05426769 0.13058633 -0.10277026 -0.020133112
0.24692467 -0.39851224 0.05044691 0.00037020538 -0.005307561 0.37154698 -0.051753033 0.13113904 -0.10469387 -0.02173221
0.25074422 -0.3967321 0.060306013 0.003523768 -0.01336382 0.36866024 -0.049073897 0.13107124 -0.11256495 -0.023648113
0.25081939 -0.394187 0.06557357 0.0034376895 -0.0158756 0.3656119 -0.047924347 0.13079104 -0.121028565 -0.026163772
0.25025412 -0.3934186 0.07207474 0.009004141 -0.02426734 0.36081603 -0.044154037 0.1290291 -0.12197261 -0.026555143
0.2588229 -0.39034757 0.07799679 0.013048337 -0.03171821 0.3585304 -0.04004448 0.12942636 -0.13130887 -0.027440615
0.26030254 -0.3865589 0.084451556 0.013620627 -0.035655092 0.35727537 -0.038200583 0.12927364 -0.14095657 -0.029479614
0.2584248 -0.38222682 0.08912489 0.016772872 -0.03915944 0.35326582 -0.036221437 0.1288781 -0.13950503 -0.030798089
0.25864428 -0.37774482 0.09593298 0.020017544 -0.044440385 0.3514355 -0.03306784 0.12730362 -0.14660165 -0.031143995
0.2518052 -0.37538356 0.10022235 0.023335097 -0.047194026 0.3493899 -0.03139901 0.12582092 -0.14108717 -0.031361457
0.24908504 -0.3661918 0.10607676 0.022622537 -0.04935346 0.3476687 -0.029961098 0.12421149 -0.14972718 -0.03435067
0.24494538 -0.3640491 0.10968572 0.026548041 -0.052812707 0.34938288 -0.027085371 0.12280451 -0.14528877 -0.033155903
0.24533196 -0.35889727 0.112892434 0.026184876 -0.052529328 0.3474042 -0.025989661 0.12234058 -0.14793627 -0.03334296
0.24318478 -0.35208082 0.11551818 0.025481861 -0.05361696 0.34789878 -0.025002977 0.12101986 -0.15386708 -0.034741342
0.2451255 -0.34480208 0.11737648 0.028995391 -0.057662595 0.34804443 -0.021735884 0.11918087 -0.15529092 -0.03487084
0.23718789 -0.3380705 0.12099988 0.033184342 -0.06104825 0.34644723 -0.018422004 0.115535036 -0.15571165 -0.035316348
0.2335843 -0.3311919 0.12324263 0.033043135 -0.061985854 0.3448811 -0.017574433 0.113637015 -0.16140644 -0.03717441
0.22633967 -0.3273052 0.12677929 0.035091594 -0.06267673 0.34509814 -0.015424697 0.11148524 -0.16105033 -0.036477663
0.22216585 -0.32396185 0.12979828 0.03738629 -0.06331606 0.34664664 -0.012587059 0.10966423 -0.16224025 -0.03441947
0.21337631 -0.3225068 0.13322495 0.04052403 -0.06384126 0.34813106 -0.009812215 0.107841685 -0.15927115 -0.03260073
0.20807871 -0.3158533 0.13470194 0.039750565 -0.06365463 0.3475627 -0.009438375 0.10568779 -0.16346386 -0.03415102
0.1954374 -0.31099272 0.1404498 0.04159603 -0.06366263 0.35117608 -0.006334394 0.10248865 -0.16356522 -0.03280298
0.1922102 -0.30574062 0.14231579 0.03947313 -0.061129853 0.34514737 -0.007631434 0.10070089 -0.16717945 -0.033639167
0.18498027 -0.3027051 0.13795766 0.0377855 -0.05977042 0.3435893 -0.009419529 0.09791172 -0.15927193 -0.03516065
0.17928042 -0.3037951 0.13812605 0.037538756 -0.058885068 0.33403742 -0.011575056 0.09634118 -0.1547386 -0.03768924
0.1717568 -0.3031832 0.13603632 0.039269887 -0.059924196 0.3296309 -0.010324074 0.09298511 -0.1505594 -0.039135966
0.17091776 -0.30321866 0.13058919 0.03964635 -0.06105809 0.32817927 -0.010456344 0.09146829 -0.14553834 -0.040413026
0.16725194 -0.30904227 0.12796302 0.044368006 -0.06425064 0.32872927 -0.0069645327 0.089432284 -0.13892765 -0.039198
0.15956143 -0.31407362 0.12689234 0.04629843 -0.06447866 0.32754472 -0.0050575305 0.08766716 -0.13152964 -0.038571708
0.15070131 -0.31013715 0.12255881 0.044143606 -0.06281279 0.32680482 -0.005381303 0.08447415 -0.12805793 -0.04025143
0.14213863 -0.31594127 0.12274633 0.045271225 -0.061843023 0.3251813 -0.0047097094 0.08294175 -0.121951275 -0.040343918
0.13402785 -0.3200339 0.12210484 0.04659238 -0.061866496 0.32371607 -0.0031005386 0.08118616 -0.117740616 -0.040126015
0.12207164 -0.32739544 0.12403535 0.04815027 -0.059133932 0.3226353 -0.00192496 0.080626026 -0.113991305 -0.04004365
0.113838986 -0.3265829 0.11990701 0.04660979 -0.056681402 0.32201493 -0.0029215533 0.0786193 -0.108037524 -0.04126638
0.10471922 -0.33175755 0.116426274 0.04831931 -0.05761416 0.3207057 -0.0006028116 0.07541788 -0.10332589 -0.04146426
0.10036691 -0.33721963 0.121318825 0.049104933 -0.05749253 0.31745082 0.0007591974 0.075539336 -0.104355395 -0.04156612
0.09111645 -0.33220604 0.120602265 0.04678536 -0.054233547 0.3164673 0.00053658336 0.07327531 -0.1046097 -0.042271167
0.085449174 -0.33733648 0.12467496 0.049065366 -0.054010026 0.31640112 0.0039305985 0.07328279 -0.11025221 -0.04159565
0.0780334 -0.34143108 0.12710263 0.050087754 -0.054082606 0.31545788 0.007438384 0.071912125 -0.1102347 -0.04026557
0.07260691 -0.3384925 0.12636028 0.048822172 -0.052054565 0.3146394 0.007187508 0.070414305 -0.11004157 -0.040768377
0.06250509 -0.3458952 0.13078433 0.050153013 -0.04917385 0.3161342 0.0097824745 0.07128221 -0.11016867 -0.039574534
0.055758983 -0.3474221 0.13380219 0.050322756 -0.04785891 0.31816828 0.013105445 0.069905944 -0.10893214 -0.037380338
0.04219985 -0.34949636 0.13964827 0.048003465 -0.04291151 0.31943333 0.013557531 0.06923223 -0.105162054 -0.03563553
0.034566373 -0.34612763 0.13966662 0.046199214 -0.03976002 0.3196221 0.012226155 0.06762609 -0.10253838 -0.03604125
0.023833212 -0.3495059 0.14754292 0.04496484 -0.036216725 0.31893653 0.01240195 0.0672422 -0.10297272 -0.03693895
0.025272598 -0.3500659 0.15178876 0.045044787 -0.03646382 0.3182853 0.013734899 0.06803466 -0.109697066 -0.037132487
0.014096772 -0.34488058 0.15191028 0.04235065 -0.03266314 0.31713605 0.012341317 0.06571552 -0.106556125 -0.038187355
0.013818312 -0.35229293 0.15488881 0.0443086 -0.03324078 0.3162657 0.01603354 0.066475525 -0.11027319 -0.037235368
0.008724883 -0.3578882 0.15782069 0.04552395 -0.031334613 0.31627005 0.019459918 0.06654916 -0.112553194 -0.036797527
-0.00029741973 -0.3544588 0.1555633 0.044474013 -0.028183676 0.31390744 0.018373188 0.06424086 -0.11095212 -0.03820813
-0.0012740903 -0.36303228 0.15685269 0.046380956 -0.027679492 0.31474352 0.021374354 0.065194175 -0.11400344 -0.037082084
-0.006604146 -0.36794752 0.16057289 0.04639153 -0.02518155 0.3137712 0.023418255 0.06537016 -0.11494868 -0.03677945
-0.016630214 -0.36406952 0.16007178 0.044671528 -0.021523207 0.3118474 0.02158606 0.06283293 -0.11188528 -0.03836689
-0.016473403 -0.36763296 0.16443062 0.044538934 -0.02187059 0.30989712 0.023955418 0.06273333 -0.11347213 -0.038106784
-0.022084039 -0.36912358 0.1724158 0.04313941 -0.018618613 0.30877593 0.023953918 0.06355695 -0.11734553 -0.040304746
-0.026108563 -0.37287265 0.17537755 0.04369933 -0.016903296 0.30783474 0.027239475 0.063794196 -0.12115107 -0.040223777
-0.03567081 -0.3689294 0.17261174 0.04237096 -0.013606057 0.3048551 0.02574136 0.061416537 -0.11744946 -0.042349476
-0.038529858 -0.3785004 0.17454919 0.04357306 -0.011867691 0.30427405 0.029968124 0.06265934 -0.120066285 -0.041206386
-0.04633747 -0.39099348 0.17871368 0.044858214 -0.007981859 0.30631623 0.034503344 0.06525942 -0.12044326 -0.039113063
-0.055666186 -0.3863937 0.17962405 0.042027246 -0.0047849156 0.3061826 0.032358393 0.06313917 -0.1139051 -0.040645126
-0.06809676 -0.3929618 0.18854925 0.04032657 0.00010261685 0.30791122 0.033932507 0.06476442 -0.10910557 -0.04007435
-0.0690732 -0.3939929 0.19367042 0.03852991 0.00075341016 0.30772293 0.03482676 0.06489976 -0.10982626 -0.0410961
-0.085116714 -0.388251 0.19905755 0.034917332 0.0045514405 0.3084982 0.031863883 0.063774794 -0.099810675 -0.04294161
-0.085654445 -0.38090825 0.20441052 0.031686343 0.0028717443 0.30696946 0.030580679 0.06264646 -0.09735994 -0.045521207
-0.08676886 -0.38125774 0.20508446 0.03126233 0.0040228665 0.3061985 0.031248894 0.06311275 -0.10113215 -0.047106322
-0.08506471 -0.3824337 0.20354287 0.03201454 0.004828088 0.30588615 0.03334129 0.06312139 -0.104253784 -0.04714398
-0.08824362 -0.37938523 0.19729729 0.032546498 0.006031044 0.30249798 0.033537827 0.060544252 -0.10550235 -0.048809912
-0.089296415 -0.38082212 0.19470488 0.032700107 0.006946571 0.30111116 0.03495448 0.05933766 -0.10728255 -0.049457334
-0.08833651 -0.382351 0.19314586 0.032575846 0.0073916614 0.30077726 0.036333326 0.058877937 -0.108675495 -0.04951828
-0.091148466 -0.38018724 0.19122265 0.03214017 0.008447096 0.29984534 0.035923615 0.057769302 -0.10802783 -0.050419208
-0.08922712 -0.37849137 0.18999082 0.031672 0.00844384 0.2990522 0.038066015 0.056381144 -0.11080105 -0.0515282
-0.088227555 -0.37912035 0.19049627 0.029932402 0.007988021 0.2973326 0.03916433 0.054975703 -0.11003429 -0.052547045
-0.090242445 -0.37690717 0.18813431 0.02943133 0.008700699 0.29635224 0.038940005 0.053378753 -0.11016765 -0.053688504
-0.09163903 -0.37481236 0.18889633 0.028068254 0.00954055 0.2950311 0.03790075 0.05300009 -0.11037561 -0.055764247
-0.09107644 -0.37166134 0.1875668 0.02792604 0.011313334 0.29725355 0.037611406 0.052671332 -0.113220945 -0.057340026
-0.09300534 -0.37059608 0.18328689 0.028912874 0.012991682 0.2958067 0.037236854 0.051750742 -0.11341696 -0.05818634
-0.0941431 -0.37323427 0.18215434 0.029556902 0.0145594925 0.29733747 0.037993975 0.051296793 -0.11440536 -0.05821637
-0.0961109 -0.37101594 0.18054049 0.02903368 0.015510708 0.29859945 0.037436552 0.050300542 -0.11423118 -0.059283007
-0.09756062 -0.3685747 0.1781775 0.028370326 0.016355574 0.3001945 0.03687548 0.04909248 -0.11433267 -0.060604546
-0.09721087 -0.3669084 0.17585634 0.02799157 0.016427174 0.30112576 0.036773413 0.048039097 -0.11567 -0.061484706
-0.09745711 -0.3650096 0.17333478 0.027674643 0.016999416 0.30228215 0.036428954 0.04692539 -0.11679451 -0.06258968
-0.09719933 -0.36324126 0.17102835 0.027132703 0.01727099 0.3038869 0.036089703 0.04585199 -0.11807939 -0.063656636
-0.09688698 -0.3621106 0.16930112 0.026674215 0.01742407 0.30559254 0.035707574 0.0450442 -0.11937094 -0.06446804
-0.096408255 -0.3590895 0.16679746 0.02580892 0.017898172 0.30829102 0.03453277 0.04389228 -0.11973672 -0.065885775
-0.09488721 -0.3588767 0.16495857 0.025761694 0.017672118 0.3089245 0.03442861 0.043271594 -0.1211927 -0.06626882
-0.09349941 -0.35795972 0.1625509 0.025215132 0.017663002 0.31117815 0.033888485 0.042301778 -0.12314548 -0.067221925
-0.09161094 -0.3552196 0.16030267 0.024533976 0.017953064 0.31283712 0.03278064 0.041661844 -0.12346854 -0.068134986
-0.09021242 -0.35482442 0.15712222 0.02418657 0.017280146 0.31369317 0.032706693 0.03985455 -0.12274444 -0.0686288
-0.09028828 -0.35281676 0.15448697 0.024101034 0.017633878 0.314602 0.03177459 0.038913816 -0.12349725 -0.069410466
-0.08912874 -0.35245514 0.15323725 0.023294015 0.017505191 0.3162619 0.030989164 0.03907512 -0.124671035 -0.0699336
-0.08681655 -0.35059988 0.15227367 0.02189021 0.017447926 0.31870216 0.02934421 0.03983289 -0.12817878 -0.07114891
-0.08448591 -0.3470906 0.14710541 0.02010284 0.015671708 0.31854394 0.028430456 0.037577767 -0.12928545 -0.07270818
-0.081162974 -0.34873068 0.14531456 0.019371636 0.014396153 0.31972075 0.02817203 0.03659814 -0.13163474 -0.07293434
-0.07729686 -0.34744734 0.1425544 0.018216427 0.014330596 0.32253402 0.026985835 0.036927253 -0.1380607 -0.07379724
-0.07650613 -0.34832096 0.14252855 0.017124306 0.01376529 0.323771 0.024911147 0.036793783 -0.1371365 -0.0746604
-0.073919125 -0.34982207 0.1413058 0.015443429 0.013279926 0.32743862 0.023342058 0.036588714 -0.13828605 -0.07532459
-0.07204175 -0.34947354 0.13992777 0.015021149 0.013065718 0.32784963 0.022573117 0.03630457 -0.13924778 -0.07568122
-0.069788896 -0.35161507 0.13820538 0.013849017 0.011887062 0.32977274 0.021819415 0.035328828 -0.13782285 -0.07565532
-0.0671234 -0.35294658 0.13899438 0.0120750945 0.012863249 0.33329508 0.019852258 0.03672924 -0.1394022 -0.07595873
-0.066066265 -0.35388425 0.13875213 0.011568596 0.012773056 0.33418036 0.01942449 0.03687983 -0.13943762 -0.07585607
-0.06402856 -0.35607874 0.1372159 0.009574811 0.011500139 0.33514932 0.019306729 0.036132 -0.13624854 -0.07482935
-0.06290401 -0.35650522 0.13725866 0.006730955 0.011867706 0.3370397 0.017585922 0.03705986 -0.1336294 -0.07453159
-0.06271742 -0.3573839 0.13765523 0.005527368 0.012116544 0.33877844 0.016517367 0.038040355 -0.13340326 -0.074682266
-0.061075207 -0.35794592 0.13843875 0.0024699513 0.013593916 0.34228933 0.013465639 0.040163916 -0.135303 -0.07537493
-0.058776595 -0.3530385 0.13518986 -0.0019711761 0.014026701 0.340025 0.011927079 0.03921984 -0.12750107 -0.074233025
-0.056816056 -0.3565009 0.13588744 -0.0041760006 0.014660772 0.34442726 0.009782597 0.03987192 -0.12757754 -0.07428775
-0.0543114 -0.33781952 0.13243917 -0.009597437 0.018825818 0.3320085 0.010011824 0.038728565 -0.11267883 -0.07028463
-0.054714136 -0.30449164 0.124656335 -0.020014457 0.026358694 0.30733183 0.0085443035 0.03712994 -0.084040344 -0.06436733
-0.05804907 -0.26756325 0.119536966 -0.032403786 0.03511697 0.2769211 0.004107645 0.03757996 -0.04808876 -0.059535563
-0.054122254 -0.27300113 0.11829414 -0.035841938 0.034812644 0.2819343 0.00061115064 0.038402785 -0.0497676 -0.058884934
-0.049991023 -0.23955041 0.108539924 -0.04578703 0.042890202 0.24556857 -0.002787752 0.03676791 -0.016551783 -0.05317208
-0.049598824 -0.20629156 0.10642904 -0.0593529 0.046814054 0.20958164 -0.011910829 0.04314389 0.005870958 -0.055555608
-0.04001056 -0.210986 0.098222 -0.059752457 0.048527397 0.20958492 -0.013059424 0.04066694 -0.00019874223 -0.052902993
-0.03783819 -0.19925612 0.10033654 -0.06646495 0.043396465 0.18985914 -0.022589266 0.048038308 0.005396303 -0.059463456
-0.019505367 -0.19763185 0.08279966 -0.0667724 0.040691204 0.17854063 -0.025548734 0.044937406 -0.0002832653 -0.060005583
-0.00604764 -0.20318717 0.0694128 -0.06493336 0.042506658 0.17909838 -0.024904128 0.039942443 -0.0050545055 -0.055914026
0.0055650435 -0.20826346 0.05742772 -0.06229811 0.042567216 0.17942025 -0.024545679 0.03501285 -0.00877374 -0.052117437
0.01444352 -0.21326122 0.04844157 -0.058815747 0.0425487 0.18077916 -0.022343162 0.029445015 -0.013520642 -0.04775628
0.018300347 -0.21636564 0.045081124 -0.058411576 0.0428849 0.18179604 -0.022021463 0.02799574 -0.015508034 -0.045666147
0.021046467 -0.21927643 0.04327857 -0.05879903 0.043058537 0.18355803 -0.022031892 0.027421176 -0.01692241 -0.043900747
0.018806621 -0.22273456 0.043257184 -0.059829034 0.043957986 0.1844676 -0.023671754 0.028876951 -0.016571129 -0.04339661
0.019208439 -0.22502801 0.04291956 -0.060526576 0.0448609 0.18496937 -0.023692803 0.02905152 -0.016284114 -0.042589746
0.018880244 -0.22789954 0.04303045 -0.061535098 0.046719708 0.18607378 -0.024360394 0.029458359 -0.016372737 -0.0419645
0.020700932 -0.22852953 0.043165185 -0.062077977 0.047691077 0.1871973 -0.024226438 0.029005904 -0.016754245 -0.04158011
0.020839531 -0.23007335 0.043802038 -0.06271303 0.049005494 0.18841761 -0.025072977 0.02960591 -0.016412081 -0.041158907
0.020977132 -0.2315218 0.043753512 -0.063249245 0.049753908 0.18919635 -0.025533888 0.02989239 -0.01605723 -0.040746372
0.018961377 -0.23339888 0.043804705 -0.06379544 0.05029269 0.18956114 -0.026590865 0.030928724 -0.015871169 -0.04055725
0.01871543 -0.23453611 0.04390371 -0.064397275 0.050872117 0.19019936 -0.026987705 0.031215128 -0.015817989 -0.040348414
0.018633202 -0.23481707 0.044017866 -0.06456318 0.051052753 0.1903421 -0.027063126 0.031324558 -0.015737511 -0.040308908
0.01884196 -0.23469588 0.04399272 -0.06550958 0.0511474 0.18927509 -0.027779188 0.032176495 -0.015524415 -0.040898293
0.019139156 -0.2350831 0.04348552 -0.0654669 0.051283404 0.18936041 -0.027722681 0.031941097 -0.015695354 -0.040672492
0.021297533 -0.2348014 0.04286959 -0.06542674 0.051441595 0.18956625 -0.026814757 0.030830685 -0.015918003 -0.040371984
0.02151493 -0.23479742 0.042545766 -0.06528689 0.051285047 0.1896833 -0.026970604 0.030762576 -0.016151631 -0.040287096
0.021576688 -0.23437928 0.042701386 -0.0650751 0.05113805 0.18950592 -0.026942305 0.030792119 -0.016070897 -0.040387094
0.02074533 -0.23523721 0.042588033 -0.064433515 0.051371202 0.18976307 -0.026248839 0.03062879 -0.017591309 -0.039331585
0.021017276 -0.23538788 0.04249964 -0.06433612 0.051288523 0.18981652 -0.026214676 0.030539233 -0.017443676 -0.039155364
0.022665005 -0.2347956 0.04259646 -0.064418904 0.051359408 0.19017364 -0.025572073 0.02993336 -0.017031152 -0.03917936
0.020252954 -0.23410463 0.041973338 -0.06453265 0.050729513 0.1890181 -0.027413689 0.03150842 -0.016337056 -0.040343266
0.019816779 -0.23389305 0.042051718 -0.06445265 0.050782353 0.18919909 -0.027682042 0.03163882 -0.016831838 -0.04060796
0.024949204 -0.23095852 0.04008027 -0.06524003 0.05158332 0.18755193 -0.026168019 0.030545082 -0.019263476 -0.040910557
0.025113706 -0.23047614 0.03979081 -0.06472576 0.050881997 0.18796244 -0.026730193 0.030215837 -0.019169545 -0.04103476
0.025529437 -0.22935978 0.039525375 -0.06393135 0.04990185 0.18770805 -0.026819494 0.029930713 -0.018355802 -0.041250776
0.0261615 -0.22865036 0.038906157 -0.06353435 0.050018806 0.1870017 -0.026011748 0.029290177 -0.019657189 -0.040943637
0.02641194 -0.22791508 0.038814582 -0.06285563 0.049407165 0.18675664 -0.026141815 0.028999044 -0.019379301 -0.0411181
0.026490685 -0.22759792 0.03887694 -0.06258506 0.04913872 0.18665516 -0.026187675 0.028973378 -0.019168861 -0.04122263
0.0267696 -0.22695294 0.038768776 -0.06216893 0.048815977 0.18646283 -0.026090331 0.028752122 -0.018932888 -0.041272797
0.027026352 -0.22643867 0.038738564 -0.06173755 0.04858958 0.18610086 -0.025942935 0.028508086 -0.018860703 -0.041299112
0.026770614 -0.22537777 0.038117148 -0.061975416 0.048331253 0.18500732 -0.02662617 0.028957535 -0.018686607 -0.04206869
0.02733009 -0.22551984 0.037965197 -0.061813336 0.048201993 0.18504485 -0.026479412 0.028685069 -0.01884004 -0.041757416
0.027611751 -0.2254653 0.037911363 -0.06164848 0.04815762 0.18500091 -0.026348686 0.02849795 -0.019059602 -0.041626588
0.028050207 -0.2255382 0.037341252 -0.0617696 0.048791926 0.18449865 -0.025543971 0.028030828 -0.020746002 -0.041153096
0.028068159 -0.225961 0.03729956 -0.061863843 0.04897646 0.1847801 -0.025672838 0.027943246 -0.021304777 -0.041022662
0.027089283 -0.22725168 0.0387991 -0.06123519 0.04923984 0.18657246 -0.025207205 0.027401108 -0.021256687 -0.04036255
0.028151244 -0.22669661 0.038094196 -0.06166903 0.048717447 0.18646267 -0.02530893 0.028029744 -0.020444868 -0.04061116
0.026906282 -0.22797714 0.03991461 -0.061264023 0.04886829 0.1881776 -0.024712319 0.028015606 -0.019641945 -0.04009176
0.026566371 -0.22765419 0.039949052 -0.060979247 0.04889726 0.1877757 -0.024729034 0.028058939 -0.019244835 -0.040239435
0.026183061 -0.2278175 0.040078647 -0.060977366 0.048915118 0.18756877 -0.024788693 0.028368901 -0.018566146 -0.040361352
0.02548521 -0.22768809 0.04038075 -0.06111278 0.048914313 0.18752554 -0.024952764 0.02890723 -0.017847724 -0.040764764
0.025269456 -0.22759092 0.04061301 -0.060684055 0.048946064 0.18663985 -0.024681235 0.028987741 -0.01728109 -0.04088102
0.026032053 -0.21866754 0.045150906 -0.0594563 0.046189837 0.18515705 -0.022497658 0.029353851 -0.021854801 -0.040342297
0.02779178 -0.21109898 0.046928316 -0.05962537 0.04359398 0.18321604 -0.021718489 0.030159583 -0.025979651 -0.040399637
0.028489672 -0.20450613 0.051087245 -0.058475345 0.042130142 0.18185838 -0.019905772 0.030458786 -0.029682003 -0.0398187
0.029586125 -0.20047735 0.05329613 -0.057321355 0.041510195 0.18085085 -0.018898258 0.03005911 -0.03212812 -0.039430965
0.035289288 -0.18768203 0.058509137 -0.05532398 0.04030734 0.17757803 -0.015135961 0.0299883 -0.04027154 -0.03831358
0.038695753 -0.18485664 0.0633302 -0.052473553 0.04174991 0.17893162 -0.011712866 0.028716605 -0.0435905 -0.03616797
0.03848163 -0.17732686 0.06860082 -0.050197937 0.04275351 0.17715421 -0.0107336845 0.02866217 -0.047437865 -0.036438953
0.040356435 -0.16950977 0.07328908 -0.048400715 0.043690614 0.17550743 -0.008997278 0.02877763 -0.052635822 -0.03611218
0.04065588 -0.16210416 0.07993946 -0.04679396 0.04352743 0.17557201 -0.0063711945 0.028679758 -0.060349677 -0.034664538
0.0387562 -0.15556212 0.084251046 -0.04591448 0.043668237 0.17387669 -0.005484905 0.028776292 -0.06506911 -0.035156652
0.03726815 -0.14974982 0.08840916 -0.045609042 0.04316151 0.17289788 -0.004716048 0.02916042 -0.069996424 -0.035168465
0.036139026 -0.14502773 0.091799565 -0.0455383 0.042868763 0.17250921 -0.004028905 0.029564086 -0.07389983 -0.035155483
0.035407953 -0.14197055 0.09406122 -0.045556173 0.04267081 0.17236629 -0.0036118906 0.029903024 -0.07632926 -0.035174415
0.035155 -0.14209878 0.09407996 -0.04543191 0.042936023 0.17203447 -0.0036461037 0.029821582 -0.07625572 -0.03523843
0.034796692 -0.14198707 0.094152525 -0.045404352 0.043087967 0.17183137 -0.003679948 0.029810166 -0.07615615 -0.035405304
0.03469304 -0.14168587 0.09416691 -0.045293786 0.043224577 0.17172049 -0.0036843717 0.02970833 -0.07624915 -0.03550124
0.03612294 -0.14044534 0.09322069 -0.045384414 0.04288658 0.17120099 -0.0036157444 0.029685955 -0.07678665 -0.03571541
0.036063865 -0.14010657 0.093132235 -0.04525403 0.042912535 0.1710501 -0.003600398 0.029540224 -0.07693835 -0.035796743
0.037058283 -0.13963589 0.091714874 -0.04521674 0.04422815 0.17064115 -0.0011523664 0.02805191 -0.080625355 -0.034302868
0.036895245 -0.13920034 0.09165197 -0.045033634 0.0442352 0.17054549 -0.0012282636 0.027918465 -0.08068974 -0.034471564
0.036087215 -0.14004128 0.092731066 -0.044480942 0.044427656 0.172333 -0.0014153551 0.028077645 -0.07987433 -0.034429286
0.035449494 -0.13994153 0.093146324 -0.04435952 0.044385374 0.17291039 -0.0020176414 0.028433787 -0.07902643 -0.03486841
0.034631595 -0.14019148 0.093521856 -0.044338945 0.044506118 0.17305502 -0.0024635587 0.028756069 -0.07819214 -0.035253648
0.034041755 -0.14123341 0.09439409 -0.044070855 0.04495063 0.17409931 -0.0020019114 0.028691078 -0.0780464 -0.0348875
0.03484047 -0.13981257 0.09318721 -0.04479135 0.04452225 0.17240348 -0.0026681256 0.029294243 -0.07763521 -0.035814553
0.034419417 -0.13935527 0.09336257 -0.04459821 0.04468567 0.17204033 -0.0026623346 0.029223904 -0.077609174 -0.03609452
0.03584857 -0.14005296 0.0946535 -0.0442025 0.046343595 0.17405662 -0.00070655346 0.028442893 -0.07933064 -0.03497054
0.033360384 -0.14109215 0.09511134 -0.043720763 0.0455413 0.17392394 -0.0018631909 0.028803729 -0.077712215 -0.03540642
0.036565833 -0.13697207 0.09357149 -0.045247316 0.04545661 0.17058976 -0.0020899568 0.029431328 -0.07866239 -0.03696005
0.0365964 -0.13666268 0.093457915 -0.04501638 0.045697197 0.169878 -0.0018087421 0.02932917 -0.07892196 -0.037084192
0.034148704 -0.13988398 0.09486649 -0.04297091 0.045553308 0.17098507 -0.0018122103 0.028745811 -0.07775995 -0.036316607
0.036594093 -0.13896325 0.09361048 -0.04246194 0.047484655 0.17002583 0.0008026473 0.027081605 -0.08145522 -0.03520272
0.03579617 -0.13880724 0.09382836 -0.042313613 0.047672667 0.16957675 0.0006750934 0.027123189 -0.08105233 -0.03559155
0.03520053 -0.13903749 0.092471816 -0.042134702 0.04798845 0.16851623 0.0018330999 0.026706705 -0.082409926 -0.034906138
0.039344497 -0.1394555 0.09189514 -0.04210248 0.049096644 0.17103761 0.003829211 0.02659638 -0.08388277 -0.033825364
0.038328905 -0.1392443 0.09241613 -0.04176234 0.04920143 0.17106822 0.003149245 0.026785426 -0.08295308 -0.034396015
0.040078234 -0.13750549 0.0909515 -0.041529894 0.049712356 0.1700758 0.004081566 0.026205374 -0.0848038 -0.03427249
0.04120142 -0.13362631 0.089304924 -0.041188296 0.049324356 0.16806665 0.0029563569 0.02633446 -0.08459509 -0.036248654
0.039655477 -0.13222268 0.08954987 -0.040481918 0.050056905 0.16680863 0.0027773306 0.02589257 -0.08453178 -0.037073
0.037723225 -0.1299038 0.089104265 -0.03904589 0.049916603 0.16343231 0.0019509941 0.025464326 -0.083901994 -0.038650613
0.04036495 -0.12784904 0.08785999 -0.03830143 0.051503643 0.1623504 0.0035326853 0.02414377 -0.08663334 -0.03845108
0.040388577 -0.12678953 0.08745912 -0.037215237 0.05209078 0.16159812 0.003992252 0.023367498 -0.08751285 -0.03876561
0.038987767 -0.12551874 0.08751382 -0.036598206 0.052603915 0.16054597 0.0038006492 0.022909129 -0.08760071 -0.03952742
0.04212238 -0.12317381 0.08442394 -0.036719557 0.0518611 0.1592141 0.0036175288 0.0227999 -0.08855721 -0.040135633
0.044360615 -0.121400915 0.082532376 -0.036885835 0.05230241 0.1583874 0.004893616 0.02220045 -0.09090159 -0.039938506
0.042552363 -0.11913763 0.08228753 -0.035275966 0.05327777 0.15624623 0.004414078 0.020864002 -0.09159468 -0.04081954
0.042558618 -0.11830818 0.08219387 -0.034449123 0.053850453 0.15589508 0.0046586394 0.020290539 -0.092187226 -0.04106936
0.045213915 -0.11328825 0.07943558 -0.034853168 0.052670192 0.15159473 0.0033458918 0.020506814 -0.092533536 -0.043043356
0.04461111 -0.11197099 0.07883139 -0.0338761 0.053143702 0.15023841 0.0032773241 0.019630417 -0.09319324 -0.043489587
