-0.03067961575771272 -0.6918253353364241 0.009203884727313847 0.5798447378207725 -0.03988350048502687 1.4035924209153618 -0.04601942363656919 0.0
-0.03067961575771272 -0.6994952392758522 0.009203884727313847 0.5798447378207725 -0.03988350048502687 1.4097283440669042 -0.04601942363656919 0.0
-0.03067961575771272 -0.6994952392758522 0.009203884727313847 0.5783107570328867 -0.03988350048502687 1.41126232485479 -0.04601942363656919 0.0
-0.03067961575771272 -0.6994952392758522 0.009203884727313847 0.5783107570328867 -0.03988350048502687 1.41126232485479 -0.04601942363656919 0.0
-0.03067961575771272 -0.6979612584879669 0.009203884727313847 0.5783107570328867 -0.03988350048502687 1.4158642672184465 -0.04601942363656919 0.0
-0.03067961575771272 -0.6979612584879669 0.009203884727313847 0.5783107570328867 -0.03988350048502687 1.418932228794218 -0.044485442848683394 0.0
-0.03067961575771272 -0.6979612584879669 0.009203884727313847 0.5783107570328867 -0.03988350048502687 1.418932228794218 -0.044485442848683394 0.0
-0.03067961575771272 -0.6994952392758522 0.010737865515199488 0.5783107570328867 -0.03988350048502687 1.418932228794218 -0.04601942363656919 0.0
-0.03067961575771272 -0.6979612584879669 0.01380582709097077 0.5859806609723148 -0.04141748127291223 1.4312040750973036 -0.04755340442445499 0.0
-0.03067961575771272 -0.6979612584879669 0.01380582709097077 0.5859806609723148 -0.04141748127291223 1.4312040750973036 -0.04755340442445499 0.0
-0.03067961575771272 -0.6933593161243099 0.015339807878856412 0.5997864880632857 -0.04141748127291223 1.454213786915588 -0.052155346788111956 0.0
-0.03067961575771272 -0.6902913545485387 0.015339807878856412 0.6166602767300278 -0.03988350048502687 1.4726215563702159 -0.05829126993965428 0.0
-0.03067961575771272 -0.6887573737606529 0.015339807878856412 0.632000084608884 -0.03988350048502687 1.4848934026733005 -0.05982525072754008 0.0
-0.03067961575771272 -0.6887573737606529 0.015339807878856412 0.632000084608884 -0.03988350048502687 1.4848934026733005 -0.05982525072754008 0.0
-0.03067961575771272 -0.6918253353364241 0.01380582709097077 0.6442719309119691 -0.03988350048502687 1.4940972874006144 -0.05982525072754008 0.0
-0.03067961575771272 -0.6933593161243099 0.01227184630308513 0.6504078540635119 -0.038349519697141066 1.4986992297642718 -0.05982525072754008 0.0
-0.03067961575771272 -0.6933593161243099 0.01227184630308513 0.6504078540635119 -0.038349519697141066 1.4986992297642718 -0.05982525072754008 0.0
-0.03067961575771272 -0.6933593161243099 0.010737865515199488 0.6504078540635119 -0.038349519697141066 1.4986992297642718 -0.05982525072754008 0.0
-0.03221359654559852 -0.6933593161243099 0.010737865515199488 0.6488738732756261 -0.038349519697141066 1.4986992297642718 -0.05982525072754008 0.0
-0.03221359654559852 -0.6933593161243099 0.010737865515199488 0.6488738732756261 -0.038349519697141066 1.4986992297642718 -0.05982525072754008 0.0
-0.03221359654559852 -0.6933593161243099 0.010737865515199488 0.6488738732756261 -0.038349519697141066 1.4986992297642718 -0.05675728915176892 0.0
-0.0337475773334841 -0.6964272777000811 0.010737865515199488 0.6488738732756261 -0.038349519697141066 1.5002332105521567 -0.05675728915176892 0.0
-0.0337475773334841 -0.701029220063738 0.010737865515199488 0.6488738732756261 -0.038349519697141066 1.5033011721279284 -0.05675728915176892 0.0
-0.0337475773334841 -0.701029220063738 0.010737865515199488 0.6488738732756261 -0.038349519697141066 1.5033011721279284 -0.05675728915176892 0.0
-0.03528155812136968 -0.7025632008516238 0.010737865515199488 0.6504078540635119 -0.038349519697141066 1.5063691337037 -0.053689327575997314 0.0
-0.03528155812136968 -0.705631162427395 0.010737865515199488 0.6488738732756261 -0.035281558121369905 1.5063691337037 -0.05062136600022615 0.0
-0.03528155812136968 -0.705631162427395 0.010737865515199488 0.6488738732756261 -0.035281558121369905 1.5063691337037 -0.05062136600022615 0.0
-0.03528155812136968 -0.705631162427395 0.010737865515199488 0.6488738732756261 -0.035281558121369905 1.5063691337037 -0.04755340442445499 0.0
-0.036815538909255485 -0.7071651432152808 0.010737865515199488 0.6519418348513977 -0.035281558121369905 1.5063691337037 -0.04908738521234035 0.0
-0.036815538909255485 -0.7071651432152808 0.010737865515199488 0.6519418348513977 -0.035281558121369905 1.5063691337037 -0.04908738521234035 0.0
-0.036815538909255485 -0.7086991240031661 0.009203884727313847 0.6550097964271688 -0.035281558121369905 1.5063691337037 -0.052155346788111956 0.0
-0.036815538909255485 -0.7071651432152808 0.009203884727313847 0.653475815639283 -0.03681553890925526 1.5048351529158142 -0.053689327575997314 0.0
-0.036815538909255485 -0.705631162427395 0.009203884727313847 0.6519418348513977 -0.03681553890925526 1.5048351529158142 -0.053689327575997314 0.0
-0.036815538909255485 -0.705631162427395 0.009203884727313847 0.6519418348513977 -0.03681553890925526 1.5048351529158142 -0.053689327575997314 0.0
-0.03528155812136968 -0.7025632008516238 0.009203884727313847 0.6488738732756261 -0.03681553890925526 1.5048351529158142 -0.052155346788111956 0.0
-0.03528155812136968 -0.7025632008516238 0.009203884727313847 0.6458059116998549 -0.035281558121369905 1.5048351529158142 -0.052155346788111956 0.0
-0.03528155812136968 -0.7025632008516238 0.009203884727313847 0.6458059116998549 -0.035281558121369905 1.5048351529158142 -0.052155346788111956 0.0
-0.0337475773334841 -0.701029220063738 0.009203884727313847 0.6412039693361979 -0.035281558121369905 1.5002332105521567 -0.053689327575997314 0.0
-0.0337475773334841 -0.701029220063738 0.009203884727313847 0.6335340653967698 -0.035281558121369905 1.489495345036958 -0.05522330836388312 0.0
-0.0337475773334841 -0.701029220063738 0.009203884727313847 0.6335340653967698 -0.035281558121369905 1.489495345036958 -0.05522330836388312 0.0
-0.0337475773334841 -0.6979612584879669 0.007669903939428206 0.6304661038209987 -0.035281558121369905 1.480291460309644 -0.05675728915176892 0.0
-0.03221359654559852 -0.6994952392758522 0.007669903939428206 0.6212622190936847 -0.035281558121369905 1.4664856332186726 -0.05829126993965428 0.0
-0.03221359654559852 -0.6994952392758522 0.007669903939428206 0.6212622190936847 -0.035281558121369905 1.4664856332186726 -0.05829126993965428 0.0
-0.03067961575771272 -0.7040971816395092 0.007669903939428206 0.6074563920027138 -0.035281558121369905 1.4465438829761599 -0.05829126993965428 0.0
-0.02914563496982714 -0.7071651432152808 0.007669903939428206 0.5982525072753999 -0.035281558121369905 1.4327380558851885 -0.05982525072754008 0.0
-0.02914563496982714 -0.710233104791052 0.007669903939428206 0.5921165841238576 -0.035281558121369905 1.4235341711578746 -0.06289321230331124 0.0
-0.02914563496982714 -0.710233104791052 0.007669903939428206 0.5921165841238576 -0.035281558121369905 1.4235341711578746 -0.06289321230331124 0.0
-0.02761165418194156 -0.7133010663668231 0.007669903939428206 0.5875146417602006 -0.035281558121369905 1.4158642672184465 -0.0659611738790824 0.0
-0.02761165418194156 -0.7133010663668231 0.007669903939428206 0.5859806609723148 -0.035281558121369905 1.402058440127476 -0.0674951546669682 0.0
-0.02761165418194156 -0.7133010663668231 0.007669903939428206 0.5859806609723148 -0.035281558121369905 1.402058440127476 -0.0674951546669682 0.0
-0.02761165418194156 -0.7117670855789373 0.007669903939428206 0.5798447378207725 -0.035281558121369905 1.385184651460734 -0.07363107781851097 0.0
-0.026077673394055978 -0.7102331047910521 0.007669903939428206 0.5767767762450009 -0.035281558121369905 1.368310862793992 -0.07823302018216749 0.0
-0.026077673394055978 -0.7102331047910521 0.007669903939428206 0.5767767762450009 -0.035281558121369905 1.368310862793992 -0.07823302018216749 0.0
-0.026077673394055978 -0.705631162427395 0.007669903939428206 0.5767767762450009 -0.035281558121369905 1.3529710549151357 -0.0813009817579391 0.0
-0.026077673394055978 -0.701029220063738 0.007669903939428206 0.5737088146692297 -0.035281558121369905 1.3391652278241644 -0.08897088569736722 0.0
-0.024543692606170175 -0.6979612584879669 0.007669903939428206 0.5691068723055728 -0.035281558121369905 1.3238254199453081 -0.09203884727313838 0.0
-0.024543692606170175 -0.6979612584879669 0.007669903939428206 0.5691068723055728 -0.035281558121369905 1.3238254199453081 -0.09203884727313838 0.0
-0.024543692606170175 -0.6948932969121953 0.007669903939428206 0.5599029875782588 -0.03067961575771294 1.3054176504906803 -0.1012427320004523 0.0
-0.024543692606170175 -0.6887573737606529 0.007669903939428206 0.5491651220630596 -0.02914563496982714 1.28087395788451 -0.10431069357622347 0.0
-0.024543692606170175 -0.6887573737606529 0.007669903939428206 0.5491651220630596 -0.02914563496982714 1.28087395788451 -0.10431069357622347 0.0
-0.024543692606170175 -0.6810874698212248 0.007669903939428206 0.5414952181236314 -0.02914563496982714 1.2593982268541115 -0.10584467436410927 0.0
-0.023009711818284595 -0.6642136811544828 0.007669903939428206 0.5384272565478598 -0.02914563496982714 1.2440584189752553 -0.10584467436410927 0.0
-0.023009711818284595 -0.6642136811544828 0.007669903939428206 0.5384272565478598 -0.02914563496982714 1.2440584189752553 -0.10584467436410927 0.0
-0.023009711818284595 -0.6427379501240837 0.007669903939428206 0.5430291989115168 -0.027611654181941336 1.2333205534600555 -0.10584467436410927 0.0
-0.023009711818284595 -0.6212622190936847 0.007669903939428206 0.5506991028509454 -0.027611654181941336 1.2256506495206274 -0.10584467436410927 0.0
-0.024543692606170175 -0.6013204688511715 0.007669903939428206 0.5583690067903735 -0.026077673394055978 1.219514726369085 -0.10584467436410927 0.0
-0.024543692606170175 -0.6013204688511715 0.007669903939428206 0.5583690067903735 -0.026077673394055978 1.219514726369085 -0.10584467436410927 0.0
-0.024543692606170175 -0.5844466801844295 0.007669903939428206 0.5691068723055728 -0.027611654181941336 1.2133788032175419 -0.10584467436410927 0.0
-0.024543692606170175 -0.5629709491540305 0.007669903939428206 0.5829126993965437 -0.026077673394055978 1.2057088992781138 -0.10584467436410927 0.0
-0.024543692606170175 -0.5629709491540305 0.007669903939428206 0.5829126993965437 -0.026077673394055978 1.2057088992781138 -0.10584467436410927 0.0
-0.024543692606170175 -0.5445631796994026 0.006135923151542565 0.5951845456996288 -0.026077673394055978 1.204174918490228 -0.10584467436410927 0.0
-0.024543692606170175 -0.5338253141842033 0.006135923151542565 0.6013204688511715 -0.026077673394055978 1.202640937702343 -0.10584467436410927 0.0
-0.024543692606170175 -0.5338253141842033 0.006135923151542565 0.6013204688511715 -0.026077673394055978 1.202640937702343 -0.10584467436410927 0.0
-0.024543692606170175 -0.5261554102447747 0.006135923151542565 0.6013204688511715 -0.024543692606170175 1.2011069569144572 -0.10584467436410927 0.0
-0.024543692606170175 -0.5230874486690036 0.006135923151542565 0.6028544496390569 -0.024543692606170175 1.2011069569144572 -0.10584467436410927 0.0
-0.024543692606170175 -0.5154175447295755 0.006135923151542565 0.6028544496390569 -0.023009711818284817 1.1995729761265714 -0.10584467436410927 0.0
-0.024543692606170175 -0.5154175447295755 0.006135923151542565 0.6028544496390569 -0.023009711818284817 1.1995729761265714 -0.10584467436410927 0.0
-0.024543692606170175 -0.5077476407901473 0.006135923151542565 0.6043884304269427 -0.021475731030399015 1.194971033762915 -0.10584467436410927 0.0
-0.024543692606170175 -0.4970097752749476 0.006135923151542565 0.6089903727905996 -0.021475731030399015 1.187301129823486 -0.10431069357622347 0.0
-0.024543692606170175 -0.4970097752749476 0.006135923151542565 0.6089903727905996 -0.021475731030399015 1.187301129823486 -0.10431069357622347 0.0
-0.023009711818284595 -0.4878058905476337 0.006135923151542565 0.6181942575179136 -0.024543692606170175 1.1811652066719436 -0.10277671278833811 0.0
-0.023009711818284595 -0.4770680250324344 0.006135923151542565 0.6243301806694559 -0.024543692606170175 1.176563264308287 -0.10277671278833811 0.0
-0.023009711818284595 -0.4770680250324344 0.006135923151542565 0.6243301806694559 -0.024543692606170175 1.176563264308287 -0.10277671278833811 0.0
-0.023009711818284595 -0.46172821715357815 0.006135923151542565 0.6258641614573417 -0.024543692606170175 1.1750292835204013 -0.10277671278833811 0.0
-0.023009711818284595 -0.44638840927472145 0.006135923151542565 0.627398142245227 -0.024543692606170175 1.1750292835204013 -0.10277671278833811 0.0
-0.023009711818284595 -0.44638840927472145 0.006135923151542565 0.627398142245227 -0.024543692606170175 1.1750292835204013 -0.10277671278833811 0.0
-0.021475731030399015 -0.4295146206079794 0.006135923151542565 0.627398142245227 -0.023009711818284817 1.1750292835204013 -0.10431069357622347 0.0
-0.021475731030399015 -0.41417481272912315 0.006135923151542565 0.627398142245227 -0.019941750242513212 1.1734953027325155 -0.10431069357622347 0.0
-0.021475731030399015 -0.40036898563815226 0.006135923151542565 0.627398142245227 -0.021475731030399015 1.16122345642943 -0.10431069357622347 0.0
-0.021475731030399015 -0.40036898563815226 0.006135923151542565 0.627398142245227 -0.021475731030399015 1.16122345642943 -0.10431069357622347 0.0
-0.021475731030399015 -0.3880971393350672 0.006135923151542565 0.627398142245227 -0.026077673394055978 1.1443496677626879 -0.10277671278833811 0.0
-0.021475731030399015 -0.3727573314562109 0.006135923151542565 0.627398142245227 -0.026077673394055978 1.1305438406717174 -0.10277671278833811 0.0
-0.021475731030399015 -0.3727573314562109 0.006135923151542565 0.627398142245227 -0.026077673394055978 1.1305438406717174 -0.10277671278833811 0.0
-0.021475731030399015 -0.35741752357735423 0.006135923151542565 0.6258641614573417 -0.026077673394055978 1.124407917520175 -0.10431069357622347 0.0
-0.021475731030399015 -0.3405437349106122 0.006135923151542565 0.6258641614573417 -0.026077673394055978 1.1198059751565177 -0.10431069357622347 0.0
-0.021475731030399015 -0.3405437349106122 0.006135923151542565 0.6258641614573417 -0.026077673394055978 1.1198059751565177 -0.10431069357622347 0.0
-0.021475731030399015 -0.32673790781964174 0.006135923151542565 0.627398142245227 -0.024543692606170175 1.1182719943686328 -0.10431069357622347 0.0
-0.021475731030399015 -0.31446606151655665 0.006135923151542565 0.627398142245227 -0.023009711818284817 1.116738013580747 -0.10277671278833811 0.0
-0.021475731030399015 -0.3021942152134711 0.006135923151542565 0.627398142245227 -0.019941750242513212 1.1152040327928612 -0.1012427320004523 0.0
-0.021475731030399015 -0.3021942152134711 0.006135923151542565 0.627398142245227 -0.019941750242513212 1.1152040327928612 -0.1012427320004523 0.0
-0.021475731030399015 -0.28838838812250067 0.006135923151542565 0.6289321230331129 -0.021475731030399015 1.1044661672776614 -0.09664078963679534 0.0
-0.021475731030399015 -0.2761165418194156 0.006135923151542565 0.6304661038209987 -0.023009711818284817 1.0860583978230336 -0.09050486648525302 0.0
-0.021475731030399015 -0.2761165418194156 0.006135923151542565 0.6304661038209987 -0.023009711818284817 1.0860583978230336 -0.09050486648525302 0.0
-0.021475731030399015 -0.2623107147284447 0.006135923151542565 0.6304661038209987 -0.023009711818284817 1.0707185899441773 -0.08743690490948142 0.0
-0.023009711818284595 -0.2485048876374738 0.006135923151542565 0.6304661038209987 -0.021475731030399015 1.0676506283684066 -0.08283496254582445 0.0
-0.023009711818284595 -0.2485048876374738 0.006135923151542565 0.6304661038209987 -0.021475731030399015 1.0676506283684066 -0.08283496254582445 0.0
-0.024543692606170175 -0.23163109897073175 0.006135923151542565 0.6335340653967698 -0.021475731030399015 1.0661166475805208 -0.07669903939428213 0.0
-0.02761165418194156 -0.2147573103039897 0.006135923151542565 0.6335340653967698 -0.019941750242513212 1.064582666792635 -0.06289321230331124 0.0
-0.02761165418194156 -0.2147573103039897 0.006135923151542565 0.6335340653967698 -0.019941750242513212 1.064582666792635 -0.06289321230331124 0.0
-0.03528155812136968 -0.2009514832130188 0.006135923151542565 0.6335340653967698 -0.019941750242513212 1.064582666792635 -0.05675728915176892 0.0
-0.036815538909255485 -0.18714565612204836 0.006135923151542565 0.6350680461846556 -0.023009711818284817 1.0599807244289776 -0.0337475773334841 0.0
-0.036815538909255485 -0.17333982903107747 0.0046019423636569235 0.6427379501240837 -0.021475731030399015 1.0507768397016646 -0.027611654181941336 0.0
-0.036815538909255485 -0.17333982903107747 0.0046019423636569235 0.6427379501240837 -0.021475731030399015 1.0507768397016646 -0.027611654181941336 0.0
-0.036815538909255485 -0.15800002115222123 0.0046019423636569235 0.6550097964271688 -0.021475731030399015 1.038504993398579 -0.006135923151542766 0.0
-0.038349519697141066 -0.14419419406125034 0.0046019423636569235 0.6611457195787112 -0.021475731030399015 1.0339030510349225 -0.0015339807878858025 0.0
-0.038349519697141066 -0.14419419406125034 0.0046019423636569235 0.6611457195787112 -0.021475731030399015 1.0339030510349225 -0.0015339807878858025 0.0
-0.038349519697141066 -0.13038836697027945 0.0046019423636569235 0.6642136811544828 -0.021475731030399015 1.0323690702470367 0.01687378866674205 0.0
-0.038349519697141066 -0.1150485590914232 0.0046019423636569235 0.6657476619423681 -0.021475731030399015 1.030835089459151 0.021475731030399015 0.0
-0.038349519697141066 -0.1150485590914232 0.0046019423636569235 0.6657476619423681 -0.021475731030399015 1.030835089459151 0.021475731030399015 0.0
-0.038349519697141066 -0.1012427320004523 0.0046019423636569235 0.6657476619423681 -0.021475731030399015 1.0293011086712651 0.02914563496982714 0.0
-0.039883500485026646 -0.08743690490948142 0.0030679615757712823 0.6672816427302539 -0.023009711818284817 1.0293011086712651 0.03681553890925526 0.0
-0.039883500485026646 -0.07209709703062517 0.0015339807878856412 0.674951546669682 -0.023009711818284817 1.0277671278833793 0.038349519697141066 0.0
-0.039883500485026646 -0.07209709703062517 0.0015339807878856412 0.674951546669682 -0.023009711818284817 1.0277671278833793 0.038349519697141066 0.0
-0.039883500485026646 -0.05675728915176892 -0.0046019423636569235 0.6826214506091102 -0.021475731030399015 1.0277671278833793 0.03988350048502687 0.0
-0.038349519697141066 -0.04141748127291223 -0.01687378866674205 0.6918253353364241 -0.021475731030399015 1.0277671278833793 0.03988350048502687 0.0
-0.038349519697141066 -0.04141748127291223 -0.01687378866674205 0.6918253353364241 -0.021475731030399015 1.0277671278833793 0.03988350048502687 0.0
-0.038349519697141066 -0.023009711818284817 -0.0260776733940559 0.6979612584879669 -0.019941750242513212 1.0277671278833793 0.03988350048502687 0.0
-0.036815538909255485 -0.009203884727313927 -0.030679615757712823 0.7025632008516238 -0.019941750242513212 1.0277671278833793 0.03988350048502687 0.0
-0.036815538909255485 -0.009203884727313927 -0.030679615757712823 0.7025632008516238 -0.019941750242513212 1.0277671278833793 0.03988350048502687 0.0
-0.038349519697141066 0.007669903939428124 -0.030679615757712823 0.7086991240031661 -0.019941750242513212 1.0277671278833793 0.038349519697141066 0.0
-0.038349519697141066 0.023009711818284817 -0.030679615757712823 0.7163690279425943 -0.019941750242513212 1.0200972239439512 0.038349519697141066 0.0
-0.038349519697141066 0.023009711818284817 -0.030679615757712823 0.7163690279425943 -0.019941750242513212 1.0200972239439512 0.038349519697141066 0.0
-0.038349519697141066 0.035281558121369905 -0.032213596545598466 0.7209709703062512 -0.019941750242513212 1.0062913968529807 0.03681553890925526 0.0
-0.038349519697141066 0.04601942363656919 -0.030679615757712823 0.727106893457794 -0.021475731030399015 0.9940195505498952 0.0322135965455983 0.0
-0.038349519697141066 0.06135923151542544 -0.030679615757712823 0.7347767973972221 -0.021475731030399015 0.9848156658225813 0.0322135965455983 0.0
-0.038349519697141066 0.06135923151542544 -0.030679615757712823 0.7347767973972221 -0.021475731030399015 0.9848156658225813 0.0322135965455983 0.0
-0.036815538909255485 0.07363107781851097 -0.030679615757712823 0.7393787397608791 -0.023009711818284817 0.978679742671039 0.0322135965455983 0.0
-0.03528155812136968 0.09050486648525302 -0.030679615757712823 0.743980682124536 -0.021475731030399015 0.978679742671039 0.0322135965455983 0.0
-0.03528155812136968 0.09050486648525302 -0.030679615757712823 0.743980682124536 -0.021475731030399015 0.978679742671039 0.0322135965455983 0.0
-0.0337475773334841 0.10891263593988043 -0.030679615757712823 0.7455146629124214 -0.021475731030399015 0.978679742671039 0.0322135965455983 0.0
-0.03221359654559852 0.12118448224296552 -0.030679615757712823 0.7470486437003072 -0.021475731030399015 0.978679742671039 0.0322135965455983 0.0
-0.03221359654559852 0.12118448224296552 -0.030679615757712823 0.7470486437003072 -0.021475731030399015 0.978679742671039 0.0322135965455983 0.0
-0.026077673394055978 0.1349903093339364 -0.02914563496982718 0.7547185476397353 -0.021475731030399015 0.978679742671039 0.035281558121369905 0.0
-0.023009711818284595 0.1487961364249073 -0.02914563496982718 0.765456413154935 -0.021475731030399015 0.978679742671039 0.038349519697141066 0.0
-0.019941750242513434 0.1672039058795347 -0.02761165418194154 0.7838641826095625 -0.024543692606170175 0.978679742671039 0.038349519697141066 0.0
-0.019941750242513434 0.1672039058795347 -0.02761165418194154 0.7838641826095625 -0.024543692606170175 0.978679742671039 0.038349519697141066 0.0
-0.01840776945462763 0.18561167533416256 -0.0260776733940559 0.7946020481247622 -0.024543692606170175 0.9802137234589248 0.038349519697141066 0.0
-0.01840776945462763 0.1963495408493623 -0.02454369260617026 0.8007379712763045 -0.026077673394055978 0.9848156658225813 0.038349519697141066 0.0
-0.01840776945462763 0.1963495408493623 -0.02454369260617026 0.8007379712763045 -0.026077673394055978 0.9848156658225813 0.038349519697141066 0.0
-0.01840776945462763 0.2009514832130188 -0.02454369260617026 0.8022719520641903 -0.026077673394055978 0.9832816850346964 0.038349519697141066 0.0
-0.01840776945462763 0.20708740636456158 -0.02454369260617026 0.8053399136399615 -0.024543692606170175 0.9848156658225813 0.038349519697141066 0.0
-0.01840776945462763 0.20708740636456158 -0.02454369260617026 0.8053399136399615 -0.024543692606170175 0.9848156658225813 0.038349519697141066 0.0
-0.019941750242513434 0.21168934872821854 -0.02454369260617026 0.8068738944278473 -0.024543692606170175 0.9832816850346964 0.038349519697141066 0.0
-0.019941750242513434 0.21935925266764666 -0.02454369260617026 0.8114758367915043 -0.023009711818284817 0.9848156658225813 0.038349519697141066 0.0
-0.023009711818284595 0.22396119503130363 -0.0260776733940559 0.8191457407309324 -0.024543692606170175 0.9863496466104671 0.038349519697141066 0.0
-0.023009711818284595 0.22396119503130363 -0.0260776733940559 0.8191457407309324 -0.024543692606170175 0.9863496466104671 0.038349519697141066 0.0
-0.024543692606170175 0.2300971181828464 -0.0260776733940559 0.8252816638824751 -0.024543692606170175 0.9894176081862387 0.038349519697141066 0.0
-0.024543692606170175 0.2346990605465029 -0.0260776733940559 0.8283496254582463 -0.024543692606170175 0.9924855697620094 0.03681553890925526 0.0
-0.024543692606170175 0.2346990605465029 -0.0260776733940559 0.8283496254582463 -0.024543692606170175 0.9924855697620094 0.03681553890925526 0.0
-0.024543692606170175 0.2346990605465029 -0.0260776733940559 0.8283496254582463 -0.024543692606170175 0.9924855697620094 0.035281558121369905 0.0
-0.026077673394055978 0.23623304133438872 -0.0260776733940559 0.8298836062461317 -0.024543692606170175 0.9940195505498952 0.0337475773334841 0.0
-0.026077673394055978 0.23623304133438872 -0.0260776733940559 0.8298836062461317 -0.024543692606170175 0.9940195505498952 0.0337475773334841 0.0
-0.02761165418194156 0.23623304133438872 -0.02761165418194154 0.8298836062461317 -0.024543692606170175 0.9940195505498952 0.0322135965455983 0.0
-0.02761165418194156 0.23623304133438872 -0.02761165418194154 0.8298836062461317 -0.024543692606170175 0.9940195505498952 0.03067961575771294 0.03724888392857149
-0.02761165418194156 0.23623304133438872 -0.02761165418194154 0.8298836062461317 -0.024543692606170175 0.9940195505498952 0.03067961575771294 0.03724888392857149
-0.03067961575771272 0.23623304133438872 -0.02761165418194154 0.8314175870340175 -0.024543692606170175 0.9924855697620094 0.02914563496982714 0.1397879464285714
-0.03221359654559852 0.23776702212227452 -0.02761165418194154 0.8298836062461317 -0.024543692606170175 0.9848156658225813 0.027611654181941336 0.271623883928572
-0.03221359654559852 0.23930100291015988 -0.02761165418194154 0.8298836062461317 -0.024543692606170175 0.978679742671039 0.027611654181941336 0.395089285714286
-0.03221359654559852 0.23930100291015988 -0.02761165418194154 0.8298836062461317 -0.024543692606170175 0.978679742671039 0.027611654181941336 0.395089285714286
-0.03221359654559852 0.23776702212227452 -0.02761165418194154 0.8298836062461317 -0.023009711818284817 0.9771457618831532 0.027611654181941336 0.4808872767857139
-0.03221359654559852 0.23776702212227452 -0.02761165418194154 0.8298836062461317 -0.023009711818284817 0.9771457618831532 0.027611654181941336 0.524832589285715
-0.03221359654559852 0.23776702212227452 -0.02761165418194154 0.8298836062461317 -0.023009711818284817 0.9771457618831532 0.027611654181941336 0.524832589285715
-0.03221359654559852 0.23776702212227452 -0.02761165418194154 0.8298836062461317 -0.023009711818284817 0.9771457618831532 0.027611654181941336 0.5373883928571436
-0.03221359654559852 0.23776702212227452 -0.02761165418194154 0.8298836062461317 -0.024543692606170175 0.978679742671039 0.027611654181941336 0.545758928571429
-0.03221359654559852 0.23776702212227452 -0.02761165418194154 0.8298836062461317 -0.024543692606170175 0.978679742671039 0.027611654181941336 0.545758928571429
-0.03067961575771272 0.23623304133438872 -0.02761165418194154 0.8298836062461317 -0.024543692606170175 0.978679742671039 0.027611654181941336 0.5687779017857147
-0.03067961575771272 0.23623304133438872 -0.02761165418194154 0.8283496254582463 -0.024543692606170175 0.9771457618831532 0.027611654181941336 0.5938895089285721
-0.02914563496982714 0.2346990605465029 -0.02761165418194154 0.8283496254582463 -0.024543692606170175 0.978679742671039 0.027611654181941336 0.6127232142857145
-0.02914563496982714 0.2346990605465029 -0.02761165418194154 0.8283496254582463 -0.024543692606170175 0.978679742671039 0.027611654181941336 0.6127232142857145
-0.02914563496982714 0.23163109897073175 -0.02761165418194154 0.8268156446703605 -0.024543692606170175 0.978679742671039 0.027611654181941336 0.6273716517857149
-0.02914563496982714 0.2270291566070748 -0.02761165418194154 0.8252816638824751 -0.024543692606170175 0.978679742671039 0.027611654181941336 0.6524832589285722
-0.02914563496982714 0.2270291566070748 -0.02761165418194154 0.8252816638824751 -0.024543692606170175 0.978679742671039 0.027611654181941336 0.6524832589285722
-0.02914563496982714 0.22396119503130363 -0.02761165418194154 0.8237476830945893 -0.024543692606170175 0.978679742671039 0.027611654181941336 0.6817801339285716
-0.02914563496982714 0.21935925266764666 -0.02914563496982718 0.8222137023067035 -0.024543692606170175 0.9771457618831532 0.02914563496982714 0.6985212053571437
-0.02914563496982714 0.21935925266764666 -0.02914563496982718 0.8222137023067035 -0.024543692606170175 0.9771457618831532 0.02914563496982714 0.6985212053571437
-0.02914563496982714 0.2162912910918755 -0.02914563496982718 0.8206797215188182 -0.024543692606170175 0.978679742671039 0.02914563496982714 0.7006138392857141
-0.02761165418194156 0.21168934872821854 -0.02914563496982718 0.8191457407309324 -0.024543692606170175 0.9771457618831532 0.02914563496982714 0.7006138392857141
-0.02761165418194156 0.21168934872821854 -0.02914563496982718 0.8191457407309324 -0.024543692606170175 0.9771457618831532 0.02914563496982714 0.7006138392857141
-0.02761165418194156 0.20708740636456158 -0.02914563496982718 0.8176117599430466 -0.024543692606170175 0.978679742671039 0.02914563496982714 0.7006138392857141
-0.02761165418194156 0.19941750242513345 -0.02914563496982718 0.8145437983672754 -0.024543692606170175 0.9802137234589248 0.02914563496982714 0.7006138392857141
-0.02761165418194156 0.18867963690993372 -0.02914563496982718 0.8114758367915043 -0.026077673394055978 0.9832816850346964 0.02914563496982714 0.7006138392857141
-0.02761165418194156 0.18867963690993372 -0.02914563496982718 0.8114758367915043 -0.026077673394055978 0.9832816850346964 0.02914563496982714 0.7006138392857141
-0.02761165418194156 0.17794177139473444 -0.02914563496982718 0.8084078752157331 -0.026077673394055978 0.9863496466104671 0.02914563496982714 0.7006138392857141
-0.026077673394055978 0.1687378866674205 -0.02914563496982718 0.8068738944278473 -0.026077673394055978 0.9909515889741245 0.02914563496982714 0.7006138392857141
-0.026077673394055978 0.1687378866674205 -0.02914563496982718 0.8068738944278473 -0.026077673394055978 0.9909515889741245 0.02914563496982714 0.7006138392857141
-0.026077673394055978 0.15646604036433542 -0.02914563496982718 0.8053399136399615 -0.026077673394055978 0.9940195505498952 0.02914563496982714 0.7006138392857141
-0.026077673394055978 0.1457281748491357 -0.02914563496982718 0.7992039904884192 -0.026077673394055978 0.9940195505498952 0.027611654181941336 0.7006138392857141
-0.026077673394055978 0.1457281748491357 -0.02914563496982718 0.7992039904884192 -0.026077673394055978 0.9940195505498952 0.027611654181941336 0.7006138392857141
-0.026077673394055978 0.1365242901218222 -0.02914563496982718 0.7961360289126476 -0.026077673394055978 0.9940195505498952 0.02914563496982714 0.7006138392857141
-0.026077673394055978 0.12578642460662248 -0.02914563496982718 0.7930680673368764 -0.026077673394055978 0.995553531337781 0.027611654181941336 0.7006138392857141
-0.026077673394055978 0.11658253987930856 -0.02914563496982718 0.7930680673368764 -0.026077673394055978 0.9970875121256668 0.02914563496982714 0.7006138392857141
-0.026077673394055978 0.11658253987930856 -0.02914563496982718 0.7930680673368764 -0.026077673394055978 0.9970875121256668 0.02914563496982714 0.7006138392857141
-0.026077673394055978 0.10584467436410927 -0.02914563496982718 0.791534086548991 -0.026077673394055978 0.9970875121256668 0.02914563496982714 0.7006138392857141
-0.026077673394055978 0.09357282806102418 -0.02914563496982718 0.7853981633974483 -0.026077673394055978 0.9986214929135526 0.02914563496982714 0.7006138392857141
-0.026077673394055978 0.09357282806102418 -0.02914563496982718 0.7853981633974483 -0.026077673394055978 0.9986214929135526 0.02914563496982714 0.7006138392857141
-0.024543692606170175 0.07976700097005329 -0.02914563496982718 0.7792622402459055 -0.026077673394055978 0.9986214929135526 0.02914563496982714 0.7006138392857141
-0.024543692606170175 0.0659611738790824 -0.02914563496982718 0.7761942786701344 -0.026077673394055978 0.9986214929135526 0.02914563496982714 0.7006138392857141
-0.024543692606170175 0.0659611738790824 -0.02914563496982718 0.7761942786701344 -0.026077673394055978 0.9986214929135526 0.02914563496982714 0.7006138392857141
-0.024543692606170175 0.053689327575997314 -0.02914563496982718 0.7731263170943632 -0.026077673394055978 0.9986214929135526 0.02914563496982714 0.7006138392857141
-0.024543692606170175 0.03681553890925526 -0.02914563496982718 0.7669903939428204 -0.026077673394055978 0.9986214929135526 0.027611654181941336 0.7006138392857141
-0.024543692606170175 0.021475731030399015 -0.02914563496982718 0.7639224323670493 -0.026077673394055978 0.9986214929135526 0.027611654181941336 0.7006138392857141
-0.024543692606170175 0.021475731030399015 -0.02914563496982718 0.7639224323670493 -0.026077673394055978 0.9986214929135526 0.027611654181941336 0.7006138392857141
-0.023009711818284595 0.006135923151542766 -0.02914563496982718 0.7623884515791635 -0.026077673394055978 1.0001554737014384 0.027611654181941336 0.7006138392857141
-0.023009711818284595 -0.009203884727313927 -0.02914563496982718 0.7577865092155069 -0.026077673394055978 1.0108933392166373 0.026077673394055978 0.7006138392857141
-0.023009711818284595 -0.009203884727313927 -0.02914563496982718 0.7577865092155069 -0.026077673394055978 1.0108933392166373 0.026077673394055978 0.7006138392857141
-0.023009711818284595 -0.024543692606170175 -0.02914563496982718 0.7577865092155069 -0.026077673394055978 1.0262331470954935 0.026077673394055978 0.7006138392857141
-0.023009711818284595 -0.03988350048502687 -0.02914563496982718 0.7577865092155069 -0.026077673394055978 1.0354370318228074 0.026077673394055978 0.7006138392857141
-0.023009711818284595 -0.03988350048502687 -0.02914563496982718 0.7577865092155069 -0.026077673394055978 1.0354370318228074 0.026077673394055978 0.7006138392857141
-0.023009711818284595 -0.05982525072754008 -0.02914563496982718 0.7562525284276211 -0.026077673394055978 1.0415729549743507 0.024543692606170175 0.7006138392857141
-0.023009711818284595 -0.07823302018216749 -0.02914563496982718 0.7547185476397353 -0.026077673394055978 1.047708878125893 0.024543692606170175 0.7006138392857141
-0.023009711818284595 -0.07823302018216749 -0.02914563496982718 0.7547185476397353 -0.026077673394055978 1.047708878125893 0.024543692606170175 0.7006138392857141
-0.023009711818284595 -0.09510680884890954 -0.02914563496982718 0.7547185476397353 -0.026077673394055978 1.056912762853207 0.024543692606170175 0.7027064732142857
-0.023009711818284595 -0.11198059751565159 -0.02914563496982718 0.7547185476397353 -0.026077673394055978 1.0661166475805208 0.023009711818284817 0.7006138392857141
-0.023009711818284595 -0.13192234775816525 -0.02914563496982718 0.7547185476397353 -0.024543692606170175 1.0753205323078348 0.023009711818284817 0.7006138392857141
-0.023009711818284595 -0.13192234775816525 -0.02914563496982718 0.7547185476397353 -0.024543692606170175 1.0753205323078348 0.023009711818284817 0.7006138392857141
-0.023009711818284595 -0.1487961364249073 -0.02914563496982718 0.7547185476397353 -0.026077673394055978 1.0845244170351487 0.021475731030399015 0.7027064732142857
-0.023009711818284595 -0.16566992509164935 -0.02914563496982718 0.7562525284276211 -0.026077673394055978 1.0967962633382333 0.021475731030399015 0.7006138392857141
-0.023009711818284595 -0.16566992509164935 -0.02914563496982718 0.7562525284276211 -0.026077673394055978 1.0967962633382333 0.021475731030399015 0.7006138392857141
-0.023009711818284595 -0.18407769454627676 -0.02914563496982718 0.7562525284276211 -0.024543692606170175 1.1044661672776614 0.019941750242513212 0.7006138392857141
-0.023009711818284595 -0.19941750242513345 -0.02914563496982718 0.7562525284276211 -0.026077673394055978 1.1090681096413189 0.019941750242513212 0.7006138392857141
-0.023009711818284595 -0.19941750242513345 -0.02914563496982718 0.7562525284276211 -0.026077673394055978 1.1090681096413189 0.019941750242513212 0.7006138392857141
-0.023009711818284595 -0.2147573103039897 -0.02914563496982718 0.7562525284276211 -0.024543692606170175 1.1106020904292038 0.019941750242513212 0.7006138392857141
-0.021475731030399015 -0.2285631373949606 -0.02914563496982718 0.7547185476397353 -0.026077673394055978 1.1121360712170896 0.019941750242513212 0.7006138392857141
-0.023009711818284595 -0.24390294527381684 -0.02914563496982718 0.7547185476397353 -0.026077673394055978 1.1182719943686328 0.018407769454627854 0.7006138392857141
-0.023009711818284595 -0.24390294527381684 -0.02914563496982718 0.7547185476397353 -0.026077673394055978 1.1182719943686328 0.018407769454627854 0.7006138392857141
-0.023009711818284595 -0.25924275315267353 -0.02914563496982718 0.7577865092155069 -0.026077673394055978 1.1305438406717174 0.018407769454627854 0.7027064732142857
-0.023009711818284595 -0.273048580243644 -0.02914563496982718 0.7577865092155069 -0.024543692606170175 1.1412817061869172 0.015339807878856249 0.7006138392857141
-0.023009711818284595 -0.273048580243644 -0.02914563496982718 0.7577865092155069 -0.024543692606170175 1.1412817061869172 0.015339807878856249 0.7006138392857141
-0.023009711818284595 -0.28992236891038603 -0.02914563496982718 0.7577865092155069 -0.024543692606170175 1.1474176293384595 0.01380582709097089 0.7006138392857141
-0.021475731030399015 -0.3067961575771281 -0.02914563496982718 0.7577865092155069 -0.024543692606170175 1.1520195717021169 0.01380582709097089 0.7006138392857141
-0.021475731030399015 -0.3067961575771281 -0.02914563496982718 0.7577865092155069 -0.024543692606170175 1.1520195717021169 0.01380582709097089 0.7006138392857141
-0.021475731030399015 -0.32366994624387013 -0.02914563496982718 0.7562525284276211 -0.024543692606170175 1.1550875332778876 0.01380582709097089 0.7027064732142857
-0.021475731030399015 -0.342077715698498 -0.02914563496982718 0.7547185476397353 -0.024543692606170175 1.16122345642943 0.01380582709097089 0.7027064732142857
-0.021475731030399015 -0.342077715698498 -0.02914563496982718 0.7547185476397353 -0.024543692606170175 1.16122345642943 0.01380582709097089 0.7027064732142857
-0.021475731030399015 -0.35741752357735423 -0.02914563496982718 0.7562525284276211 -0.026077673394055978 1.1719613219446297 0.012271846303085088 0.7006138392857141
-0.021475731030399015 -0.3742913122440963 -0.02914563496982718 0.7577865092155069 -0.024543692606170175 1.185767149035601 0.010737865515199285 0.7027064732142857
-0.021475731030399015 -0.39423306248660994 -0.02914563496982718 0.7577865092155069 -0.024543692606170175 1.194971033762915 0.007669903939428124 0.7027064732142857
-0.021475731030399015 -0.39423306248660994 -0.02914563496982718 0.7577865092155069 -0.024543692606170175 1.194971033762915 0.007669903939428124 0.7027064732142857
-0.021475731030399015 -0.41264083194123735 -0.02914563496982718 0.7577865092155069 -0.024543692606170175 1.1980389953386856 0.007669903939428124 0.7006138392857141
-0.021475731030399015 -0.43411656297163637 -0.02914563496982718 0.7562525284276211 -0.024543692606170175 1.1980389953386856 0.007669903939428124 0.7027064732142857
-0.021475731030399015 -0.43411656297163637 -0.02914563496982718 0.7562525284276211 -0.024543692606170175 1.1980389953386856 0.007669903939428124 0.7027064732142857
-0.021475731030399015 -0.4509903516383784 -0.02914563496982718 0.7562525284276211 -0.024543692606170175 1.2011069569144572 0.007669903939428124 0.7027064732142857
-0.021475731030399015 -0.4632621979414635 -0.02914563496982718 0.7562525284276211 -0.024543692606170175 1.2087768608538854 0.007669903939428124 0.7027064732142857
-0.021475731030399015 -0.4632621979414635 -0.02914563496982718 0.7562525284276211 -0.024543692606170175 1.2087768608538854 0.007669903939428124 0.7027064732142857
-0.021475731030399015 -0.46939812109300627 -0.02914563496982718 0.7577865092155069 -0.026077673394055978 1.2225826879448558 0.004601942363656963 0.7027064732142857
-0.021475731030399015 -0.4770680250324344 -0.02914563496982718 0.7593204900033923 -0.024543692606170175 1.228718611096399 0.003067961575771161 0.7027064732142857
-0.019941750242513434 -0.48320394818397716 -0.02914563496982718 0.7593204900033923 -0.024543692606170175 1.230252591884284 0.003067961575771161 0.7027064732142857
-0.019941750242513434 -0.48320394818397716 -0.02914563496982718 0.7593204900033923 -0.024543692606170175 1.230252591884284 0.003067961575771161 0.7027064732142857
-0.019941750242513434 -0.4893398713355195 -0.02914563496982718 0.7593204900033923 -0.024543692606170175 1.2317865726721697 0.003067961575771161 0.7027064732142857
-0.019941750242513434 -0.4970097752749476 -0.02914563496982718 0.7577865092155069 -0.024543692606170175 1.2333205534600555 0.003067961575771161 0.7027064732142857
-0.019941750242513434 -0.4970097752749476 -0.02914563496982718 0.7577865092155069 -0.024543692606170175 1.2333205534600555 0.003067961575771161 0.7027064732142857
-0.019941750242513434 -0.5031456984264904 -0.02761165418194154 0.7577865092155069 -0.024543692606170175 1.2363885150358271 0.003067961575771161 0.7027064732142857
-0.019941750242513434 -0.5123495831538043 -0.02761165418194154 0.7577865092155069 -0.026077673394055978 1.2425244381873695 0.003067961575771161 0.7027064732142857
-0.019941750242513434 -0.5123495831538043 -0.02761165418194154 0.7577865092155069 -0.026077673394055978 1.2425244381873695 0.003067961575771161 0.7027064732142857
-0.019941750242513434 -0.5154175447295755 -0.02761165418194154 0.7593204900033923 -0.026077673394055978 1.2486603613389118 0.003067961575771161 0.7027064732142857
-0.019941750242513434 -0.5169515255174613 -0.0260776733940559 0.7593204900033923 -0.024543692606170175 1.2501943421267976 0.003067961575771161 0.7027064732142857
-0.019941750242513434 -0.5169515255174613 -0.0260776733940559 0.7593204900033923 -0.024543692606170175 1.2501943421267976 0.003067961575771161 0.7027064732142857
-0.019941750242513434 -0.5215534678811178 -0.0260776733940559 0.7593204900033923 -0.024543692606170175 1.2501943421267976 0.003067961575771161 0.7027064732142857
-0.019941750242513434 -0.5215534678811178 -0.0260776733940559 0.7593204900033923 -0.024543692606170175 1.2501943421267976 0.003067961575771161 0.7027064732142857
-0.019941750242513434 -0.5215534678811178 -0.0260776733940559 0.7593204900033923 -0.024543692606170175 1.2501943421267976 0.003067961575771161 0.7027064732142857
-0.019941750242513434 -0.5215534678811178 -0.0260776733940559 0.7593204900033923 -0.024543692606170175 1.2501943421267976 0.003067961575771161 0.7027064732142857
-0.019941750242513434 -0.5215534678811178 -0.0260776733940559 0.7593204900033923 -0.024543692606170175 1.2501943421267976 0.003067961575771161 0.7027064732142857
-0.019941750242513434 -0.5215534678811178 -0.0260776733940559 0.7593204900033923 -0.024543692606170175 1.2501943421267976 0.003067961575771161 0.7027064732142857
-0.019941750242513434 -0.5215534678811178 -0.0260776733940559 0.7593204900033923 -0.024543692606170175 1.2501943421267976 0.003067961575771161 0.7027064732142857
-0.019941750242513434 -0.5200194870932324 -0.0260776733940559 0.7593204900033923 -0.024543692606170175 1.2501943421267976 0.003067961575771161 0.7027064732142857
-0.019941750242513434 -0.5200194870932324 -0.0260776733940559 0.7593204900033923 -0.024543692606170175 1.2501943421267976 0.003067961575771161 0.7027064732142857
-0.019941750242513434 -0.5200194870932324 -0.0260776733940559 0.7593204900033923 -0.024543692606170175 1.2501943421267976 0.003067961575771161 0.7027064732142857
-0.019941750242513434 -0.5200194870932324 -0.0260776733940559 0.7577865092155069 -0.024543692606170175 1.2501943421267976 0.003067961575771161 0.7027064732142857
-0.019941750242513434 -0.5200194870932324 -0.0260776733940559 0.7577865092155069 -0.026077673394055978 1.2501943421267976 0.003067961575771161 0.7027064732142857
-0.019941750242513434 -0.5169515255174613 -0.0260776733940559 0.7577865092155069 -0.026077673394055978 1.2486603613389118 0.003067961575771161 0.7027064732142857
-0.019941750242513434 -0.5169515255174613 -0.0260776733940559 0.7577865092155069 -0.026077673394055978 1.2486603613389118 0.003067961575771161 0.7027064732142857
-0.019941750242513434 -0.5154175447295755 -0.0260776733940559 0.7577865092155069 -0.024543692606170175 1.2486603613389118 0.003067961575771161 0.7027064732142857
-0.019941750242513434 -0.5123495831538043 -0.0260776733940559 0.7577865092155069 -0.026077673394055978 1.2486603613389118 0.003067961575771161 0.7006138392857141
-0.019941750242513434 -0.5123495831538043 -0.0260776733940559 0.7577865092155069 -0.026077673394055978 1.2486603613389118 0.003067961575771161 0.7006138392857141
-0.019941750242513434 -0.5108156023659185 -0.0260776733940559 0.7577865092155069 -0.024543692606170175 1.2486603613389118 0.0015339807878858025 0.7006138392857141
-0.019941750242513434 -0.5092816215780327 -0.0260776733940559 0.7577865092155069 -0.024543692606170175 1.2486603613389118 0.003067961575771161 0.7006138392857141
-0.019941750242513434 -0.5092816215780327 -0.0260776733940559 0.7577865092155069 -0.024543692606170175 1.2486603613389118 0.003067961575771161 0.7006138392857141
-0.019941750242513434 -0.5077476407901473 -0.0260776733940559 0.7577865092155069 -0.024543692606170175 1.2486603613389118 0.003067961575771161 0.7006138392857141
-0.019941750242513434 -0.5077476407901473 -0.0260776733940559 0.7577865092155069 -0.026077673394055978 1.2486603613389118 0.003067961575771161 0.7006138392857141
-0.019941750242513434 -0.5077476407901473 -0.0260776733940559 0.7577865092155069 -0.024543692606170175 1.2486603613389118 0.003067961575771161 0.6985212053571438
-0.019941750242513434 -0.5077476407901473 -0.0260776733940559 0.7577865092155069 -0.024543692606170175 1.2486603613389118 0.003067961575771161 0.6985212053571438
-0.019941750242513434 -0.5092816215780327 -0.0260776733940559 0.7577865092155069 -0.026077673394055978 1.2486603613389118 0.003067961575771161 0.6922433035714287
-0.019941750242513434 -0.5092816215780327 -0.0260776733940559 0.7577865092155069 -0.026077673394055978 1.2486603613389118 0.003067961575771161 0.6838727678571433
-0.019941750242513434 -0.5092816215780327 -0.0260776733940559 0.7577865092155069 -0.026077673394055978 1.2486603613389118 0.003067961575771161 0.6838727678571433
-0.019941750242513434 -0.5077476407901473 -0.0260776733940559 0.7577865092155069 -0.024543692606170175 1.2486603613389118 0.003067961575771161 0.6796875
-0.019941750242513434 -0.5077476407901473 -0.0260776733940559 0.7562525284276211 -0.026077673394055978 1.2486603613389118 0.003067961575771161 0.6524832589285722
-0.019941750242513434 -0.5077476407901473 -0.0260776733940559 0.7562525284276211 -0.026077673394055978 1.2486603613389118 0.003067961575771161 0.6524832589285722
-0.019941750242513434 -0.5077476407901473 -0.02454369260617026 0.7562525284276211 -0.024543692606170175 1.2486603613389118 0.003067961575771161 0.5750558035714285
-0.019941750242513434 -0.5031456984264904 -0.02454369260617026 0.7562525284276211 -0.024543692606170175 1.2486603613389118 0.0015339807878858025 0.44112723214285743
-0.019941750242513434 -0.4970097752749476 -0.02454369260617026 0.7562525284276211 -0.024543692606170175 1.2501943421267976 0.003067961575771161 0.2883649553571428
-0.019941750242513434 -0.4970097752749476 -0.02454369260617026 0.7562525284276211 -0.024543692606170175 1.2501943421267976 0.003067961575771161 0.2883649553571428
-0.019941750242513434 -0.49240783291129064 -0.023009711818284616 0.7562525284276211 -0.026077673394055978 1.254796284490454 0.006135923151542766 0.1397879464285714
-0.019941750242513434 -0.48013598660820556 -0.021475731030398976 0.7608544707912781 -0.026077673394055978 1.2701360923693112 0.004601942363656963 0.02260044642857115
-0.019941750242513434 -0.48013598660820556 -0.021475731030398976 0.7608544707912781 -0.026077673394055978 1.2701360923693112 0.004601942363656963 0.02260044642857115
-0.019941750242513434 -0.47093210188089163 -0.021475731030398976 0.7669903939428204 -0.026077673394055978 1.2885438618239382 0.006135923151542766 0.0
-0.019941750242513434 -0.4647961787293493 -0.019941750242513337 0.7685243747307062 -0.026077673394055978 1.2962137657633672 0.007669903939428124 0.0
-0.019941750242513434 -0.4647961787293493 -0.019941750242513337 0.7685243747307062 -0.026077673394055978 1.2962137657633672 0.007669903939428124 0.0
-0.019941750242513434 -0.4647961787293493 -0.019941750242513337 0.7685243747307062 -0.026077673394055978 1.2962137657633672 0.009203884727313927 0.0
-0.019941750242513434 -0.4647961787293493 -0.019941750242513337 0.770058355518592 -0.026077673394055978 1.2962137657633672 0.009203884727313927 0.0
-0.019941750242513434 -0.4647961787293493 -0.019941750242513337 0.770058355518592 -0.026077673394055978 1.2962137657633672 0.009203884727313927 0.0
-0.019941750242513434 -0.4647961787293493 -0.019941750242513337 0.770058355518592 -0.026077673394055978 1.2962137657633672 0.009203884727313927 0.0
-0.019941750242513434 -0.4647961787293493 -0.021475731030398976 0.770058355518592 -0.026077673394055978 1.2962137657633672 0.009203884727313927 0.0
-0.019941750242513434 -0.4647961787293493 -0.021475731030398976 0.770058355518592 -0.026077673394055978 1.2962137657633672 0.009203884727313927 0.0
-0.019941750242513434 -0.4647961787293493 -0.021475731030398976 0.770058355518592 -0.026077673394055978 1.2962137657633672 0.009203884727313927 0.0
-0.019941750242513434 -0.4647961787293493 -0.019941750242513337 0.770058355518592 -0.026077673394055978 1.2962137657633672 0.009203884727313927 0.0
-0.019941750242513434 -0.4647961787293493 -0.019941750242513337 0.770058355518592 -0.026077673394055978 1.2962137657633672 0.009203884727313927 0.0
-0.019941750242513434 -0.4647961787293493 -0.019941750242513337 0.770058355518592 -0.026077673394055978 1.2962137657633672 0.009203884727313927 0.0
-0.019941750242513434 -0.4647961787293493 -0.021475731030398976 0.770058355518592 -0.026077673394055978 1.2962137657633672 0.009203884727313927 0.0
-0.019941750242513434 -0.4647961787293493 -0.021475731030398976 0.770058355518592 -0.026077673394055978 1.2962137657633672 0.009203884727313927 0.0
-0.019941750242513434 -0.4647961787293493 -0.021475731030398976 0.770058355518592 -0.026077673394055978 1.2962137657633672 0.009203884727313927 0.0
-0.019941750242513434 -0.4647961787293493 -0.021475731030398976 0.770058355518592 -0.026077673394055978 1.2977477465512521 0.009203884727313927 0.0
-0.019941750242513434 -0.4647961787293493 -0.021475731030398976 0.770058355518592 -0.026077673394055978 1.2977477465512521 0.009203884727313927 0.0
-0.019941750242513434 -0.4647961787293493 -0.019941750242513337 0.770058355518592 -0.026077673394055978 1.2977477465512521 0.009203884727313927 0.0
-0.019941750242513434 -0.4647961787293493 -0.019941750242513337 0.770058355518592 -0.026077673394055978 1.2977477465512521 0.009203884727313927 0.0
-0.019941750242513434 -0.4647961787293493 -0.019941750242513337 0.770058355518592 -0.026077673394055978 1.2977477465512521 0.009203884727313927 0.0
-0.019941750242513434 -0.4663301595172351 -0.021475731030398976 0.770058355518592 -0.026077673394055978 1.2977477465512521 0.007669903939428124 0.0
-0.019941750242513434 -0.4663301595172351 -0.021475731030398976 0.770058355518592 -0.026077673394055978 1.2977477465512521 0.007669903939428124 0.0
-0.019941750242513434 -0.4663301595172351 -0.019941750242513337 0.770058355518592 -0.026077673394055978 1.2977477465512521 0.007669903939428124 0.0
-0.019941750242513434 -0.4647961787293493 -0.021475731030398976 0.770058355518592 -0.026077673394055978 1.2977477465512521 0.007669903939428124 0.0
-0.019941750242513434 -0.4647961787293493 -0.021475731030398976 0.770058355518592 -0.026077673394055978 1.2977477465512521 0.007669903939428124 0.0
-0.01840776945462763 -0.4647961787293493 -0.019941750242513337 0.7685243747307062 -0.026077673394055978 1.2977477465512521 0.006135923151542766 0.0
-0.01840776945462763 -0.4647961787293493 -0.019941750242513337 0.7685243747307062 -0.026077673394055978 1.2977477465512521 0.006135923151542766 0.0
-0.01840776945462763 -0.4647961787293493 -0.019941750242513337 0.7685243747307062 -0.026077673394055978 1.2977477465512521 0.006135923151542766 0.0
-0.01840776945462763 -0.4647961787293493 -0.019941750242513337 0.7685243747307062 -0.026077673394055978 1.2977477465512521 0.004601942363656963 0.0
-0.01840776945462763 -0.4647961787293493 -0.019941750242513337 0.7685243747307062 -0.026077673394055978 1.2977477465512521 0.004601942363656963 0.0
-0.01840776945462763 -0.4647961787293493 -0.019941750242513337 0.7685243747307062 -0.026077673394055978 1.2977477465512521 0.004601942363656963 0.0
-0.01840776945462763 -0.4647961787293493 -0.019941750242513337 0.7685243747307062 -0.026077673394055978 1.2977477465512521 0.004601942363656963 0.0
-0.01840776945462763 -0.4647961787293493 -0.019941750242513337 0.7685243747307062 -0.026077673394055978 1.2977477465512521 0.004601942363656963 0.0
-0.01840776945462763 -0.4632621979414635 -0.019941750242513337 0.7685243747307062 -0.026077673394055978 1.2977477465512521 0.004601942363656963 0.0
-0.01840776945462763 -0.4632621979414635 -0.019941750242513337 0.7685243747307062 -0.026077673394055978 1.2977477465512521 0.004601942363656963 0.0
-0.01840776945462763 -0.4632621979414635 -0.019941750242513337 0.7685243747307062 -0.026077673394055978 1.2977477465512521 0.004601942363656963 0.0
-0.01840776945462763 -0.4632621979414635 -0.019941750242513337 0.7685243747307062 -0.026077673394055978 1.2977477465512521 0.003067961575771161 0.0
-0.01840776945462763 -0.4632621979414635 -0.019941750242513337 0.7685243747307062 -0.026077673394055978 1.2977477465512521 0.003067961575771161 0.0
-0.01840776945462763 -0.4632621979414635 -0.019941750242513337 0.770058355518592 -0.026077673394055978 1.2977477465512521 0.003067961575771161 0.0
-0.01840776945462763 -0.4647961787293493 -0.019941750242513337 0.7685243747307062 -0.026077673394055978 1.2977477465512521 0.003067961575771161 0.0
-0.01840776945462763 -0.4647961787293493 -0.019941750242513337 0.770058355518592 -0.026077673394055978 1.2977477465512521 0.003067961575771161 0.0
-0.01840776945462763 -0.4647961787293493 -0.019941750242513337 0.770058355518592 -0.026077673394055978 1.2977477465512521 0.003067961575771161 0.0
-0.01840776945462763 -0.4647961787293493 -0.019941750242513337 0.770058355518592 -0.026077673394055978 1.2977477465512521 0.003067961575771161 0.0
-0.01840776945462763 -0.4647961787293493 -0.019941750242513337 0.770058355518592 -0.026077673394055978 1.2977477465512521 0.003067961575771161 0.0
-0.01840776945462763 -0.4647961787293493 -0.019941750242513337 0.770058355518592 -0.026077673394055978 1.2977477465512521 0.003067961575771161 0.0
-0.01840776945462763 -0.4647961787293493 -0.019941750242513337 0.770058355518592 -0.026077673394055978 1.2977477465512521 0.003067961575771161 0.0
-0.01840776945462763 -0.4647961787293493 -0.019941750242513337 0.7685243747307062 -0.026077673394055978 1.2977477465512521 0.003067961575771161 0.0
-0.01840776945462763 -0.4647961787293493 -0.019941750242513337 0.7685243747307062 -0.026077673394055978 1.2977477465512521 0.003067961575771161 0.0
-0.01840776945462763 -0.4647961787293493 -0.019941750242513337 0.7685243747307062 -0.026077673394055978 1.2977477465512521 0.003067961575771161 0.0
-0.01840776945462763 -0.46786414030512047 -0.019941750242513337 0.7654564131549351 -0.026077673394055978 1.2977477465512521 0.0015339807878858025 0.0
-0.01840776945462763 -0.47400006345666323 -0.019941750242513337 0.7639224323670493 -0.026077673394055978 1.2977477465512521 0.0015339807878858025 0.0
-0.01840776945462763 -0.47400006345666323 -0.019941750242513337 0.7639224323670493 -0.026077673394055978 1.2977477465512521 0.0015339807878858025 0.0
-0.01840776945462763 -0.4786020058203202 -0.019941750242513337 0.7608544707912781 -0.026077673394055978 1.2977477465512521 0.0015339807878858025 0.0
-0.01840776945462763 -0.48320394818397716 -0.019941750242513337 0.7593204900033923 -0.026077673394055978 1.2977477465512521 0.0015339807878858025 0.0
-0.01840776945462763 -0.48320394818397716 -0.019941750242513337 0.7593204900033923 -0.026077673394055978 1.2977477465512521 0.0015339807878858025 0.0
-0.01840776945462763 -0.48320394818397716 -0.019941750242513337 0.7593204900033923 -0.026077673394055978 1.2977477465512521 0.0015339807878858025 0.0
-0.01840776945462763 -0.48320394818397716 -0.019941750242513337 0.7593204900033923 -0.026077673394055978 1.2977477465512521 0.0015339807878858025 0.0
-0.01840776945462763 -0.48320394818397716 -0.019941750242513337 0.7593204900033923 -0.026077673394055978 1.2977477465512521 0.0015339807878858025 0.0
-0.01840776945462763 -0.48320394818397716 -0.019941750242513337 0.7593204900033923 -0.026077673394055978 1.2977477465512521 0.0015339807878858025 0.0
-0.01840776945462763 -0.48320394818397716 -0.019941750242513337 0.7593204900033923 -0.026077673394055978 1.2977477465512521 0.0015339807878858025 0.0
-0.01840776945462763 -0.48320394818397716 -0.019941750242513337 0.7593204900033923 -0.026077673394055978 1.2977477465512521 0.0015339807878858025 0.0
-0.01840776945462763 -0.4847379289718625 -0.019941750242513337 0.7577865092155069 -0.026077673394055978 1.2977477465512521 0.0015339807878858025 0.0
-0.01840776945462763 -0.4847379289718625 -0.019941750242513337 0.7577865092155069 -0.026077673394055978 1.2977477465512521 0.0015339807878858025 0.0
-0.01840776945462763 -0.4862719097597483 -0.019941750242513337 0.7577865092155069 -0.026077673394055978 1.2977477465512521 -0.0015339807878858025 0.0
-0.01840776945462763 -0.4862719097597483 -0.019941750242513337 0.7577865092155069 -0.026077673394055978 1.2977477465512521 -0.0015339807878858025 0.0
-0.01840776945462763 -0.4878058905476337 -0.019941750242513337 0.7577865092155069 -0.026077673394055978 1.2977477465512521 -0.0015339807878858025 0.0
-0.01840776945462763 -0.4878058905476337 -0.019941750242513337 0.7577865092155069 -0.026077673394055978 1.2977477465512521 -0.0015339807878858025 0.0
-0.01840776945462763 -0.4878058905476337 -0.019941750242513337 0.7577865092155069 -0.026077673394055978 1.2977477465512521 -0.0015339807878858025 0.0
-0.01840776945462763 -0.4893398713355195 -0.019941750242513337 0.7577865092155069 -0.026077673394055978 1.2977477465512521 -0.0015339807878858025 0.0
-0.01840776945462763 -0.4893398713355195 -0.019941750242513337 0.7562525284276211 -0.026077673394055978 1.2977477465512521 -0.0015339807878858025 0.0
-0.01840776945462763 -0.4893398713355195 -0.019941750242513337 0.7562525284276211 -0.026077673394055978 1.2977477465512521 -0.0015339807878858025 0.0
-0.01687378866674205 -0.49240783291129064 -0.019941750242513337 0.7562525284276211 -0.026077673394055978 1.2977477465512521 -0.0015339807878858025 0.0
-0.01840776945462763 -0.49240783291129064 -0.019941750242513337 0.7562525284276211 -0.026077673394055978 1.2977477465512521 -0.0015339807878858025 0.0
-0.01687378866674205 -0.49240783291129064 -0.019941750242513337 0.7547185476397353 -0.026077673394055978 1.299281727339138 -0.0015339807878858025 0.0
-0.01687378866674205 -0.49240783291129064 -0.019941750242513337 0.7547185476397353 -0.026077673394055978 1.299281727339138 -0.0015339807878858025 0.0
-0.01840776945462763 -0.49547579448706225 -0.019941750242513337 0.7547185476397353 -0.026077673394055978 1.299281727339138 -0.0015339807878858025 0.0
-0.01687378866674205 -0.4970097752749476 -0.019941750242513337 0.7547185476397353 -0.026077673394055978 1.299281727339138 -0.003067961575771161 0.0
-0.01687378866674205 -0.4970097752749476 -0.019941750242513337 0.7547185476397353 -0.026077673394055978 1.299281727339138 -0.003067961575771161 0.0
-0.01840776945462763 -0.5000777368507192 -0.019941750242513337 0.75318456685185 -0.026077673394055978 1.299281727339138 -0.006135923151542766 0.0
-0.01687378866674205 -0.5077476407901473 -0.019941750242513337 0.748582624488193 -0.026077673394055978 1.2977477465512521 -0.006135923151542766 0.0
-0.01687378866674205 -0.5077476407901473 -0.019941750242513337 0.748582624488193 -0.026077673394055978 1.2977477465512521 -0.006135923151542766 0.0
-0.01687378866674205 -0.5123495831538043 -0.019941750242513337 0.7455146629124215 -0.026077673394055978 1.2977477465512521 -0.007669903939428124 0.0
-0.01687378866674205 -0.5169515255174613 -0.019941750242513337 0.7409127205487649 -0.026077673394055978 1.2977477465512521 -0.007669903939428124 0.0
-0.01687378866674205 -0.5169515255174613 -0.019941750242513337 0.7409127205487649 -0.026077673394055978 1.2977477465512521 -0.007669903939428124 0.0
-0.01840776945462763 -0.5200194870932324 -0.019941750242513337 0.7393787397608791 -0.026077673394055978 1.299281727339138 -0.007669903939428124 0.0
-0.01687378866674205 -0.5230874486690036 -0.019941750242513337 0.7378447589729933 -0.026077673394055978 1.299281727339138 -0.007669903939428124 0.0
-0.01687378866674205 -0.5261554102447747 -0.019941750242513337 0.7363107781851079 -0.026077673394055978 1.299281727339138 -0.007669903939428124 0.0
-0.01687378866674205 -0.5261554102447747 -0.019941750242513337 0.7363107781851079 -0.026077673394055978 1.299281727339138 -0.007669903939428124 0.0
-0.01687378866674205 -0.5292233718205464 -0.019941750242513337 0.731708835821451 -0.026077673394055978 1.2977477465512521 -0.007669903939428124 0.0
-0.01687378866674205 -0.5338253141842033 -0.019941750242513337 0.7286408742456794 -0.026077673394055978 1.2977477465512521 -0.009203884727313927 0.0
-0.01687378866674205 -0.5338253141842033 -0.019941750242513337 0.7286408742456794 -0.026077673394055978 1.2977477465512521 -0.009203884727313927 0.0
-0.01687378866674205 -0.5368932757599745 -0.019941750242513337 0.727106893457794 -0.026077673394055978 1.2977477465512521 -0.009203884727313927 0.0
-0.01687378866674205 -0.5384272565478598 -0.019941750242513337 0.7240389318820228 -0.026077673394055978 1.299281727339138 -0.009203884727313927 0.0
-0.01687378866674205 -0.5384272565478598 -0.019941750242513337 0.7240389318820228 -0.026077673394055978 1.299281727339138 -0.009203884727313927 0.0
-0.01687378866674205 -0.5445631796994026 -0.019941750242513337 0.7163690279425943 -0.026077673394055978 1.2977477465512521 -0.010737865515199285 0.0
