-0.026077673394055978 -0.7117670855789373 -0.018407769454627694 0.5430291989115168 -0.06289321230331124 1.3974564977638195 -0.0659611738790824 0.0
-0.026077673394055978 -0.7117670855789373 -0.019941750242513337 0.5368932757599745 -0.06289321230331124 1.3897865938243905 -0.0659611738790824 0.0
-0.026077673394055978 -0.7117670855789373 -0.019941750242513337 0.5368932757599745 -0.06289321230331124 1.3897865938243905 -0.0659611738790824 0.0
-0.026077673394055978 -0.7117670855789373 -0.019941750242513337 0.5338253141842033 -0.06289321230331124 1.3836506706728482 -0.06442719309119704 0.0
-0.026077673394055978 -0.7102331047910521 -0.019941750242513337 0.5307573526084317 -0.06289321230331124 1.37598076673342 -0.06289321230331124 0.0
-0.026077673394055978 -0.7102331047910521 -0.018407769454627694 0.5307573526084317 -0.06289321230331124 1.3729128051576485 -0.06289321230331124 0.0
-0.026077673394055978 -0.7102331047910521 -0.018407769454627694 0.5307573526084317 -0.06289321230331124 1.3729128051576485 -0.06289321230331124 0.0
-0.026077673394055978 -0.7086991240031661 -0.019941750242513337 0.5307573526084317 -0.06289321230331124 1.3729128051576485 -0.06289321230331124 0.0
-0.026077673394055978 -0.7086991240031661 -0.019941750242513337 0.5307573526084317 -0.06289321230331124 1.3729128051576485 -0.06289321230331124 0.0
-0.026077673394055978 -0.7086991240031661 -0.019941750242513337 0.5307573526084317 -0.06289321230331124 1.3729128051576485 -0.06289321230331124 0.0
-0.026077673394055978 -0.7086991240031661 -0.019941750242513337 0.5307573526084317 -0.06289321230331124 1.3729128051576485 -0.06289321230331124 0.0
-0.026077673394055978 -0.7086991240031661 -0.019941750242513337 0.5307573526084317 -0.06289321230331124 1.3729128051576485 -0.06289321230331124 0.0
-0.026077673394055978 -0.7086991240031661 -0.019941750242513337 0.5307573526084317 -0.06289321230331124 1.3729128051576485 -0.06289321230331124 0.0
-0.024543692606170175 -0.7086991240031661 -0.019941750242513337 0.5307573526084317 -0.06289321230331124 1.3729128051576485 -0.06289321230331124 0.0
-0.026077673394055978 -0.7086991240031661 -0.018407769454627694 0.5322913333963175 -0.06289321230331124 1.3729128051576485 -0.06289321230331124 0.0
-0.024543692606170175 -0.7086991240031661 -0.019941750242513337 0.5322913333963175 -0.06289321230331124 1.3729128051576485 -0.06289321230331124 0.0
-0.024543692606170175 -0.7086991240031661 -0.019941750242513337 0.5322913333963175 -0.06289321230331124 1.3729128051576485 -0.06289321230331124 0.0
-0.026077673394055978 -0.7086991240031661 -0.018407769454627694 0.5322913333963175 -0.06289321230331124 1.3729128051576485 -0.06135923151542544 0.0
-0.026077673394055978 -0.705631162427395 -0.019941750242513337 0.5322913333963175 -0.06289321230331124 1.3729128051576485 -0.06135923151542544 0.0
-0.026077673394055978 -0.705631162427395 -0.019941750242513337 0.5322913333963175 -0.06289321230331124 1.3729128051576485 -0.06135923151542544 0.0
-0.024543692606170175 -0.6994952392758522 -0.019941750242513337 0.5307573526084317 -0.06289321230331124 1.3713788243697635 -0.05982525072754008 0.0
-0.026077673394055978 -0.6964272777000811 -0.019941750242513337 0.5307573526084317 -0.06289321230331124 1.3698448435818777 -0.05829126993965428 0.0
-0.026077673394055978 -0.6964272777000811 -0.019941750242513337 0.5307573526084317 -0.06289321230331124 1.3698448435818777 -0.05829126993965428 0.0
-0.026077673394055978 -0.6933593161243099 -0.019941750242513337 0.5322913333963175 -0.06289321230331124 1.368310862793992 -0.05829126993965428 0.0
-0.026077673394055978 -0.6918253353364241 -0.019941750242513337 0.5353592949720887 -0.06135923151542544 1.3667768820061061 -0.05982525072754008 0.0
-0.026077673394055978 -0.6918253353364241 -0.019941750242513337 0.5353592949720887 -0.06135923151542544 1.3667768820061061 -0.05982525072754008 0.0
-0.026077673394055978 -0.6887573737606529 -0.019941750242513337 0.5384272565478598 -0.06135923151542544 1.3652429012182203 -0.05982525072754008 0.0
-0.024543692606170175 -0.6826214506091102 -0.021475731030398976 0.5445631796994026 -0.06135923151542544 1.359106978066678 -0.05982525072754008 0.0
-0.026077673394055978 -0.679553489033339 -0.021475731030398976 0.5476311412751738 -0.06135923151542544 1.35143707412725 -0.05982525072754008 0.0
-0.026077673394055978 -0.679553489033339 -0.021475731030398976 0.5476311412751738 -0.06135923151542544 1.35143707412725 -0.05982525072754008 0.0
-0.024543692606170175 -0.6718835850939109 -0.021475731030398976 0.5537670644267165 -0.05982525072754008 1.3483691125514783 -0.05982525072754008 0.0
-0.024543692606170175 -0.6657476619423681 -0.021475731030398976 0.5629709491540305 -0.05829126993965428 1.3437671701878218 -0.05982525072754008 0.0
-0.024543692606170175 -0.6657476619423681 -0.021475731030398976 0.5629709491540305 -0.05829126993965428 1.3437671701878218 -0.05982525072754008 0.0
-0.024543692606170175 -0.6596117387908258 -0.021475731030398976 0.5706408530934586 -0.05675728915176892 1.342233189399936 -0.06135923151542544 0.0
-0.024543692606170175 -0.6473398924877407 -0.021475731030398976 0.5829126993965437 -0.05522330836388312 1.342233189399936 -0.05982525072754008 0.0
-0.024543692606170175 -0.6473398924877407 -0.021475731030398976 0.5829126993965437 -0.05522330836388312 1.342233189399936 -0.05982525072754008 0.0
-0.021475731030399015 -0.6335340653967698 -0.023009711818284616 0.5951845456996288 -0.053689327575997314 1.342233189399936 -0.05982525072754008 0.0
-0.019941750242513434 -0.6227961998815705 -0.02454369260617026 0.6043884304269427 -0.053689327575997314 1.342233189399936 -0.05982525072754008 0.0
-0.01840776945462763 -0.6120583343663708 -0.02454369260617026 0.610524353578485 -0.052155346788111956 1.342233189399936 -0.06135923151542544 0.0
-0.01840776945462763 -0.6120583343663708 -0.02454369260617026 0.610524353578485 -0.052155346788111956 1.342233189399936 -0.06135923151542544 0.0
-0.01840776945462763 -0.6043884304269427 -0.02454369260617026 0.610524353578485 -0.053689327575997314 1.342233189399936 -0.06135923151542544 0.0
-0.01840776945462763 -0.5967185264875146 -0.0260776733940559 0.610524353578485 -0.053689327575997314 1.342233189399936 -0.06135923151542544 0.0
-0.01840776945462763 -0.5967185264875146 -0.0260776733940559 0.610524353578485 -0.053689327575997314 1.342233189399936 -0.06135923151542544 0.0
-0.01840776945462763 -0.5921165841238576 -0.0260776733940559 0.610524353578485 -0.052155346788111956 1.3406992086120502 -0.06135923151542544 0.0
-0.01840776945462763 -0.589048622548086 -0.0260776733940559 0.610524353578485 -0.05062136600022615 1.3406992086120502 -0.06442719309119704 0.0
-0.01840776945462763 -0.589048622548086 -0.0260776733940559 0.610524353578485 -0.05062136600022615 1.3406992086120502 -0.06442719309119704 0.0
-0.01687378866674205 -0.5829126993965437 -0.0260776733940559 0.610524353578485 -0.05062136600022615 1.3360972662483936 -0.0659611738790824 0.0
-0.01687378866674205 -0.5798447378207725 -0.0260776733940559 0.610524353578485 -0.052155346788111956 1.3176894967937658 -0.0659611738790824 0.0
-0.01687378866674205 -0.5798447378207725 -0.0260776733940559 0.610524353578485 -0.052155346788111956 1.3176894967937658 -0.0659611738790824 0.0
-0.01533980787885647 -0.5706408530934586 -0.0260776733940559 0.6089903727905996 -0.05062136600022615 1.3008157081270237 -0.06902913545485401 0.0
-0.01533980787885647 -0.5583690067903735 -0.0260776733940559 0.6089903727905996 -0.05062136600022615 1.2931458041875956 -0.06902913545485401 0.0
-0.01533980787885647 -0.5430291989115168 -0.0260776733940559 0.610524353578485 -0.05062136600022615 1.2885438618239382 -0.06902913545485401 0.0
-0.01533980787885647 -0.5430291989115168 -0.0260776733940559 0.610524353578485 -0.05062136600022615 1.2885438618239382 -0.06902913545485401 0.0
-0.01533980787885647 -0.5368932757599745 -0.0260776733940559 0.610524353578485 -0.05062136600022615 1.2870098810360533 -0.06902913545485401 0.0
-0.01533980787885647 -0.5276893910326605 -0.0260776733940559 0.610524353578485 -0.05062136600022615 1.2854759002481675 -0.06902913545485401 0.0
-0.01533980787885647 -0.5276893910326605 -0.0260776733940559 0.610524353578485 -0.05062136600022615 1.2854759002481675 -0.06902913545485401 0.0
-0.01533980787885647 -0.5154175447295755 -0.0260776733940559 0.6120583343663708 -0.05062136600022615 1.2824079386723959 -0.07056311624273937 0.0
-0.01533980787885647 -0.5062136600022615 -0.0260776733940559 0.6135923151542566 -0.05062136600022615 1.273204053945082 -0.06902913545485401 0.0
-0.01533980787885647 -0.5062136600022615 -0.0260776733940559 0.6135923151542566 -0.05062136600022615 1.273204053945082 -0.06902913545485401 0.0
-0.01533980787885647 -0.4970097752749476 -0.0260776733940559 0.6135923151542566 -0.05062136600022615 1.2609322076419973 -0.07056311624273937 0.0
-0.01533980787885647 -0.4862719097597483 -0.0260776733940559 0.6135923151542566 -0.04908738521234035 1.2517283229146834 -0.07056311624273937 0.0
-0.01533980787885647 -0.4770680250324344 -0.0260776733940559 0.6135923151542566 -0.04908738521234035 1.2486603613389118 -0.07056311624273937 0.0
-0.01533980787885647 -0.4770680250324344 -0.0260776733940559 0.6135923151542566 -0.04908738521234035 1.2486603613389118 -0.07056311624273937 0.0
-0.01533980787885647 -0.4647961787293493 -0.0260776733940559 0.6135923151542566 -0.04908738521234035 1.2486603613389118 -0.07056311624273937 0.0
-0.01533980787885647 -0.4555922940020354 -0.0260776733940559 0.6135923151542566 -0.04908738521234035 1.245592399763141 -0.07056311624273937 0.0
-0.01533980787885647 -0.4555922940020354 -0.0260776733940559 0.6135923151542566 -0.04908738521234035 1.245592399763141 -0.07056311624273937 0.0
-0.01533980787885647 -0.44792239006260726 -0.0260776733940559 0.6120583343663708 -0.04908738521234035 1.2363885150358271 -0.07209709703062517 0.0
-0.01533980787885647 -0.43871850533529333 -0.02761165418194154 0.610524353578485 -0.04908738521234035 1.228718611096399 -0.07209709703062517 0.0
-0.01533980787885647 -0.43871850533529333 -0.02761165418194154 0.610524353578485 -0.04908738521234035 1.228718611096399 -0.07209709703062517 0.0
-0.01533980787885647 -0.4295146206079794 -0.02761165418194154 0.610524353578485 -0.04908738521234035 1.2256506495206274 -0.07209709703062517 0.0
-0.01533980787885647 -0.4187767550927801 -0.02761165418194154 0.610524353578485 -0.04908738521234035 1.22104870715697 -0.07363107781851097 0.0
-0.01533980787885647 -0.4080388895775804 -0.02761165418194154 0.6120583343663708 -0.04908738521234035 1.219514726369085 -0.07516505860639633 0.0
-0.01533980787885647 -0.4080388895775804 -0.02761165418194154 0.6120583343663708 -0.04908738521234035 1.219514726369085 -0.07516505860639633 0.0
-0.01533980787885647 -0.3988350048502669 -0.02761165418194154 0.6120583343663708 -0.04908738521234035 1.2179807455811993 -0.07669903939428213 0.0
-0.013805827090970668 -0.39116510091083834 -0.02761165418194154 0.6120583343663708 -0.04908738521234035 1.2072428800659996 -0.07669903939428213 0.0
-0.013805827090970668 -0.39116510091083834 -0.02761165418194154 0.6120583343663708 -0.04908738521234035 1.2072428800659996 -0.07669903939428213 0.0
-0.013805827090970668 -0.385029177759296 -0.02761165418194154 0.610524353578485 -0.04908738521234035 1.1934370529750291 -0.07669903939428213 0.0
-0.013805827090970668 -0.3758252930319821 -0.02761165418194154 0.610524353578485 -0.04908738521234035 1.185767149035601 -0.07669903939428213 0.0
-0.013805827090970668 -0.3758252930319821 -0.02761165418194154 0.610524353578485 -0.04908738521234035 1.185767149035601 -0.07669903939428213 0.0
-0.013805827090970668 -0.36662140830466816 -0.02761165418194154 0.6120583343663708 -0.04908738521234035 1.1826991874598294 -0.07669903939428213 0.0
-0.013805827090970668 -0.3543495620015831 -0.02761165418194154 0.6135923151542566 -0.04908738521234035 1.176563264308287 -0.07669903939428213 0.0
-0.013805827090970668 -0.3543495620015831 -0.02761165418194154 0.6135923151542566 -0.04908738521234035 1.176563264308287 -0.07669903939428213 0.0
-0.013805827090970668 -0.34667965806215495 -0.02761165418194154 0.6135923151542566 -0.05062136600022615 1.1627574372173157 -0.07669903939428213 0.0
-0.013805827090970668 -0.3359417925469552 -0.02761165418194154 0.6135923151542566 -0.05062136600022615 1.1520195717021169 -0.07823302018216749 0.0
-0.013805827090970668 -0.32673790781964174 -0.02761165418194154 0.6135923151542566 -0.05062136600022615 1.1474176293384595 -0.07823302018216749 0.0
-0.013805827090970668 -0.32673790781964174 -0.02761165418194154 0.6135923151542566 -0.05062136600022615 1.1474176293384595 -0.07823302018216749 0.0
-0.013805827090970668 -0.316000042304442 -0.0260776733940559 0.6135923151542566 -0.05062136600022615 1.1443496677626879 -0.07823302018216749 0.0
-0.013805827090970668 -0.3083301383650139 -0.0260776733940559 0.6135923151542566 -0.05062136600022615 1.133611802247489 -0.07823302018216749 0.0
-0.013805827090970668 -0.3083301383650139 -0.0260776733940559 0.6135923151542566 -0.05062136600022615 1.133611802247489 -0.07823302018216749 0.0
-0.012271846303085088 -0.29912625363769996 -0.0260776733940559 0.6135923151542566 -0.05062136600022615 1.124407917520175 -0.07823302018216749 0.0
-0.013805827090970668 -0.28992236891038603 -0.0260776733940559 0.615126295942142 -0.05062136600022615 1.1182719943686328 -0.07823302018216749 0.0
-0.013805827090970668 -0.28992236891038603 -0.0260776733940559 0.615126295942142 -0.05062136600022615 1.1182719943686328 -0.07823302018216749 0.0
-0.012271846303085088 -0.28071848418307255 -0.02454369260617026 0.6181942575179136 -0.05062136600022615 1.1136700520049754 -0.07823302018216749 0.0
-0.012271846303085088 -0.2715145994557586 -0.02454369260617026 0.6212622190936847 -0.05062136600022615 1.1121360712170896 -0.07823302018216749 0.0
-0.012271846303085088 -0.2715145994557586 -0.02454369260617026 0.6212622190936847 -0.05062136600022615 1.1121360712170896 -0.07823302018216749 0.0
-0.012271846303085088 -0.2623107147284447 -0.023009711818284616 0.6258641614573417 -0.05062136600022615 1.1121360712170896 -0.07823302018216749 0.0
-0.012271846303085088 -0.24697090684958845 -0.023009711818284616 0.6350680461846556 -0.05062136600022615 1.1106020904292038 -0.07823302018216749 0.0
-0.012271846303085088 -0.23316507975861755 -0.021475731030398976 0.6427379501240837 -0.04908738521234035 1.1044661672776614 -0.07823302018216749 0.0
-0.012271846303085088 -0.23316507975861755 -0.021475731030398976 0.6427379501240837 -0.04908738521234035 1.1044661672776614 -0.07823302018216749 0.0
-0.012271846303085088 -0.21782527187976086 -0.021475731030398976 0.6504078540635119 -0.05062136600022615 1.0937283017624617 -0.07823302018216749 0.0
-0.012271846303085088 -0.20401944478879042 -0.021475731030398976 0.6550097964271688 -0.05062136600022615 1.0891263593988052 -0.07976700097005329 0.0
-0.012271846303085088 -0.20401944478879042 -0.021475731030398976 0.6550097964271688 -0.05062136600022615 1.0891263593988052 -0.07976700097005329 0.0
-0.012271846303085088 -0.18561167533416256 -0.021475731030398976 0.6642136811544828 -0.05062136600022615 1.0845244170351487 -0.07823302018216749 0.0
-0.012271846303085088 -0.17180584824319167 -0.021475731030398976 0.6688156235181397 -0.05062136600022615 1.0845244170351487 -0.07976700097005329 0.0
-0.010737865515199507 -0.15646604036433542 -0.021475731030398976 0.674951546669682 -0.05062136600022615 1.0829904362472629 -0.07976700097005329 0.0
-0.010737865515199507 -0.15646604036433542 -0.021475731030398976 0.674951546669682 -0.05062136600022615 1.0829904362472629 -0.07976700097005329 0.0
-0.010737865515199507 -0.14266021327336453 -0.019941750242513337 0.6780195082454532 -0.05062136600022615 1.0753205323078348 -0.07976700097005329 0.0
-0.010737865515199507 -0.13038836697027945 -0.019941750242513337 0.6810874698212248 -0.05062136600022615 1.064582666792635 -0.07976700097005329 0.0
-0.010737865515199507 -0.13038836697027945 -0.019941750242513337 0.6810874698212248 -0.05062136600022615 1.064582666792635 -0.07976700097005329 0.0
-0.007669903939428124 -0.11811652066719436 -0.019941750242513337 0.6826214506091102 -0.05062136600022615 1.0584467436410927 -0.07976700097005329 0.0
-0.0015339807878855805 -0.10431069357622347 -0.019941750242513337 0.6872233929727671 -0.05062136600022615 1.056912762853207 -0.07976700097005329 0.0
-0.0015339807878855805 -0.10431069357622347 -0.019941750242513337 0.6872233929727671 -0.05062136600022615 1.056912762853207 -0.07976700097005329 0.0
0.003067961575771383 -0.08897088569736722 -0.019941750242513337 0.6933593161243099 -0.05062136600022615 1.0538448012774353 -0.07976700097005329 0.0
0.009203884727313927 -0.07209709703062517 -0.019941750242513337 0.7025632008516238 -0.05062136600022615 1.0461748973380072 -0.07976700097005329 0.0
0.009203884727313927 -0.07209709703062517 -0.019941750242513337 0.7025632008516238 -0.05062136600022615 1.0461748973380072 -0.07976700097005329 0.0
0.012271846303085088 -0.05829126993965428 -0.019941750242513337 0.7071651432152808 -0.05062136600022615 1.0431069357622356 -0.07976700097005329 0.0
0.01687378866674205 -0.04601942363656919 -0.019941750242513337 0.7117670855789373 -0.05062136600022615 1.0431069357622356 -0.07976700097005329 0.0
0.023009711818284595 -0.035281558121369905 -0.019941750242513337 0.7163690279425943 -0.05062136600022615 1.0431069357622356 -0.07976700097005329 0.0
0.023009711818284595 -0.035281558121369905 -0.019941750242513337 0.7163690279425943 -0.05062136600022615 1.0431069357622356 -0.07976700097005329 0.0
0.02914563496982714 -0.023009711818284817 -0.019941750242513337 0.7194369895183659 -0.05062136600022615 1.0415729549743507 -0.07976700097005329 0.0
0.0337475773334841 -0.01380582709097089 -0.019941750242513337 0.7255729126699082 -0.05062136600022615 1.0415729549743507 -0.07976700097005329 0.0
0.0337475773334841 -0.01380582709097089 -0.019941750242513337 0.7255729126699082 -0.05062136600022615 1.0415729549743507 -0.07976700097005329 0.0
0.03528155812136968 -0.007669903939428124 -0.019941750242513337 0.7286408742456794 -0.05062136600022615 1.0415729549743507 -0.07976700097005329 0.0
0.036815538909255485 0.004601942363656963 -0.019941750242513337 0.7332428166093363 -0.05062136600022615 1.0415729549743507 -0.07976700097005329 0.0
0.036815538909255485 0.004601942363656963 -0.019941750242513337 0.7332428166093363 -0.05062136600022615 1.0415729549743507 -0.07976700097005329 0.0
0.038349519697141066 0.018407769454627854 -0.019941750242513337 0.7393787397608791 -0.05062136600022615 1.0415729549743507 -0.07976700097005329 0.0
0.038349519697141066 0.035281558121369905 -0.019941750242513337 0.7455146629124214 -0.05062136600022615 1.0415729549743507 -0.07976700097005329 0.0
0.038349519697141066 0.035281558121369905 -0.019941750242513337 0.7455146629124214 -0.05062136600022615 1.0415729549743507 -0.07976700097005329 0.0
0.038349519697141066 0.052155346788111956 -0.019941750242513337 0.75318456685185 -0.05062136600022615 1.0400389741864648 -0.07976700097005329 0.0
0.038349519697141066 0.06902913545485401 -0.019941750242513337 0.7608544707912781 -0.05062136600022615 1.0369710126106932 -0.0813009817579391 0.0
0.038349519697141066 0.08283496254582445 -0.019941750242513337 0.7639224323670493 -0.05062136600022615 1.030835089459151 -0.0813009817579391 0.0
0.038349519697141066 0.08283496254582445 -0.019941750242513337 0.7639224323670493 -0.05062136600022615 1.030835089459151 -0.0813009817579391 0.0
0.036815538909255485 0.09203884727313838 -0.019941750242513337 0.7669903939428204 -0.052155346788111956 1.0277671278833793 -0.0813009817579391 0.0
0.03528155812136968 0.10431069357622347 -0.021475731030398976 0.7731263170943632 -0.052155346788111956 1.0277671278833793 -0.0813009817579391 0.0
0.03528155812136968 0.10431069357622347 -0.021475731030398976 0.7731263170943632 -0.052155346788111956 1.0277671278833793 -0.0813009817579391 0.0
0.03528155812136968 0.12118448224296552 -0.021475731030398976 0.7823302018216771 -0.052155346788111956 1.0277671278833793 -0.0813009817579391 0.0
0.03221359654559852 0.13038836697027945 -0.023009711818284616 0.7884661249732194 -0.052155346788111956 1.0277671278833793 -0.0813009817579391 0.0
0.03221359654559852 0.13038836697027945 -0.023009711818284616 0.7884661249732194 -0.052155346788111956 1.0277671278833793 -0.0813009817579391 0.0
0.02914563496982714 0.14419419406125034 -0.02454369260617026 0.7946020481247622 -0.04908738521234035 1.0277671278833793 -0.08897088569736722 0.0
0.024543692606170175 0.15339807878856426 -0.02454369260617026 0.7976700097005334 -0.04908738521234035 1.0277671278833793 -0.08897088569736722 0.0
0.023009711818284595 0.16413594430376355 -0.02454369260617026 0.8022719520641903 -0.04908738521234035 1.0277671278833793 -0.09050486648525302 0.0
0.023009711818284595 0.16413594430376355 -0.02454369260617026 0.8022719520641903 -0.04908738521234035 1.0277671278833793 -0.09050486648525302 0.0
0.023009711818284595 0.1702718674553063 -0.02454369260617026 0.8022719520641903 -0.04755340442445499 1.0277671278833793 -0.09510680884890954 0.0
0.023009711818284595 0.1702718674553063 -0.02454369260617026 0.8022719520641903 -0.04601942363656919 1.0277671278833793 -0.09817477042468115 0.0
0.023009711818284595 0.1702718674553063 -0.02454369260617026 0.8022719520641903 -0.04601942363656919 1.0277671278833793 -0.09817477042468115 0.0
0.021475731030399015 0.17794177139473444 -0.02454369260617026 0.8053399136399615 -0.04601942363656919 1.0277671278833793 -0.1012427320004523 0.0
0.021475731030399015 0.1932815792735907 -0.0260776733940559 0.8160777791551612 -0.04601942363656919 1.0277671278833793 -0.10277671278833811 0.0
0.021475731030399015 0.1932815792735907 -0.0260776733940559 0.8160777791551612 -0.04601942363656919 1.0277671278833793 -0.10277671278833811 0.0
0.021475731030399015 0.20862138715244738 -0.02761165418194154 0.8298836062461317 -0.04601942363656919 1.0293011086712651 -0.10431069357622347 0.0
0.019941750242513434 0.22242721424341783 -0.02761165418194154 0.8436894333371026 -0.04601942363656919 1.0293011086712651 -0.10431069357622347 0.0
0.019941750242513434 0.2300971181828464 -0.02761165418194154 0.8513593372765307 -0.04755340442445499 1.0293011086712651 -0.10431069357622347 0.0
0.019941750242513434 0.2300971181828464 -0.02761165418194154 0.8513593372765307 -0.04755340442445499 1.0293011086712651 -0.10431069357622347 0.0
0.019941750242513434 0.23316507975861755 -0.02761165418194154 0.8559612796401876 -0.04755340442445499 1.0293011086712651 -0.10431069357622347 0.0
0.019941750242513434 0.23930100291015988 -0.02761165418194154 0.8574952604280734 -0.04601942363656919 1.0323690702470367 -0.10431069357622347 0.0
0.019941750242513434 0.23930100291015988 -0.02761165418194154 0.8574952604280734 -0.04601942363656919 1.0323690702470367 -0.10431069357622347 0.0
0.019941750242513434 0.24390294527381684 -0.02761165418194154 0.8636311835796158 -0.04601942363656919 1.0354370318228074 -0.10584467436410927 0.0
0.019941750242513434 0.2500388684253596 -0.02914563496982718 0.8713010875190443 -0.04601942363656919 1.0415729549743507 -0.10584467436410927 0.0
0.019941750242513434 0.2500388684253596 -0.02914563496982718 0.8713010875190443 -0.04601942363656919 1.0415729549743507 -0.10584467436410927 0.0
0.019941750242513434 0.25157284921324496 -0.02914563496982718 0.8743690490948155 -0.04755340442445499 1.0431069357622356 -0.10584467436410927 0.024693080357142797
0.019941750242513434 0.25157284921324496 -0.02914563496982718 0.8759030298827013 -0.04601942363656919 1.0431069357622356 -0.10584467436410927 0.1397879464285714
0.019941750242513434 0.25157284921324496 -0.02914563496982718 0.8759030298827013 -0.04601942363656919 1.0431069357622356 -0.10584467436410927 0.1397879464285714
0.019941750242513434 0.25157284921324496 -0.02914563496982718 0.8759030298827013 -0.04601942363656919 1.0431069357622356 -0.10584467436410927 0.2799944196428574
0.019941750242513434 0.25157284921324496 -0.02914563496982718 0.8759030298827013 -0.04601942363656919 1.0415729549743507 -0.10431069357622347 0.4306640625000004
0.019941750242513434 0.25157284921324496 -0.02914563496982718 0.8759030298827013 -0.04601942363656919 1.0415729549743507 -0.10431069357622347 0.5604073660714294
0.019941750242513434 0.25157284921324496 -0.02914563496982718 0.8759030298827013 -0.04601942363656919 1.0415729549743507 -0.10431069357622347 0.5604073660714294
0.019941750242513434 0.25157284921324496 -0.02914563496982718 0.8759030298827013 -0.04601942363656919 1.0415729549743507 -0.10277671278833811 0.6650390624999996
0.021475731030399015 0.25310683000113077 -0.02914563496982718 0.8759030298827013 -0.04601942363656919 1.0415729549743507 -0.1012427320004523 0.7508370535714288
0.021475731030399015 0.25310683000113077 -0.02914563496982718 0.8759030298827013 -0.04601942363656919 1.0415729549743507 -0.1012427320004523 0.7508370535714288
0.023009711818284595 0.25770877236478773 -0.02914563496982718 0.8759030298827013 -0.04601942363656919 1.0415729549743507 -0.0997087512125665 0.8115234375000007
0.023009711818284595 0.25924275315267353 -0.02914563496982718 0.8759030298827013 -0.04601942363656919 1.0415729549743507 -0.09817477042468115 0.8470982142857151
0.023009711818284595 0.25924275315267353 -0.02914563496982718 0.8759030298827013 -0.04601942363656919 1.0415729549743507 -0.09817477042468115 0.8470982142857151
0.023009711818284595 0.25924275315267353 -0.02914563496982718 0.8759030298827013 -0.04601942363656919 1.0415729549743507 -0.09664078963679534 0.8575613839285721
0.023009711818284595 0.25924275315267353 -0.02914563496982718 0.8759030298827013 -0.04601942363656919 1.0431069357622356 -0.09664078963679534 0.8575613839285721
0.023009711818284595 0.25924275315267353 -0.02914563496982718 0.8759030298827013 -0.04601942363656919 1.0415729549743507 -0.09664078963679534 0.8575613839285721
0.023009711818284595 0.25924275315267353 -0.02914563496982718 0.8759030298827013 -0.04601942363656919 1.0415729549743507 -0.09664078963679534 0.8575613839285721
0.023009711818284595 0.25924275315267353 -0.02914563496982718 0.8759030298827013 -0.04601942363656919 1.0431069357622356 -0.09664078963679534 0.8575613839285721
0.023009711818284595 0.2607767339405589 -0.02914563496982718 0.8759030298827013 -0.04601942363656919 1.0431069357622356 -0.09664078963679534 0.8575613839285721
0.023009711818284595 0.2607767339405589 -0.02914563496982718 0.8759030298827013 -0.04601942363656919 1.0431069357622356 -0.09664078963679534 0.8575613839285721
0.023009711818284595 0.25924275315267353 -0.02914563496982718 0.8759030298827013 -0.04601942363656919 1.0431069357622356 -0.09664078963679534 0.8575613839285721
0.023009711818284595 0.25924275315267353 -0.02914563496982718 0.8759030298827013 -0.04601942363656919 1.0446409165501214 -0.09510680884890954 0.8575613839285721
0.023009711818284595 0.25924275315267353 -0.02914563496982718 0.8759030298827013 -0.04601942363656919 1.0446409165501214 -0.09510680884890954 0.8575613839285721
0.023009711818284595 0.25770877236478773 -0.02914563496982718 0.8759030298827013 -0.04601942363656919 1.0446409165501214 -0.09664078963679534 0.8575613839285721
0.023009711818284595 0.24697090684958845 -0.02914563496982718 0.8743690490948155 -0.04755340442445499 1.0461748973380072 -0.09510680884890954 0.8575613839285721
0.023009711818284595 0.2346990605465029 -0.02914563496982718 0.8728350683069297 -0.04755340442445499 1.0492428589137788 -0.09664078963679534 0.8575613839285721
0.023009711818284595 0.2346990605465029 -0.02914563496982718 0.8728350683069297 -0.04755340442445499 1.0492428589137788 -0.09664078963679534 0.8575613839285721
0.023009711818284595 0.22396119503130363 -0.02914563496982718 0.8713010875190443 -0.04755340442445499 1.0492428589137788 -0.09817477042468115 0.8575613839285721
0.023009711818284595 0.21322332951610434 -0.02914563496982718 0.8697671067311585 -0.04755340442445499 1.0492428589137788 -0.09817477042468115 0.8575613839285721
0.023009711818284595 0.21322332951610434 -0.02914563496982718 0.8697671067311585 -0.04755340442445499 1.0492428589137788 -0.09817477042468115 0.8575613839285721
0.021475731030399015 0.2009514832130188 -0.030679615757712823 0.8682331259432727 -0.04755340442445499 1.0507768397016646 -0.09817477042468115 0.8596540178571437
0.021475731030399015 0.18867963690993372 -0.030679615757712823 0.8682331259432727 -0.04755340442445499 1.0599807244289776 -0.09817477042468115 0.8596540178571437
0.021475731030399015 0.18867963690993372 -0.030679615757712823 0.8682331259432727 -0.04755340442445499 1.0599807244289776 -0.09817477042468115 0.8596540178571437
0.019941750242513434 0.17794177139473444 -0.032213596545598466 0.8713010875190443 -0.04601942363656919 1.073786551519949 -0.09817477042468115 0.8596540178571437
0.019941750242513434 0.15953400194010658 -0.032213596545598466 0.8728350683069297 -0.04601942363656919 1.0937283017624617 -0.1012427320004523 0.8596540178571437
0.019941750242513434 0.15953400194010658 -0.032213596545598466 0.8728350683069297 -0.04601942363656919 1.0937283017624617 -0.1012427320004523 0.8596540178571437
0.019941750242513434 0.13959225169759337 -0.032213596545598466 0.8728350683069297 -0.04601942363656919 1.1090681096413189 -0.10277671278833811 0.8596540178571437
0.019941750242513434 0.1135145783035374 -0.032213596545598466 0.8713010875190443 -0.04601942363656919 1.125941898308061 -0.10431069357622347 0.8596540178571437
0.019941750242513434 0.08590292412159606 -0.032213596545598466 0.8697671067311585 -0.04601942363656919 1.1397477253990314 -0.10431069357622347 0.8596540178571437
0.019941750242513434 0.08590292412159606 -0.032213596545598466 0.8697671067311585 -0.04601942363656919 1.1397477253990314 -0.10431069357622347 0.8596540178571437
0.021475731030399015 0.05675728915176892 -0.0337475773334841 0.8682331259432727 -0.04601942363656919 1.1550875332778876 -0.10584467436410927 0.8596540178571437
0.021475731030399015 0.02914563496982714 -0.0337475773334841 0.8682331259432727 -0.04601942363656919 1.1704273411567439 -0.10584467436410927 0.8596540178571437
0.021475731030399015 0.02914563496982714 -0.0337475773334841 0.8682331259432727 -0.04601942363656919 1.1704273411567439 -0.10584467436410927 0.8596540178571437
0.019941750242513434 0.003067961575771161 -0.035281558121369745 0.8682331259432727 -0.04601942363656919 1.1888351106113717 -0.10584467436410927 0.8596540178571437
0.019941750242513434 -0.019941750242513212 -0.035281558121369745 0.8682331259432727 -0.04601942363656919 1.204174918490228 -0.10737865515199507 0.8596540178571437
0.019941750242513434 -0.019941750242513212 -0.035281558121369745 0.8682331259432727 -0.04601942363656919 1.204174918490228 -0.10737865515199507 0.8596540178571437
0.019941750242513434 -0.04141748127291223 -0.035281558121369745 0.8682331259432727 -0.04601942363656919 1.2164467647933135 -0.10737865515199507 0.8596540178571437
0.019941750242513434 -0.06289321230331124 -0.035281558121369745 0.8682331259432727 -0.04601942363656919 1.2256506495206274 -0.10737865515199507 0.8596540178571437
0.019941750242513434 -0.07823302018216749 -0.035281558121369745 0.8682331259432727 -0.04601942363656919 1.2317865726721697 -0.10737865515199507 0.8596540178571437
0.019941750242513434 -0.07823302018216749 -0.035281558121369745 0.8682331259432727 -0.04601942363656919 1.2317865726721697 -0.10737865515199507 0.8596540178571437
0.021475731030399015 -0.08897088569736722 -0.035281558121369745 0.8666991451553874 -0.04601942363656919 1.2333205534600555 -0.10891263593988043 0.8596540178571437
0.021475731030399015 -0.09510680884890954 -0.035281558121369745 0.8651651643675016 -0.04601942363656919 1.2348545342479413 -0.10891263593988043 0.8596540178571437
0.021475731030399015 -0.09510680884890954 -0.035281558121369745 0.8651651643675016 -0.04601942363656919 1.2348545342479413 -0.10891263593988043 0.8596540178571437
0.021475731030399015 -0.09664078963679534 -0.035281558121369745 0.8636311835796158 -0.04601942363656919 1.2333205534600555 -0.10891263593988043 0.8596540178571437
0.019941750242513434 -0.09664078963679534 -0.035281558121369745 0.8636311835796158 -0.04601942363656919 1.2333205534600555 -0.10891263593988043 0.8596540178571437
0.019941750242513434 -0.09664078963679534 -0.035281558121369745 0.8636311835796158 -0.04601942363656919 1.2333205534600555 -0.10891263593988043 0.8596540178571437
0.021475731030399015 -0.09664078963679534 -0.035281558121369745 0.8636311835796158 -0.04601942363656919 1.2333205534600555 -0.10891263593988043 0.8596540178571437
0.019941750242513434 -0.09664078963679534 -0.035281558121369745 0.8636311835796158 -0.04601942363656919 1.2333205534600555 -0.10891263593988043 0.8596540178571437
0.019941750242513434 -0.09664078963679534 -0.035281558121369745 0.8636311835796158 -0.04601942363656919 1.2333205534600555 -0.10891263593988043 0.8596540178571437
0.019941750242513434 -0.09664078963679534 -0.035281558121369745 0.8636311835796158 -0.04601942363656919 1.2333205534600555 -0.10891263593988043 0.8596540178571437
0.019941750242513434 -0.09510680884890954 -0.035281558121369745 0.8636311835796158 -0.04601942363656919 1.2333205534600555 -0.10891263593988043 0.8596540178571437
0.019941750242513434 -0.09510680884890954 -0.035281558121369745 0.8636311835796158 -0.04601942363656919 1.2333205534600555 -0.10891263593988043 0.8596540178571437
0.019941750242513434 -0.09510680884890954 -0.035281558121369745 0.8636311835796158 -0.04601942363656919 1.2333205534600555 -0.10891263593988043 0.8596540178571437
0.019941750242513434 -0.09203884727313838 -0.035281558121369745 0.8636311835796158 -0.04601942363656919 1.2333205534600555 -0.10891263593988043 0.8596540178571437
0.019941750242513434 -0.09050486648525302 -0.035281558121369745 0.8636311835796158 -0.04601942363656919 1.2333205534600555 -0.10891263593988043 0.8575613839285721
0.019941750242513434 -0.09050486648525302 -0.035281558121369745 0.8636311835796158 -0.04601942363656919 1.2333205534600555 -0.10891263593988043 0.8575613839285721
0.019941750242513434 -0.08743690490948142 -0.035281558121369745 0.8636311835796158 -0.04601942363656919 1.2317865726721697 -0.10891263593988043 0.8575613839285721
0.019941750242513434 -0.08590292412159606 -0.035281558121369745 0.8636311835796158 -0.04601942363656919 1.2333205534600555 -0.10891263593988043 0.8575613839285721
0.019941750242513434 -0.08590292412159606 -0.035281558121369745 0.8636311835796158 -0.04601942363656919 1.2333205534600555 -0.10891263593988043 0.8575613839285721
0.019941750242513434 -0.08436894333371026 -0.035281558121369745 0.8636311835796158 -0.04601942363656919 1.2317865726721697 -0.10891263593988043 0.8575613839285721
0.019941750242513434 -0.07823302018216749 -0.035281558121369745 0.8636311835796158 -0.04601942363656919 1.228718611096399 -0.10891263593988043 0.8575613839285721
0.019941750242513434 -0.07363107781851097 -0.035281558121369745 0.8620972027917304 -0.04601942363656919 1.2241166687327416 -0.10891263593988043 0.8575613839285721
0.019941750242513434 -0.07363107781851097 -0.035281558121369745 0.8620972027917304 -0.04601942363656919 1.2241166687327416 -0.10891263593988043 0.8575613839285721
0.019941750242513434 -0.06442719309119704 -0.035281558121369745 0.8636311835796158 -0.04601942363656919 1.22104870715697 -0.10891263593988043 0.8575613839285721
0.019941750242513434 -0.05675728915176892 -0.035281558121369745 0.8636311835796158 -0.04601942363656919 1.2179807455811993 -0.10891263593988043 0.8575613839285721
0.019941750242513434 -0.05675728915176892 -0.035281558121369745 0.8636311835796158 -0.04601942363656919 1.2179807455811993 -0.10891263593988043 0.8575613839285721
0.019941750242513434 -0.04908738521234035 -0.035281558121369745 0.8636311835796158 -0.044485442848683394 1.2179807455811993 -0.10891263593988043 0.8575613839285721
0.019941750242513434 -0.044485442848683394 -0.035281558121369745 0.8636311835796158 -0.044485442848683394 1.2164467647933135 -0.10891263593988043 0.8575613839285721
0.019941750242513434 -0.044485442848683394 -0.035281558121369745 0.8636311835796158 -0.044485442848683394 1.2164467647933135 -0.10891263593988043 0.8575613839285721
0.019941750242513434 -0.03681553890925526 -0.035281558121369745 0.8636311835796158 -0.044485442848683394 1.2133788032175419 -0.10891263593988043 0.8575613839285721
0.019941750242513434 -0.023009711818284817 -0.035281558121369745 0.8620972027917304 -0.044485442848683394 1.202640937702343 -0.10891263593988043 0.8554687500000004
0.019941750242513434 -0.007669903939428124 -0.035281558121369745 0.8605632220038446 -0.04601942363656919 1.1903690913992575 -0.11044661672776623 0.8554687500000004
0.019941750242513434 -0.007669903939428124 -0.035281558121369745 0.8605632220038446 -0.04601942363656919 1.1903690913992575 -0.11044661672776623 0.8554687500000004
0.019941750242513434 0.012271846303085088 -0.035281558121369745 0.8605632220038446 -0.04601942363656919 1.1750292835204013 -0.10891263593988043 0.8554687500000004
0.019941750242513434 0.0322135965455983 -0.035281558121369745 0.8605632220038446 -0.04601942363656919 1.1627574372173157 -0.11044661672776623 0.8554687500000004
0.019941750242513434 0.0322135965455983 -0.035281558121369745 0.8605632220038446 -0.04601942363656919 1.1627574372173157 -0.11044661672776623 0.8554687500000004
0.019941750242513434 0.05062136600022615 -0.03834951969714103 0.8605632220038446 -0.04601942363656919 1.1520195717021169 -0.11044661672776623 0.8533761160714287
0.019941750242513434 0.06902913545485401 -0.039883500485026674 0.8605632220038446 -0.04601942363656919 1.1412817061869172 -0.11198059751565159 0.8512834821428571
0.019941750242513434 0.06902913545485401 -0.039883500485026674 0.8605632220038446 -0.04601942363656919 1.1412817061869172 -0.11198059751565159 0.8512834821428571
0.019941750242513434 0.08743690490948142 -0.039883500485026674 0.8605632220038446 -0.04601942363656919 1.1274758790959458 -0.1150485590914232 0.8512834821428571
0.019941750242513434 0.10584467436410927 -0.039883500485026674 0.8605632220038446 -0.04601942363656919 1.116738013580747 -0.1150485590914232 0.8491908482142855
0.019941750242513434 0.10584467436410927 -0.039883500485026674 0.8605632220038446 -0.04601942363656919 1.116738013580747 -0.1150485590914232 0.8491908482142855
0.01840776945462763 0.12271846303085132 -0.039883500485026674 0.8605632220038446 -0.04601942363656919 1.1106020904292038 -0.1150485590914232 0.8491908482142855
0.01840776945462763 0.14112623248547917 -0.039883500485026674 0.8620972027917304 -0.04601942363656919 1.1044661672776614 -0.1150485590914232 0.8470982142857151
0.01840776945462763 0.15493205957644962 -0.04141748127291231 0.8636311835796158 -0.04601942363656919 1.1029321864897756 -0.1150485590914232 0.8470982142857151
0.01840776945462763 0.15493205957644962 -0.04141748127291231 0.8636311835796158 -0.04601942363656919 1.1029321864897756 -0.1150485590914232 0.8470982142857151
0.01840776945462763 0.1672039058795347 -0.04141748127291231 0.8666991451553874 -0.04601942363656919 1.1029321864897756 -0.1150485590914232 0.8470982142857151
0.01840776945462763 0.17180584824319167 -0.04141748127291231 0.8682331259432727 -0.04601942363656919 1.1029321864897756 -0.1150485590914232 0.8470982142857151
0.01840776945462763 0.17180584824319167 -0.04141748127291231 0.8682331259432727 -0.04601942363656919 1.1029321864897756 -0.1150485590914232 0.8470982142857151
0.01840776945462763 0.17487380981896328 -0.04141748127291231 0.8682331259432727 -0.04601942363656919 1.1029321864897756 -0.1150485590914232 0.8470982142857151
0.01840776945462763 0.17640779060684864 -0.04141748127291231 0.8697671067311585 -0.04601942363656919 1.1029321864897756 -0.1150485590914232 0.8450055803571433
0.01840776945462763 0.17640779060684864 -0.04141748127291231 0.8697671067311585 -0.04601942363656919 1.1029321864897756 -0.1150485590914232 0.8450055803571433
0.01840776945462763 0.17640779060684864 -0.04141748127291231 0.8697671067311585 -0.04601942363656919 1.1029321864897756 -0.1150485590914232 0.8408203125000001
0.01840776945462763 0.17640779060684864 -0.04141748127291231 0.8697671067311585 -0.04601942363656919 1.1029321864897756 -0.1150485590914232 0.8345424107142864
0.01840776945462763 0.17794177139473444 -0.04141748127291231 0.8697671067311585 -0.04601942363656919 1.1029321864897756 -0.1150485590914232 0.798967633928572
0.01840776945462763 0.17794177139473444 -0.04141748127291231 0.8697671067311585 -0.04601942363656919 1.1029321864897756 -0.1150485590914232 0.798967633928572
0.01840776945462763 0.1810097329705056 -0.04141748127291231 0.8713010875190443 -0.04601942363656919 1.1029321864897756 -0.1150485590914232 0.7215401785714294
0.01840776945462763 0.1810097329705056 -0.04141748127291231 0.8713010875190443 -0.04601942363656919 1.1029321864897756 -0.1150485590914232 0.6210937499999999
0.01840776945462763 0.1810097329705056 -0.04141748127291231 0.8713010875190443 -0.04601942363656919 1.1029321864897756 -0.1150485590914232 0.6210937499999999
0.01840776945462763 0.1825437137583914 -0.04141748127291231 0.8713010875190443 -0.04601942363656919 1.1044661672776614 -0.1150485590914232 0.5143694196428579
0.01840776945462763 0.1825437137583914 -0.04141748127291231 0.8713010875190443 -0.04755340442445499 1.1044661672776614 -0.1150485590914232 0.4264787946428571
0.01840776945462763 0.1825437137583914 -0.04141748127291231 0.8713010875190443 -0.04755340442445499 1.1044661672776614 -0.1150485590914232 0.4264787946428571
0.01840776945462763 0.1825437137583914 -0.04141748127291231 0.8713010875190443 -0.04755340442445499 1.1044661672776614 -0.1150485590914232 0.3490513392857145
0.01840776945462763 0.1825437137583914 -0.04141748127291231 0.8713010875190443 -0.04755340442445499 1.1060001480655473 -0.1150485590914232 0.2925502232142861
0.01840776945462763 0.1825437137583914 -0.04141748127291231 0.8713010875190443 -0.04755340442445499 1.1060001480655473 -0.1150485590914232 0.2925502232142861
0.01840776945462763 0.1825437137583914 -0.04141748127291231 0.8713010875190443 -0.04755340442445499 1.1060001480655473 -0.1150485590914232 0.24651227678571463
0.01840776945462763 0.18407769454627676 -0.04141748127291231 0.8728350683069297 -0.04755340442445499 1.1060001480655473 -0.1150485590914232 0.20884486607142858
0.01840776945462763 0.18407769454627676 -0.04141748127291231 0.8728350683069297 -0.04755340442445499 1.1060001480655473 -0.1150485590914232 0.16908482142857206
0.01840776945462763 0.18407769454627676 -0.04141748127291231 0.8728350683069297 -0.04755340442445499 1.1060001480655473 -0.1150485590914232 0.16908482142857206
0.01840776945462763 0.18561167533416256 -0.04141748127291231 0.8743690490948155 -0.04755340442445499 1.1060001480655473 -0.1150485590914232 0.11467633928571404
0.01840776945462763 0.18714565612204836 -0.04141748127291231 0.8759030298827013 -0.04755340442445499 1.1090681096413189 -0.1150485590914232 0.05189732142857182
0.01840776945462763 0.18714565612204836 -0.04141748127291231 0.8759030298827013 -0.04755340442445499 1.1090681096413189 -0.1150485590914232 0.05189732142857182
0.01840776945462763 0.18714565612204836 -0.04141748127291231 0.8759030298827013 -0.04601942363656919 1.1136700520049754 -0.1135145783035374 0.0
0.019941750242513434 0.18561167533416256 -0.04141748127291231 0.8759030298827013 -0.04601942363656919 1.1152040327928612 -0.1135145783035374 0.0
0.019941750242513434 0.18561167533416256 -0.04141748127291231 0.8759030298827013 -0.04601942363656919 1.1152040327928612 -0.1135145783035374 0.0
0.019941750242513434 0.17640779060684864 -0.04141748127291231 0.8759030298827013 -0.04908738521234035 1.1198059751565177 -0.1150485590914232 0.0
0.019941750242513434 0.13959225169759337 -0.04141748127291231 0.8743690490948155 -0.05062136600022615 1.1228739367322893 -0.11658253987930856 0.0
0.019941750242513434 0.08590292412159606 -0.04141748127291231 0.8682331259432727 -0.052155346788111956 1.133611802247489 -0.11658253987930856 0.0
0.019941750242513434 0.08590292412159606 -0.04141748127291231 0.8682331259432727 -0.052155346788111956 1.133611802247489 -0.11658253987930856 0.0
0.019941750242513434 0.01687378866674205 -0.04141748127291231 0.8636311835796158 -0.05062136600022615 1.1658253987930873 -0.11965050145508016 0.0
0.019941750242513434 -0.05062136600022615 -0.04141748127291231 0.8651651643675016 -0.04755340442445499 1.2149127840054277 -0.13192234775816525 0.0
0.019941750242513434 -0.05062136600022615 -0.04141748127291231 0.8651651643675016 -0.04755340442445499 1.2149127840054277 -0.13192234775816525 0.0
0.021475731030399015 -0.1135145783035374 -0.04141748127291231 0.8713010875190443 -0.04755340442445499 1.2686021115814254 -0.13959225169759337 0.0
0.021475731030399015 -0.1702718674553063 -0.04141748127291231 0.8743690490948155 -0.04601942363656919 1.3130875544301093 -0.15033011721279266 0.0
0.021475731030399015 -0.1702718674553063 -0.04141748127291231 0.8743690490948155 -0.04601942363656919 1.3130875544301093 -0.15033011721279266 0.0
0.019941750242513434 -0.21782527187976086 -0.04141748127291231 0.8774370106705867 -0.04601942363656919 1.349903093339364 -0.15493205957644962 0.0
0.021475731030399015 -0.25770877236478773 -0.04141748127291231 0.8774370106705867 -0.04601942363656919 1.37598076673342 -0.15493205957644962 0.0
0.021475731030399015 -0.25770877236478773 -0.04141748127291231 0.8774370106705867 -0.04601942363656919 1.37598076673342 -0.15493205957644962 0.0
0.024543692606170175 -0.3037281960013569 -0.04141748127291231 0.8774370106705867 -0.04601942363656919 1.4005244593395902 -0.15493205957644962 0.0
0.02914563496982714 -0.34514567727426915 -0.04141748127291231 0.8789709914584725 -0.04601942363656919 1.4250681519457604 -0.15493205957644962 0.0
0.02914563496982714 -0.38196121618352485 -0.039883500485026674 0.8820389530342436 -0.04601942363656919 1.4557477677034738 -0.15493205957644962 0.0
0.02914563496982714 -0.38196121618352485 -0.039883500485026674 0.8820389530342436 -0.04601942363656919 1.4557477677034738 -0.15493205957644962 0.0
0.03221359654559852 -0.4172427743048943 -0.039883500485026674 0.8927768185494434 -0.04601942363656919 1.4910293258248428 -0.15646604036433542 0.0
0.038349519697141066 -0.44792239006260726 -0.039883500485026674 0.9065826456404138 -0.044485442848683394 1.524776903158327 -0.15646604036433542 0.0
0.038349519697141066 -0.44792239006260726 -0.039883500485026674 0.9065826456404138 -0.044485442848683394 1.524776903158327 -0.15646604036433542 0.0
0.038349519697141066 -0.4878058905476337 -0.039883500485026674 0.9173205111556135 -0.044485442848683394 1.5569904997039261 -0.15646604036433542 0.0
0.038349519697141066 -0.5123495831538043 -0.039883500485026674 0.9188544919434989 -0.04295146206079803 1.5800002115222105 -0.15646604036433542 0.0
0.038349519697141066 -0.5123495831538043 -0.039883500485026674 0.9188544919434989 -0.04295146206079803 1.5800002115222105 -0.15646604036433542 0.0
0.038349519697141066 -0.5399612373357456 -0.03834951969714103 0.9188544919434989 -0.04295146206079803 1.6030099233404949 -0.15646604036433542 0.0
0.038349519697141066 -0.5675728915176874 -0.03681553890925539 0.9188544919434989 -0.04141748127291223 1.6229516735830085 -0.15646604036433542 0.0
0.038349519697141066 -0.5951845456996288 -0.035281558121369745 0.9173205111556135 -0.038349519697141066 1.6398254622497506 -0.15800002115222123 0.0
0.038349519697141066 -0.5951845456996288 -0.035281558121369745 0.9173205111556135 -0.038349519697141066 1.6398254622497506 -0.15800002115222123 0.0
0.038349519697141066 -0.6212622190936847 -0.035281558121369745 0.9081166264282996 -0.02914563496982714 1.6551652701286068 -0.15953400194010658 0.0
0.038349519697141066 -0.6427379501240837 -0.035281558121369745 0.8958447801252145 -0.023009711818284817 1.6735730395832347 -0.16260196351587775 0.0
0.038349519697141066 -0.6427379501240837 -0.035281558121369745 0.8958447801252145 -0.023009711818284817 1.6735730395832347 -0.16260196351587775 0.0
0.038349519697141066 -0.662679700366597 -0.03834951969714103 0.8805049722463578 -0.023009711818284817 1.7011846937651764 -0.16260196351587775 0.0
0.038349519697141066 -0.679553489033339 -0.039883500485026674 0.8666991451553874 -0.023009711818284817 1.7241944055834608 -0.1672039058795347 0.0
0.038349519697141066 -0.679553489033339 -0.039883500485026674 0.8666991451553874 -0.023009711818284817 1.7241944055834608 -0.1672039058795347 0.0
0.038349519697141066 -0.6933593161243099 -0.04141748127291231 0.8590292412159592 -0.023009711818284817 1.7426021750380887 -0.1702718674553063 0.0
0.038349519697141066 -0.7071651432152808 -0.04141748127291231 0.8513593372765307 -0.023009711818284817 1.7533400405532875 -0.1702718674553063 0.0
0.038349519697141066 -0.7209709703062512 -0.04141748127291231 0.8421554525492172 -0.023009711818284817 1.7640779060684872 -0.1687378866674205 0.0
0.038349519697141066 -0.7209709703062512 -0.04141748127291231 0.8421554525492172 -0.023009711818284817 1.7640779060684872 -0.1687378866674205 0.0
0.036815538909255485 -0.7332428166093363 -0.04141748127291231 0.8314175870340175 -0.023009711818284817 1.7732817907958012 -0.1672039058795347 0.0
0.036815538909255485 -0.748582624488193 -0.04295146206079795 0.8160777791551612 -0.023009711818284817 1.7809516947352293 -0.1672039058795347 0.0
0.036815538909255485 -0.748582624488193 -0.04295146206079795 0.8160777791551612 -0.023009711818284817 1.7809516947352293 -0.1672039058795347 0.0
0.038349519697141066 -0.7593204900033923 -0.04295146206079795 0.7961360289126476 -0.024543692606170175 1.782485675523115 -0.1672039058795347 0.0
0.036815538909255485 -0.7669903939428204 -0.044485442848683596 0.7838641826095625 -0.024543692606170175 1.782485675523115 -0.1687378866674205 0.0
0.036815538909255485 -0.7669903939428204 -0.044485442848683596 0.7838641826095625 -0.024543692606170175 1.782485675523115 -0.1687378866674205 0.0
0.036815538909255485 -0.7669903939428204 -0.044485442848683596 0.7807962210337913 -0.024543692606170175 1.782485675523115 -0.1702718674553063 0.0
0.036815538909255485 -0.7654564131549351 -0.044485442848683596 0.7792622402459055 -0.024543692606170175 1.782485675523115 -0.1672039058795347 0.0
0.036815538909255485 -0.7608544707912781 -0.044485442848683596 0.7761942786701344 -0.024543692606170175 1.7809516947352293 -0.1672039058795347 0.0
0.036815538909255485 -0.7577865092155069 -0.044485442848683596 0.7761942786701344 -0.024543692606170175 1.7794177139473435 -0.1687378866674205 0.0
0.036815538909255485 -0.7577865092155069 -0.044485442848683596 0.7761942786701344 -0.024543692606170175 1.7794177139473435 -0.1687378866674205 0.0
0.036815538909255485 -0.75318456685185 -0.044485442848683596 0.7715923363064774 -0.024543692606170175 1.7717478100079154 -0.1687378866674205 0.0
0.036815538909255485 -0.7455146629124215 -0.044485442848683596 0.7685243747307062 -0.024543692606170175 1.7671458676442588 -0.1687378866674205 0.0
0.036815538909255485 -0.7455146629124215 -0.044485442848683596 0.7685243747307062 -0.024543692606170175 1.7671458676442588 -0.1687378866674205 0.0
0.036815538909255485 -0.7347767973972221 -0.044485442848683596 0.7654564131549351 -0.024543692606170175 1.765611886856373 -0.1702718674553063 0.0
0.036815538909255485 -0.7255729126699082 -0.044485442848683596 0.7623884515791635 -0.024543692606170175 1.7625439252806014 -0.1702718674553063 0.0
0.036815538909255485 -0.7255729126699082 -0.044485442848683596 0.7623884515791635 -0.024543692606170175 1.7625439252806014 -0.1702718674553063 0.0
0.036815538909255485 -0.7179030087304801 -0.044485442848683596 0.7593204900033923 -0.024543692606170175 1.7564080021290591 -0.1702718674553063 0.0
0.036815538909255485 -0.7102331047910521 -0.044485442848683596 0.7516505860639642 -0.023009711818284817 1.7472041174017452 -0.1702718674553063 0.0
0.036815538909255485 -0.7102331047910521 -0.044485442848683596 0.7516505860639642 -0.023009711818284817 1.7472041174017452 -0.1702718674553063 0.0
0.036815538909255485 -0.6948932969121953 -0.044485442848683596 0.748582624488193 -0.023009711818284817 1.7349322710986606 -0.1702718674553063 0.0
0.036815538909255485 -0.6718835850939109 -0.044485442848683596 0.748582624488193 -0.023009711818284817 1.7180584824319185 -0.1702718674553063 0.0
0.036815538909255485 -0.6473398924877407 -0.044485442848683596 0.748582624488193 -0.023009711818284817 1.6996507129772906 -0.1687378866674205 0.0
0.036815538909255485 -0.6473398924877407 -0.044485442848683596 0.748582624488193 -0.023009711818284817 1.6996507129772906 -0.1687378866674205 0.0
0.036815538909255485 -0.6227961998815705 -0.044485442848683596 0.7516505860639642 -0.023009711818284817 1.6751070203711205 -0.1687378866674205 0.0
0.03528155812136968 -0.5921165841238576 -0.044485442848683596 0.75318456685185 -0.023009711818284817 1.6490293469770645 -0.16413594430376355 0.0
0.03528155812136968 -0.5921165841238576 -0.044485442848683596 0.75318456685185 -0.023009711818284817 1.6490293469770645 -0.16413594430376355 0.0
0.03528155812136968 -0.5614369683661447 -0.04295146206079795 0.7577865092155069 -0.023009711818284817 1.6260196351587792 -0.16260196351587775 0.0
0.03528155812136968 -0.5353592949720887 -0.04295146206079795 0.7577865092155069 -0.023009711818284817 1.6030099233404949 -0.15953400194010658 0.0
0.03528155812136968 -0.5353592949720887 -0.04295146206079795 0.7577865092155069 -0.023009711818284817 1.6030099233404949 -0.15953400194010658 0.0
0.03528155812136968 -0.5062136600022615 -0.04141748127291231 0.7608544707912781 -0.023009711818284817 1.5815341923100963 -0.15800002115222123 0.0
0.03528155812136968 -0.48013598660820556 -0.04141748127291231 0.7608544707912781 -0.023009711818284817 1.5569904997039261 -0.15800002115222123 0.0
0.03528155812136968 -0.4525243324262642 -0.04141748127291231 0.7639224323670493 -0.023009711818284817 1.5370487494614125 -0.15646604036433542 0.0
0.03528155812136968 -0.4525243324262642 -0.04141748127291231 0.7639224323670493 -0.023009711818284817 1.5370487494614125 -0.15646604036433542 0.0
0.0337475773334841 -0.4218447166685513 -0.04141748127291231 0.7669903939428204 -0.021475731030399015 1.5186409800067846 -0.15646604036433542 0.0
0.0337475773334841 -0.389631120122953 -0.04295146206079795 0.7715923363064774 -0.021475731030399015 1.5048351529158142 -0.15493205957644962 0.0
0.0337475773334841 -0.389631120122953 -0.04295146206079795 0.7715923363064774 -0.021475731030399015 1.5048351529158142 -0.15493205957644962 0.0
0.0337475773334841 -0.3620194659410112 -0.04141748127291231 0.7807962210337913 -0.021475731030399015 1.4940972874006144 -0.15493205957644962 0.0
0.0337475773334841 -0.33440781175906986 -0.04141748127291231 0.7946020481247622 -0.021475731030399015 1.4833594218854147 -0.15339807878856426 0.0
0.0337475773334841 -0.33440781175906986 -0.04141748127291231 0.7946020481247622 -0.021475731030399015 1.4833594218854147 -0.15339807878856426 0.0
0.0337475773334841 -0.3098641191528997 -0.04141748127291231 0.8084078752157331 -0.021475731030399015 1.4741555371581008 -0.15339807878856426 0.0
0.0337475773334841 -0.28992236891038603 -0.04141748127291231 0.8206797215188182 -0.021475731030399015 1.4664856332186726 -0.15339807878856426 0.0
0.0337475773334841 -0.28992236891038603 -0.04141748127291231 0.8206797215188182 -0.021475731030399015 1.4664856332186726 -0.15339807878856426 0.0
0.0337475773334841 -0.2699806186678728 -0.04141748127291231 0.8344855486097886 -0.021475731030399015 1.463417671642902 -0.1487961364249073 0.0
0.0337475773334841 -0.25617479157690193 -0.04141748127291231 0.8436894333371026 -0.019941750242513212 1.4618836908550161 -0.1487961364249073 0.0
0.0337475773334841 -0.23930100291015988 -0.04141748127291231 0.8513593372765307 -0.019941750242513212 1.454213786915588 -0.1487961364249073 0.0
0.0337475773334841 -0.23930100291015988 -0.04141748127291231 0.8513593372765307 -0.019941750242513212 1.454213786915588 -0.1487961364249073 0.0
0.0337475773334841 -0.2270291566070748 -0.04141748127291231 0.8574952604280734 -0.019941750242513212 1.4404079598246167 -0.1487961364249073 0.0
0.0337475773334841 -0.2147573103039897 -0.04141748127291231 0.8620972027917304 -0.021475731030399015 1.4296700943094178 -0.1487961364249073 0.0
0.0337475773334841 -0.2147573103039897 -0.04141748127291231 0.8620972027917304 -0.021475731030399015 1.4296700943094178 -0.1487961364249073 0.0
0.03221359654559852 -0.1963495408493623 -0.04141748127291231 0.8713010875190443 -0.021475731030399015 1.4173982480063323 -0.1487961364249073 0.0
0.0337475773334841 -0.1794757521826198 -0.04141748127291231 0.8805049722463578 -0.019941750242513212 1.41126232485479 -0.1472621556370215 0.0
0.0337475773334841 -0.1794757521826198 -0.04141748127291231 0.8805049722463578 -0.019941750242513212 1.41126232485479 -0.1472621556370215 0.0
0.0337475773334841 -0.1610679827279924 -0.04141748127291231 0.8897088569736717 -0.019941750242513212 1.4066603824911326 -0.1487961364249073 0.0
0.0337475773334841 -0.14266021327336453 -0.04141748127291231 0.8943107993373287 -0.019941750242513212 1.3989904785517044 -0.1472621556370215 0.0
0.03221359654559852 -0.13038836697027945 -0.04141748127291231 0.8943107993373287 -0.021475731030399015 1.3913205746122763 -0.1487961364249073 0.0
0.03221359654559852 -0.13038836697027945 -0.04141748127291231 0.8943107993373287 -0.021475731030399015 1.3913205746122763 -0.1487961364249073 0.0
0.03067961575771272 -0.12425244381873712 -0.04141748127291231 0.8958447801252145 -0.021475731030399015 1.3836506706728482 -0.1487961364249073 0.0
0.02761165418194156 -0.10737865515199507 -0.04141748127291231 0.8958447801252145 -0.021475731030399015 1.3729128051576485 -0.1487961364249073 0.0
0.02761165418194156 -0.10737865515199507 -0.04141748127291231 0.8958447801252145 -0.021475731030399015 1.3729128051576485 -0.1487961364249073 0.0
0.02761165418194156 -0.09510680884890954 -0.04141748127291231 0.8958447801252145 -0.021475731030399015 1.3667768820061061 -0.1487961364249073 0.0
0.02761165418194156 -0.0813009817579391 -0.04141748127291231 0.8958447801252145 -0.021475731030399015 1.3652429012182203 -0.1487961364249073 0.0
0.02761165418194156 -0.0813009817579391 -0.04141748127291231 0.8958447801252145 -0.021475731030399015 1.3652429012182203 -0.1487961364249073 0.0
0.02914563496982714 -0.07056311624273937 -0.04141748127291231 0.8958447801252145 -0.021475731030399015 1.3637089204303354 -0.1487961364249073 0.0
0.02914563496982714 -0.05522330836388312 -0.04141748127291231 0.8958447801252145 -0.021475731030399015 1.3621749396424496 -0.1487961364249073 0.0
0.03067961575771272 -0.044485442848683394 -0.04141748127291231 0.8958447801252145 -0.021475731030399015 1.3575729972787922 -0.1487961364249073 0.0
0.03067961575771272 -0.044485442848683394 -0.04141748127291231 0.8958447801252145 -0.021475731030399015 1.3575729972787922 -0.1487961364249073 0.0
0.03067961575771272 -0.0322135965455983 -0.04141748127291231 0.8958447801252145 -0.021475731030399015 1.3468351317635934 -0.1487961364249073 0.0
0.03221359654559852 -0.021475731030399015 -0.04141748127291231 0.8958447801252145 -0.023009711818284817 1.342233189399936 -0.1487961364249073 0.0
0.03221359654559852 -0.021475731030399015 -0.04141748127291231 0.8958447801252145 -0.023009711818284817 1.342233189399936 -0.1487961364249073 0.0
0.03221359654559852 -0.015339807878856249 -0.04141748127291231 0.8958447801252145 -0.021475731030399015 1.3376312470362794 -0.1487961364249073 0.0
0.03221359654559852 -0.009203884727313927 -0.04141748127291231 0.8958447801252145 -0.023009711818284817 1.3360972662483936 -0.1487961364249073 0.0
0.03221359654559852 -0.009203884727313927 -0.04141748127291231 0.8958447801252145 -0.023009711818284817 1.3360972662483936 -0.1487961364249073 0.0
0.03221359654559852 -0.006135923151542766 -0.04141748127291231 0.8958447801252145 -0.023009711818284817 1.3360972662483936 -0.1487961364249073 0.0
0.03221359654559852 -0.004601942363656963 -0.04141748127291231 0.8958447801252145 -0.023009711818284817 1.3360972662483936 -0.1487961364249073 0.0
0.03221359654559852 -0.004601942363656963 -0.04141748127291231 0.8958447801252145 -0.023009711818284817 1.3360972662483936 -0.1487961364249073 0.0
0.0337475773334841 -0.006135923151542766 -0.04141748127291231 0.8958447801252145 -0.023009711818284817 1.3376312470362794 -0.1487961364249073 0.0
0.0337475773334841 -0.010737865515199285 -0.04141748127291231 0.8958447801252145 -0.021475731030399015 1.3391652278241644 -0.1487961364249073 0.0
0.0337475773334841 -0.023009711818284817 -0.04141748127291231 0.8958447801252145 -0.019941750242513212 1.342233189399936 -0.1487961364249073 0.0
0.0337475773334841 -0.023009711818284817 -0.04141748127291231 0.8958447801252145 -0.019941750242513212 1.342233189399936 -0.1487961364249073 0.0
