0.5 0.5 0.5 1.0 0.5 0.5 0.5 1.0 0.49999994 0.04761905
0.49858546 0.4941337 0.500402 0.99999845 0.49970517 0.49878561 0.5002958 0.99999976 0.50040126 0.04761905
0.49553096 0.48106438 0.49233323 0.9999194 0.5020715 0.49126354 0.4979894 0.99998367 0.5035005 0.04761905
0.4930382 0.46768966 0.47495624 0.99952006 0.5068755 0.47920564 0.49345738 0.9998913 0.5081199 0.04761905
0.4893296 0.4536096 0.45289886 0.9986628 0.51129746 0.46524715 0.48955065 0.99973404 0.512518 0.04761905
0.48510423 0.44288337 0.43568116 0.9976703 0.5156103 0.45438635 0.48575446 0.9995555 0.5155354 0.04761905
0.48184428 0.4355251 0.42156902 0.99682695 0.51879746 0.44699392 0.48299307 0.9993973 0.5176942 0.04761905
0.4805459 0.42958832 0.4123186 0.9961554 0.5196177 0.44130585 0.4825055 0.99933213 0.5190094 0.04761905
0.47857893 0.42624047 0.4064492 0.99575937 0.5202607 0.4382577 0.48211563 0.99927026 0.5202326 0.04761905
0.476668 0.4232359 0.40260804 0.9955518 0.5203046 0.43662703 0.48219615 0.9992523 0.5207406 0.04761905
0.47526744 0.42051673 0.39990544 0.99541056 0.5203842 0.4355575 0.48219866 0.9992387 0.5210668 0.04761905
0.47442517 0.41971478 0.3982362 0.9953092 0.52047604 0.43481135 0.4821501 0.99923193 0.52118576 0.04761905
0.4736683 0.41923702 0.39677954 0.9952166 0.52064645 0.43416503 0.4820298 0.99921906 0.5213865 0.04761905
0.47332782 0.41876376 0.39616275 0.9951832 0.5206996 0.43393096 0.48199794 0.9992139 0.52148104 0.04761905
0.47293097 0.41834018 0.39542204 0.99513817 0.5208291 0.4336345 0.48190364 0.99920255 0.5216641 0.04761905
0.47248036 0.41836277 0.39496052 0.99510014 0.5209713 0.43339628 0.48178282 0.9991939 0.5217618 0.04761905
0.47209165 0.41859525 0.3956968 0.9951097 0.5210729 0.43349957 0.48169595 0.99918437 0.5219064 0.04761905
0.47200477 0.41938818 0.39625606 0.9951152 0.5213577 0.43363148 0.48142564 0.9991673 0.5220679 0.04761905
0.4717992 0.41899797 0.39633742 0.9951224 0.5211185 0.4336083 0.48164868 0.99918175 0.52192783 0.04761905
0.47156683 0.41894874 0.396718 0.9951384 0.5209084 0.43366122 0.48186868 0.9991864 0.5220035 0.04761905
0.47130686 0.41907793 0.39658773 0.99512815 0.52084327 0.43356472 0.48194528 0.9991869 0.52205586 0.04761905
0.46949506 0.41901097 0.39362094 0.9949856 0.5206571 0.43245354 0.4821575 0.9992007 0.52191484 0.04761905
0.46772942 0.41911393 0.39072916 0.9948727 0.52045465 0.43157053 0.4823867 0.9992119 0.52184546 0.04761905
0.46565798 0.41874006 0.38757443 0.99473983 0.5200264 0.4304914 0.4828481 0.999232 0.5217541 0.04761905
0.46373516 0.418407 0.3858495 0.994689 0.5197421 0.43004933 0.48314524 0.9992443 0.5217045 0.04761905
0.46041024 0.4180209 0.38546324 0.9946712 0.5195133 0.42986023 0.48333186 0.999266 0.5213444 0.04761905
0.45837688 0.41775516 0.38573673 0.99467963 0.519424 0.42989463 0.48339656 0.9992754 0.5211761 0.04761905
0.45595375 0.41752276 0.3865892 0.99470556 0.51936567 0.43006155 0.48342738 0.99928284 0.5210238 0.04761905
0.45281473 0.41720545 0.38678247 0.9947027 0.51939565 0.43004984 0.48337942 0.99928653 0.52089673 0.04761905
0.4488874 0.4167161 0.38865346 0.99480057 0.5194055 0.43074787 0.4833289 0.99928916 0.5207947 0.04761905
0.44458988 0.41562727 0.39252377 0.99506617 0.51920676 0.43261603 0.483449 0.9992963 0.5207178 0.04761905
0.43954945 0.41522816 0.39624926 0.995274 0.51917654 0.43415225 0.4834036 0.9993006 0.5205792 0.04761905
0.4345733 0.41504192 0.39897037 0.9954381 0.51910454 0.4353772 0.48338497 0.9993141 0.52023214 0.04761905
0.43072206 0.41480204 0.40223515 0.995614 0.5190454 0.43672255 0.4833698 0.9993217 0.520033 0.04761905
0.4248937 0.41417947 0.40820977 0.99581295 0.51911724 0.43832314 0.48322386 0.9993218 0.5199075 0.04761905
0.4171269 0.41348878 0.4166783 0.9961033 0.519142 0.44071183 0.48306352 0.99933255 0.51949745 0.04761905
0.41060066 0.41292027 0.42363068 0.996269 0.51894265 0.4420494 0.4831824 0.9993479 0.5192049 0.04761905
0.39958876 0.41224095 0.4307805 0.9963323 0.51876134 0.4425345 0.48332304 0.9993608 0.5189915 0.04761905
0.39158067 0.41184604 0.43439913 0.996304 0.5187281 0.4422798 0.48331693 0.99937606 0.5185809 0.04761905
0.38256693 0.41168422 0.4389698 0.9962817 0.5188213 0.44211853 0.48316765 0.99939 0.518064 0.04761905
0.37298253 0.41157714 0.4431538 0.99624056 0.5190884 0.44185397 0.48283672 0.99939996 0.5174668 0.04761905
0.36473852 0.41158345 0.4438485 0.99608994 0.51946706 0.44070593 0.48247072 0.99939317 0.5172971 0.04761905
0.35655698 0.4116597 0.44076592 0.9957823 0.51990557 0.43832618 0.4820841 0.9993843 0.51715684 0.04761905
0.3505531 0.41095704 0.43887112 0.9955703 0.5199805 0.43666846 0.48202372 0.99939126 0.51688844 0.04761905
0.34538847 0.41067085 0.4359464 0.9953668 0.5199659 0.4350914 0.48204374 0.9994024 0.5165785 0.04761905
0.340938 0.41050872 0.43341103 0.9952098 0.51993823 0.4338965 0.4820622 0.9994137 0.51625377 0.04761905
0.33765432 0.4102767 0.43119147 0.99504554 0.52013636 0.43273616 0.48183662 0.99941915 0.51583 0.04761905
0.3340966 0.41003293 0.42784196 0.9948852 0.52052814 0.4316827 0.48141423 0.9994161 0.5154318 0.04761905
0.32891414 0.41043252 0.4245009 0.99480337 0.52128595 0.43132293 0.48065078 0.9993888 0.51537496 0.04761905
0.32366127 0.41013777 0.4227886 0.9949564 0.5216528 0.43255097 0.48024982 0.99937296 0.51537997 0.04761905
0.31940934 0.41664425 0.41816294 0.9951695 0.5231041 0.43462935 0.47867996 0.99932057 0.51498073 0.04761905
0.31636629 0.43007416 0.4220461 0.9963765 0.5213314 0.44382784 0.47984844 0.99945915 0.51159686 0.04761905
0.313287 0.4435376 0.4354629 0.9978672 0.5174638 0.45730102 0.48304167 0.99966836 0.50663036 0.04761905
0.30848506 0.45752165 0.44995502 0.99897563 0.51336724 0.4709367 0.4867365 0.99981934 0.50216895 0.04761905
0.30624792 0.4684526 0.4607868 0.9995364 0.5094787 0.48067346 0.490483 0.9999088 0.49919257 0.04761905
0.30132204 0.47605237 0.46683985 0.99977386 0.50674415 0.48656064 0.49317414 0.9999447 0.49704802 0.04761905
0.29482013 0.4821698 0.4681513 0.9998654 0.5062955 0.4902582 0.49362144 0.9999416 0.49578807 0.04761905
0.2887571 0.48554975 0.46593204 0.99988484 0.5061945 0.49123684 0.49370933 0.9999307 0.49454606 0.04761905
0.28455153 0.48854265 0.4628253 0.99987006 0.5064653 0.49061504 0.49342102 0.9999205 0.4939793 0.04761905
0.277383 0.49114722 0.45731586 0.99984866 0.5065656 0.4895983 0.49330014 0.999914 0.49358734 0.04761905
0.2705886 0.49169964 0.4531626 0.99985987 0.50667346 0.49022424 0.49319857 0.9999114 0.49349263 0.04761905
0.26181558 0.4920168 0.4472475 0.9998766 0.5067061 0.49114594 0.49317154 0.99990594 0.49311554 0.04761905
0.25410265 0.49229845 0.4404015 0.9998678 0.5068159 0.49074328 0.49305245 0.99990153 0.49291742 0.04761905
0.24646671 0.49255997 0.4332368 0.9998546 0.5068699 0.49009243 0.4929829 0.99989605 0.4926017 0.04761905
0.24027893 0.49241948 0.4258222 0.9998168 0.5068702 0.4883396 0.4929502 0.9998917 0.49234536 0.04761905
0.23454416 0.49207714 0.4174818 0.9997598 0.5069034 0.48612696 0.49287373 0.9998858 0.49203485 0.04761905
0.22820461 0.49114856 0.40905297 0.9996965 0.5067491 0.48394054 0.4929821 0.9998821 0.4917146 0.04761905
0.22119975 0.491277 0.39961603 0.99961686 0.5072979 0.48184082 0.49239776 0.99987376 0.49172908 0.04761905
0.21408132 0.49110577 0.3902555 0.9995378 0.50788933 0.48000634 0.4917681 0.9998611 0.4915692 0.04761905
0.20921434 0.49042553 0.3832297 0.9994874 0.50804853 0.4788453 0.49157956 0.99985445 0.4913591 0.04761905
0.20619719 0.49011624 0.37920412 0.99947655 0.5082108 0.47865188 0.4914154 0.9998523 0.491398 0.04761905
0.20038015 0.4887535 0.37306806 0.999454 0.5084885 0.47823715 0.4911233 0.9998445 0.49124217 0.04761905
0.19421402 0.48873502 0.36605567 0.9993969 0.5092102 0.47724265 0.4903836 0.9998312 0.49126282 0.04761905
0.19083212 0.48864946 0.36269626 0.99936384 0.50984645 0.47678787 0.48973966 0.9998188 0.49128965 0.04761905
0.18722887 0.48845172 0.35453826 0.99923086 0.5106056 0.47438553 0.488948 0.99980617 0.49153647 0.04761905
0.18310502 0.4882843 0.34625423 0.9990746 0.5110899 0.47168833 0.48841643 0.99979484 0.4915796 0.04761905
0.18067631 0.4886644 0.339765 0.9989822 0.511504 0.4702608 0.48798302 0.99978673 0.49170402 0.04761905
0.17648745 0.4891026 0.33161598 0.99896514 0.51198846 0.47016674 0.4875061 0.9997778 0.49187285 0.04761905
0.17525735 0.4894565 0.324291 0.9989648 0.512274 0.47027582 0.48723 0.999773 0.49200815 0.04761905
0.17432816 0.4906417 0.3142768 0.99885267 0.5126282 0.4685907 0.48684952 0.99976414 0.4920709 0.04761905
0.17282504 0.4909349 0.30323532 0.99871475 0.51286393 0.46656173 0.4865837 0.99975854 0.49216363 0.04761905
0.16940843 0.49085215 0.29202256 0.9985645 0.51310843 0.46448094 0.48632342 0.9997561 0.4924647 0.04761905
0.16551542 0.4908532 0.27990845 0.99833673 0.51330996 0.4614858 0.48607847 0.999751 0.49257526 0.04761905
0.16417626 0.4911638 0.2663498 0.99821645 0.5134557 0.46000847 0.4859291 0.99975085 0.49285185 0.04761905
0.16380335 0.49136344 0.24907582 0.9980151 0.5137724 0.45767638 0.48561594 0.99974906 0.49336728 0.04761905
0.1640598 0.49158728 0.2356262 0.997912 0.5142955 0.45664915 0.48510808 0.99973917 0.4937522 0.04761905
0.16760911 0.49215677 0.2201502 0.9978398 0.5146459 0.45594296 0.48476833 0.999732 0.49400958 0.04761905
0.16895178 0.49271303 0.20898812 0.99781287 0.51496345 0.45574564 0.48449352 0.99972963 0.49454 0.04761905
0.17058368 0.49302635 0.19538485 0.99769497 0.515108 0.45448643 0.48438144 0.9997319 0.49509284 0.04761905
0.17296687 0.49286303 0.1825327 0.9976712 0.51491684 0.45416474 0.4846219 0.99974465 0.4956664 0.04761905
0.1728231 0.49372134 0.17189126 0.99771905 0.5150482 0.45473108 0.48452473 0.9997443 0.49597773 0.04761905
0.17561562 0.49431986 0.16819172 0.9978374 0.51495475 0.45602012 0.48465368 0.99975014 0.49621785 0.04761905
0.17494555 0.4949489 0.16291812 0.99793744 0.5149846 0.4571779 0.4846668 0.9997531 0.49658206 0.04761905
0.17342518 0.4955124 0.15989284 0.998036 0.5152334 0.45843044 0.4844637 0.99974954 0.49699867 0.04761905
0.17086539 0.49636173 0.1569676 0.9980774 0.51561874 0.45907408 0.48412287 0.99974155 0.4974903 0.04761905
0.16611937 0.49734166 0.15264973 0.99803764 0.5158353 0.4586751 0.48394918 0.9997385 0.49805436 0.04761905
0.16246516 0.49794963 0.15194833 0.9980689 0.5157377 0.4590163 0.4840932 0.9997449 0.49858826 0.04761905
0.16109343 0.49732348 0.15241998 0.99804854 0.5151282 0.45854166 0.48470652 0.9997642 0.4986402 0.04761905
0.15739243 0.49777168 0.14953129 0.9978293 0.5150571 0.4559632 0.48476467 0.999766 0.49864712 0.04761905
0.1522588 0.4972388 0.14963928 0.99771774 0.51415956 0.45443034 0.48564968 0.999792 0.49856094 0.04761905
0.1505921 0.4965632 0.14964561 0.99755585 0.5136197 0.45253748 0.48618084 0.9998069 0.49855512 0.04761905
0.14671858 0.49611852 0.14842048 0.99739075 0.5129313 0.45065242 0.48686263 0.9998253 0.49856094 0.04761905
0.1443642 0.4961903 0.14907353 0.9973439 0.5132265 0.45025954 0.4865769 0.9998181 0.49869248 0.04761905
0.13511866 0.4955925 0.14851342 0.9973803 0.51320404 0.450619 0.48661587 0.9998195 0.4988381 0.04761905
0.13333197 0.49507025 0.15069135 0.9973735 0.5132047 0.4505509 0.4866245 0.99981993 0.49893537 0.04761905
0.1291167 0.49439666 0.15181701 0.9973632 0.5133083 0.4504753 0.48652837 0.9998175 0.4990193 0.04761905
0.12607287 0.4942612 0.1553525 0.997452 0.51329607 0.45137185 0.4865589 0.99981856 0.49916333 0.04761905
0.11914391 0.4951116 0.15333782 0.99742734 0.5137672 0.4512502 0.48610458 0.99980646 0.49936336 0.04761905
0.11710655 0.49565035 0.15434559 0.9974561 0.5140738 0.45163286 0.4858132 0.9997985 0.49951938 0.04761905
0.115307756 0.4961819 0.15216361 0.9973371 0.51424134 0.4504726 0.48564145 0.9997935 0.49952933 0.04761905
0.11358682 0.49774563 0.14839068 0.9972132 0.5148095 0.44940624 0.48509708 0.9997778 0.4998329 0.04761905
0.11444021 0.4990652 0.14865868 0.99720585 0.51520383 0.44945103 0.48472112 0.99976647 0.5000321 0.04761905
0.11518553 0.5015877 0.15027444 0.9971694 0.5159766 0.44933116 0.48397595 0.99974304 0.5003459 0.04761905
0.11144582 0.5052528 0.14930765 0.9970921 0.51725024 0.4489913 0.4827368 0.9997013 0.500756 0.04761905
0.10501824 0.5089729 0.14704026 0.99701774 0.518619 0.44874826 0.4814059 0.99965274 0.5011987 0.04761905
0.100934096 0.51324767 0.14925393 0.9970381 0.5200974 0.4495107 0.47997528 0.9995959 0.5017337 0.04761905
0.09571064 0.51766187 0.1513971 0.9970565 0.5214513 0.45025355 0.47866797 0.9995396 0.5022628 0.04761905
0.09369388 0.5216547 0.15433647 0.997028 0.522526 0.45044458 0.47762913 0.9994921 0.50267637 0.04761905
0.08380808 0.5288444 0.15052706 0.99673414 0.5249131 0.4486722 0.4753076 0.9993782 0.50341886 0.04761905
0.0775367 0.5340504 0.15116066 0.9965668 0.5266961 0.44795442 0.47358036 0.9992852 0.5040319 0.04761905
0.07493138 0.5410733 0.15308887 0.9963621 0.5286121 0.44702774 0.4717398 0.99917746 0.5048181 0.04761905
0.07468473 0.5462493 0.15585288 0.9962352 0.5299581 0.4465853 0.47044533 0.99909705 0.5053533 0.04761905
0.071807615 0.5508131 0.15798032 0.99616444 0.531098 0.4465792 0.46934962 0.9990257 0.505823 0.04761905
0.069234446 0.55564845 0.16329832 0.9962129 0.53211844 0.44764388 0.4683805 0.998958 0.5064125 0.04761905
0.069572106 0.55845743 0.17093818 0.9963947 0.53259176 0.4497 0.46793526 0.9989239 0.5068395 0.04761905
0.06735172 0.5608701 0.17286341 0.99632794 0.53319466 0.44943622 0.46736154 0.99888253 0.5071365 0.04761905
0.06592292 0.5628003 0.17453852 0.9960954 0.53351915 0.44740933 0.4670654 0.9988611 0.5072766 0.04761905
0.06598923 0.5644671 0.17463297 0.9958265 0.5337788 0.44509038 0.46682602 0.9988446 0.50731796 0.04761905
0.06297674 0.5659637 0.17484911 0.99556005 0.53424704 0.44301423 0.4663843 0.99881315 0.50744545 0.04761905
0.05745236 0.56706095 0.1722164 0.99519414 0.5345716 0.44010377 0.46609142 0.99879164 0.5075581 0.04761905
0.05127281 0.5670345 0.17004862 0.99489105 0.53487974 0.43782052 0.46580413 0.9987711 0.50761956 0.04761905
0.044958927 0.5671058 0.16401748 0.99447143 0.53519154 0.43473446 0.46551841 0.9987504 0.507686 0.04761905
0.0421289 0.5673383 0.1613948 0.9941813 0.5352668 0.4326119 0.4654254 0.9987473 0.50746596 0.04761905
0.03938649 0.5666724 0.15881981 0.99393094 0.5349601 0.43064559 0.46572858 0.99877 0.5073436 0.04761905
0.03840819 0.56604016 0.15700828 0.9937229 0.53460413 0.42900544 0.4660808 0.9987957 0.50723577 0.04761905
0.036827065 0.5643634 0.15670489 0.9935389 0.53415364 0.42752326 0.46653643 0.9988271 0.50719136 0.04761905
0.03722176 0.5631788 0.15864052 0.99344814 0.5336812 0.42668915 0.4669943 0.9988599 0.50703317 0.04761905
0.031621717 0.5612804 0.15986729 0.9933702 0.5333012 0.42599404 0.46739015 0.99888504 0.5070905 0.04761905
0.029863603 0.55870706 0.16019176 0.99320865 0.5324436 0.4245504 0.4682193 0.9989426 0.506799 0.04761905
0.029088333 0.5525971 0.16303207 0.9930762 0.5313746 0.42324388 0.46915844 0.9990136 0.50585115 0.04761905
0.025861561 0.5457027 0.16345735 0.9929708 0.53051907 0.42222878 0.4698995 0.99906766 0.5050458 0.04761905
0.02470877 0.54244924 0.16104355 0.992615 0.5298867 0.41976762 0.4704432 0.9991058 0.5044436 0.04761905
0.022865944 0.5375495 0.15830532 0.992277 0.5291219 0.41744536 0.47110772 0.99915016 0.5037936 0.04761905
0.023599453 0.5328103 0.1564303 0.9920356 0.52853733 0.4158185 0.4715581 0.9991815 0.5029804 0.04761905
0.025481768 0.5291522 0.15761286 0.9920175 0.5282126 0.4156031 0.47177893 0.99919736 0.5023509 0.04761905
0.029456802 0.5267158 0.15772812 0.99195313 0.52821517 0.41522953 0.4716747 0.9991939 0.50177103 0.04761905
0.032127574 0.5247267 0.1550636 0.9918294 0.52831376 0.41454747 0.47147995 0.99918437 0.5012497 0.04761905
0.03756251 0.52261084 0.15463392 0.9918506 0.5285082 0.41473427 0.47119996 0.9991693 0.50076354 0.04761905
0.04496839 0.5201203 0.15469283 0.99185497 0.52860767 0.41479263 0.4710403 0.99916047 0.5004207 0.04761905
0.044692196 0.516816 0.15457734 0.9917416 0.5285956 0.41413677 0.47098088 0.9991572 0.50004417 0.04761905
0.040161572 0.51271915 0.1533562 0.99157995 0.52837634 0.41314417 0.47112265 0.9991653 0.4996425 0.04761905
0.03959585 0.5100177 0.15451983 0.99151427 0.5281054 0.41268554 0.47134116 0.9991776 0.4993514 0.04761905
0.047997348 0.5096633 0.15770607 0.9915822 0.52796686 0.41302434 0.47147518 0.9991852 0.4992913 0.04761905
0.04761439 0.5083705 0.16146216 0.99179137 0.5276701 0.41411835 0.47180945 0.9992043 0.49940798 0.04761905
0.052572824 0.50826424 0.1680649 0.992157 0.5273957 0.416149 0.4721349 0.99922276 0.49955353 0.04761905
0.056997947 0.50797296 0.16890898 0.9921357 0.5269389 0.4158766 0.47255325 0.99924564 0.499306 0.04761905
0.06449532 0.5064892 0.1770781 0.99241865 0.52637887 0.41736808 0.47310275 0.9992752 0.49909976 0.04761905
0.0700647 0.5056666 0.18250684 0.99251413 0.5260659 0.41783917 0.4733978 0.9992907 0.49893484 0.04761905
0.075956546 0.5044681 0.1897585 0.99264085 0.5256691 0.41847664 0.47378698 0.999311 0.49881333 0.04761905
0.08294705 0.5019247 0.19793697 0.9926101 0.5247907 0.4180202 0.47462854 0.99935377 0.4985493 0.04761905
0.086547025 0.49966943 0.20602654 0.99261904 0.52419716 0.41789627 0.475205 0.99938226 0.49840608 0.04761905
0.091251396 0.4964317 0.21388459 0.992844 0.5231601 0.4189543 0.47621807 0.9994305 0.49810067 0.04761905
0.099728815 0.49194214 0.2257141 0.99334073 0.5216779 0.4216098 0.4776901 0.9994968 0.49772486 0.04761905
0.11137538 0.48767865 0.23656721 0.9937641 0.5201901 0.423912 0.47915587 0.999558 0.49729308 0.04761905
0.12166161 0.48313072 0.24213175 0.99404615 0.51835686 0.42529097 0.4809401 0.9996258 0.49672192 0.04761905
0.13444814 0.47846115 0.24862397 0.99431235 0.5165435 0.42664042 0.48270056 0.9996855 0.49611813 0.04761905
0.14401183 0.4742198 0.25490555 0.9946079 0.51494837 0.4283092 0.4842657 0.99973345 0.49564654 0.04761905
0.15896003 0.46671796 0.26629686 0.99510825 0.5122259 0.43130958 0.48694646 0.99980325 0.49487045 0.04761905
0.16964018 0.46189806 0.27269906 0.99541086 0.5103069 0.43320298 0.48883715 0.99984324 0.4943355 0.04761905
0.17949487 0.4560523 0.27989748 0.99572736 0.50820976 0.4352931 0.49090365 0.999878 0.49373454 0.04761905
0.18630418 0.45211902 0.2856572 0.99595755 0.50657386 0.4368899 0.49252605 0.99989974 0.4933369 0.04761905
0.19333713 0.4484283 0.28612098 0.9960123 0.5048899 0.43716747 0.49416113 0.9999142 0.4928122 0.04761905
0.20150083 0.4440186 0.2881832 0.9961398 0.5029493 0.43805984 0.49606022 0.99992436 0.49224645 0.04761905
0.20637877 0.44198617 0.28777015 0.9961621 0.501588 0.43818882 0.4973919 0.99992776 0.49190843 0.04761905
0.21251994 0.43933928 0.29051885 0.9962725 0.50035775 0.43906167 0.49860576 0.99992716 0.49158028 0.04761905
0.22117123 0.43764433 0.29625136 0.9964856 0.499454 0.44082463 0.4995265 0.9999261 0.49141437 0.04761905
0.22640723 0.43634444 0.30098704 0.99668324 0.49882764 0.44251636 0.5001786 0.99992514 0.49134725 0.04761905
0.23470068 0.43474007 0.30620477 0.99688035 0.49812022 0.444265 0.5009048 0.9999218 0.49120522 0.04761905
0.24645373 0.43367162 0.3171058 0.9972412 0.49753484 0.4476062 0.50155485 0.9999207 0.49123502 0.04761905
0.26069087 0.43390286 0.327795 0.997538 0.496967 0.45053536 0.50218356 0.9999197 0.4913099 0.04761905
0.27366832 0.43389916 0.34529433 0.99797285 0.49645033 0.4551619 0.50280464 0.9999211 0.49157122 0.04761905
0.2838686 0.43420008 0.3545627 0.9981301 0.4960133 0.45698243 0.5032788 0.9999193 0.49163705 0.04761905
0.2953296 0.43578175 0.36497295 0.9982764 0.49578953 0.45873383 0.50353014 0.99991727 0.49161753 0.046428572
0.30324423 0.43705913 0.37317625 0.9983897 0.49582925 0.460121 0.5035236 0.99991953 0.49175206 0.04761905
0.31393862 0.4395938 0.38441986 0.9985797 0.49609312 0.462543 0.5033281 0.9999274 0.49215564 0.04761905
0.32255557 0.44114053 0.39420116 0.99874556 0.49614134 0.46481484 0.5033328 0.99993134 0.49241608 0.04761905
0.33811304 0.44330224 0.4079674 0.9989513 0.49639097 0.46783537 0.5031381 0.99993515 0.49258468 0.046428572
0.35226557 0.44690505 0.42817828 0.9992337 0.49734524 0.47245684 0.5022878 0.9999496 0.4932799 0.04761905
0.36579436 0.4523407 0.4439807 0.9994373 0.49798125 0.4763707 0.501756 0.99996555 0.49440178 0.04761905
0.37923655 0.4580571 0.46473306 0.999663 0.49839637 0.4817156 0.5014429 0.9999784 0.49558035 0.04761905
0.39246342 0.46020004 0.49170217 0.99986243 0.4984233 0.48837736 0.50149757 0.99998605 0.4965798 0.04761905
0.40503395 0.46430653 0.5139733 0.99995804 0.49859172 0.4936763 0.5013769 0.9999919 0.49751425 0.04761905
0.41738993 0.46601564 0.5389299 0.9999932 0.49807894 0.49824938 0.5019155 0.9999938 0.49842253 0.04761905
0.42896613 0.46672708 0.56144565 0.9999893 0.4971477 0.50162095 0.50285625 0.99999034 0.49878618 0.04761905
0.43711787 0.4663578 0.578396 0.99996907 0.49603453 0.50389904 0.5039731 0.9999833 0.49903187 0.04761905
0.4484827 0.46660525 0.60012764 0.99994683 0.49565881 0.5058562 0.504348 0.9999808 0.49944192 0.04761905
0.46385375 0.46770558 0.6277728 0.99992216 0.49522403 0.5074185 0.5047798 0.9999771 0.49977678 0.04761905
0.48144838 0.46966708 0.65236485 0.99991214 0.4951216 0.5080034 0.5048796 0.99997616 0.4999649 0.04761905
0.50390273 0.4733213 0.6784403 0.999871 0.4950863 0.51023895 0.50490856 0.9999758 0.50030005 0.04761905
0.53346944 0.478031 0.71311545 0.9997577 0.4949768 0.5147311 0.5050006 0.99997425 0.50084203 0.04761905
0.5608719 0.48122442 0.75087106 0.9995744 0.49470505 0.51993364 0.5052451 0.9999707 0.50135535 0.04761905
0.58436096 0.4836673 0.7861395 0.99937 0.4946674 0.52451944 0.50525624 0.99996954 0.50168514 0.04761905
0.6084017 0.48636168 0.81590974 0.9991834 0.49464864 0.52805823 0.5052553 0.9999689 0.50185907 0.04761905
0.6350368 0.4868542 0.8556429 0.998912 0.49409872 0.5324341 0.5057836 0.99996257 0.5020011 0.04761905
0.6561891 0.48639148 0.8969793 0.99843204 0.49358237 0.5390425 0.50623435 0.99995446 0.5025904 0.04761905
0.6757489 0.48655605 0.9279282 0.99808186 0.49328697 0.54323643 0.5064863 0.9999495 0.50290203 0.04761905
0.69610953 0.48711258 0.96199584 0.99766445 0.4929847 0.5477585 0.50673205 0.99994385 0.5032859 0.04761905
0.71379846 0.48816344 0.992851 0.99721277 0.49279544 0.55222565 0.50685894 0.9999395 0.5036665 0.04761905
0.72918695 0.4893528 1.0225352 0.99661124 0.49259728 0.55764097 0.5069762 0.9999345 0.50410146 0.06428572
0.7440774 0.49115402 1.0436738 0.9961839 0.49262744 0.56121475 0.50689155 0.9999336 0.5043503 0.08928572
0.7561467 0.49282598 1.0614586 0.99583507 0.49278766 0.5639968 0.5066751 0.9999341 0.50462407 0.120238096
0.76739025 0.49443275 1.0748096 0.9956286 0.4929899 0.56559825 0.50643915 0.99993575 0.5047742 0.14761905
0.77288187 0.4953394 1.0823168 0.99545085 0.4931198 0.56694144 0.5062773 0.99993634 0.50492287 0.18333334
0.7769131 0.4959409 1.0897596 0.9952712 0.49345407 0.5682904 0.505913 0.9999397 0.5050376 0.21309523
0.7794905 0.49615833 1.0938756 0.99515986 0.49363318 0.5691097 0.5057175 0.99994135 0.50509286 0.23571429
0.78065616 0.49602515 1.096445 0.9950607 0.4937707 0.5698289 0.5055681 0.9999428 0.5051235 0.2654762
0.7807749 0.49569097 1.0994058 0.9949521 0.49401832 0.570616 0.5053073 0.9999453 0.5051496 0.29404762
0.7809881 0.49482185 1.1007272 0.9949066 0.4941527 0.5709455 0.505178 0.9999473 0.50508463 0.32380953
0.7810127 0.49390402 1.1025643 0.99483824 0.49425104 0.571429 0.5050808 0.99994874 0.50504005 0.35833332
0.78145516 0.49201986 1.1062342 0.9947053 0.49422413 0.57234126 0.50511175 0.9999493 0.50496006 0.3857143
0.78174275 0.4906894 1.1083252 0.9946303 0.4944035 0.5728668 0.50494075 0.99995196 0.50486004 0.40714285
0.7819584 0.48978707 1.1100422 0.99457014 0.49473387 0.57329863 0.50461686 0.99995595 0.50476766 0.43571427
0.7821585 0.4889728 1.1117055 0.9945121 0.49517745 0.5737194 0.50418013 0.9999608 0.50466573 0.43928573
0.7820112 0.48848245 1.1119187 0.9944812 0.49544027 0.573943 0.5039221 0.9999634 0.5046019 0.43928573
0.7817466 0.48774308 1.1108685 0.99448633 0.49553436 0.57391423 0.50384074 0.9999649 0.5045118 0.43928573
0.78149223 0.4873864 1.1084789 0.9945768 0.49564075 0.57331264 0.5037541 0.9999665 0.50440305 0.43928573
0.78062934 0.48727742 1.1055826 0.994642 0.4957536 0.5728785 0.50365293 0.9999678 0.50433844 0.43928573
0.77966017 0.48721045 1.1032852 0.99467874 0.49582452 0.5726326 0.5035878 0.9999686 0.50430673 0.44047618
0.7795421 0.48727706 1.1000557 0.994788 0.4959045 0.57188934 0.50352514 0.9999697 0.5042208 0.43928573
0.77866554 0.48726684 1.09751 0.99484074 0.4959631 0.5715289 0.50347394 0.99997044 0.50418395 0.43928573
0.7771826 0.48724693 1.0935488 0.9949132 0.4961395 0.5710349 0.50330836 0.9999721 0.50412184 0.43928573
0.7751117 0.48724487 1.0880454 0.9949924 0.49634412 0.5704923 0.50311536 0.9999739 0.5040538 0.43928573
0.77207005 0.48724192 1.0815632 0.99507236 0.49638143 0.5699307 0.5031029 0.9999751 0.50390446 0.43928573
0.7677623 0.4873443 1.0689912 0.99535286 0.49649915 0.5679211 0.5030528 0.9999784 0.5035061 0.43928573
0.7635513 0.487325 1.057692 0.9955942 0.49668258 0.5661466 0.5029084 0.99998075 0.5032842 0.43928573
0.75846523 0.48738024 1.0427631 0.99590766 0.4966272 0.5637514 0.50301254 0.9999818 0.50301796 0.44047618
0.752657 0.48780608 1.0203409 0.9964437 0.4964228 0.5594211 0.5033066 0.99998295 0.5024738 0.44047618
0.74741906 0.48814964 1.0020894 0.9968555 0.49628997 0.5558646 0.5035135 0.9999838 0.5019554 0.44047618
0.7415559 0.48884284 0.97990185 0.99735737 0.4963623 0.55120987 0.5035017 0.99998546 0.50150746 0.44047618
0.73321295 0.49070615 0.951886 0.9978941 0.49684832 0.5457331 0.5030748 0.99998957 0.50098073 0.43928573
0.7242277 0.49169114 0.9238408 0.99832714 0.49721318 0.5407713 0.5027555 0.99999213 0.5004963 0.43928573
0.7133476 0.49416965 0.89298064 0.9986545 0.4979251 0.5365977 0.5020751 0.9999957 0.5000737 0.43928573
0.70134044 0.49576107 0.8632889 0.9988624 0.49890703 0.53369206 0.5010753 0.99999875 0.5002982 0.44047618
0.685702 0.49726126 0.82868487 0.999084 0.49981412 0.5302507 0.5001555 0.99999976 0.5005069 0.44047618
0.6688277 0.49829364 0.7965225 0.9991803 0.50008965 0.5286181 0.4998686 0.99999946 0.5007256 0.44047618
0.6470543 0.4975264 0.7557728 0.9992636 0.5001343 0.5271267 0.49981958 0.9999993 0.50084573 0.44047618
0.6217935 0.49569607 0.70988536 0.99937785 0.4999456 0.5249349 0.50001353 0.9999993 0.50081927 0.44047618
0.59764624 0.49349806 0.6621047 0.99957395 0.49975193 0.5206359 0.50022686 0.99999964 0.50051975 0.44047618
0.5701265 0.49109143 0.60717416 0.9997821 0.49971196 0.51475793 0.5002869 0.9999999 0.50004333 0.44047618
0.5408442 0.4892056 0.55057794 0.99992865 0.5002579 0.5084432 0.4997498 0.99999976 0.4995413 0.43928573
0.51218027 0.4870378 0.49603674 0.999997 0.50072813 0.5015746 0.49927512 0.99999845 0.4989674 0.44047618
0.48597506 0.48496625 0.44997355 0.9999865 0.50099975 0.49646774 0.49899 0.9999969 0.49855027 0.44047618
0.4498388 0.4834141 0.38792825 0.9998761 0.50168467 0.48899698 0.49827176 0.9999932 0.49803817 0.43928573
0.41648626 0.4832167 0.32963768 0.99960834 0.5026236 0.4803883 0.4972766 0.9999864 0.49750823 0.44047618
0.38701734 0.4825409 0.28216717 0.9992951 0.5029293 0.4736212 0.49691275 0.999982 0.49708557 0.44047618
0.35741445 0.48049358 0.23668753 0.99890244 0.50293416 0.467019 0.4968339 0.9999783 0.49658757 0.44047618
0.32844153 0.4782439 0.19466858 0.998406 0.5029087 0.46021286 0.49676847 0.99997413 0.49607104 0.44047618
0.3032106 0.47663516 0.15780899 0.99782515 0.5030833 0.45351717 0.49649015 0.99996805 0.49557376 0.44047618
0.2820842 0.47474933 0.13056807 0.9973737 0.5029638 0.44890603 0.4965286 0.99996495 0.49520898 0.44047618
0.2627795 0.47270834 0.10547172 0.9968295 0.50280976 0.4438528 0.49658 0.9999608 0.49475697 0.44047618
0.24682905 0.47123936 0.08699693 0.996436 0.5027146 0.44046912 0.49660376 0.9999579 0.49447623 0.43928573
0.23752439 0.47038254 0.07667124 0.9961479 0.5026266 0.4381096 0.49663895 0.9999559 0.4942739 0.44047618
0.22969797 0.46967283 0.06814625 0.9958792 0.5025653 0.43599 0.49665126 0.99995387 0.49409437 0.44047618
0.22480051 0.4694136 0.06349053 0.99570847 0.50256133 0.43468142 0.4966267 0.9999527 0.49400458 0.44047618
0.22196285 0.4694706 0.06085228 0.9955765 0.50260454 0.4336889 0.49656335 0.9999516 0.493953 0.44047618
0.220061 0.46965033 0.058596916 0.9954671 0.50265855 0.4328788 0.496493 0.99995065 0.49391475 0.43928573
0.21844664 0.46986833 0.05682692 0.99539053 0.50273836 0.43231878 0.49640352 0.99994993 0.49390325 0.44047618
0.2166874 0.47002286 0.054701753 0.9952956 0.5028012 0.43163013 0.49632692 0.999949 0.49387422 0.44047618
0.2154995 0.47026885 0.053587034 0.9952264 0.5028785 0.43113357 0.4962411 0.99994826 0.49386635 0.44047618
0.21498069 0.47050554 0.05329825 0.9951855 0.5029405 0.43084309 0.49617496 0.9999478 0.49386877 0.44047618
0.2148051 0.47071669 0.05337 0.99514866 0.50300103 0.4305824 0.49611267 0.9999475 0.49388555 0.44047618
0.21428242 0.47083512 0.052738972 0.99509263 0.50313836 0.4301897 0.49598855 0.99994826 0.49402615 0.44047618
0.2149237 0.4709667 0.054062568 0.9951453 0.5032731 0.43057066 0.4958895 0.99995005 0.49425465 0.44047618
0.21560858 0.47106004 0.055319928 0.99518275 0.5033473 0.43084186 0.4958369 0.9999512 0.4943892 0.44047618
0.2167479 0.47116056 0.056958534 0.99520147 0.5033895 0.43097794 0.49580753 0.99995184 0.49447224 0.44047618
0.21848716 0.4712924 0.059084743 0.9952532 0.50339913 0.4313507 0.49581027 0.99995255 0.49452922 0.44047618
0.2194345 0.47132996 0.060901083 0.99528205 0.5034119 0.4315597 0.4958081 0.99995315 0.49458838 0.44047618
0.22042334 0.47131813 0.064035505 0.99539864 0.5034145 0.43240923 0.49583128 0.9999546 0.49470222 0.44047618
0.22164094 0.47135463 0.066276714 0.9954499 0.5034081 0.43278527 0.49584872 0.9999552 0.49475032 0.44047618
0.22332262 0.47139838 0.069377124 0.99552 0.5033902 0.4333032 0.4958803 0.999956 0.4948057 0.44047618
0.22566243 0.4714368 0.07392995 0.99559003 0.5033524 0.43382388 0.49593118 0.99995697 0.49485618 0.44047618
0.22854798 0.4715635 0.078488104 0.99562335 0.50319993 0.434066 0.49608213 0.99995774 0.49481344 0.44047618
0.23316161 0.47185656 0.08533146 0.99572283 0.50284034 0.43480176 0.49643844 0.99995923 0.49470085 0.44047618
0.23715316 0.47246292 0.09017229 0.9957123 0.5025323 0.43470883 0.4967174 0.99995863 0.4944682 0.43928573
0.24277633 0.47367483 0.098869465 0.995824 0.50237906 0.435557 0.49687725 0.99995923 0.494431 0.44047618
0.2514564 0.47443092 0.11302613 0.99608344 0.50285697 0.4376055 0.4965093 0.9999642 0.49513915 0.44047618
0.26545525 0.47503832 0.13475575 0.996603 0.5034328 0.44191682 0.49609405 0.99996996 0.49615368 0.44047618
0.28310654 0.47614193 0.1624512 0.9973023 0.50396436 0.4482822 0.49572527 0.999974 0.49722043 0.44047618
0.3051186 0.47696263 0.19433673 0.9979069 0.50409245 0.45448104 0.495712 0.9999778 0.4980474 0.44047618
0.3356737 0.47831646 0.24012133 0.9985709 0.5041397 0.46245152 0.4957578 0.99998057 0.49879402 0.44047618
0.36532778 0.47953632 0.28764 0.99912256 0.5039561 0.4706567 0.49600732 0.9999838 0.4994937 0.44047618
0.39470077 0.48079175 0.33784494 0.99949104 0.50406045 0.47781405 0.4959243 0.9999833 0.499746 0.44047618
0.4313807 0.48266816 0.39770654 0.9997502 0.50474966 0.48492697 0.49524683 0.9999774 0.4999544 0.44047618
0.46204618 0.4844002 0.44723362 0.99987507 0.5052853 0.49015182 0.49471426 0.99997205 0.5000311 0.44047618
0.49591497 0.48708907 0.50205886 0.999941 0.5061651 0.49541965 0.49383584 0.999962 0.5001276 0.44047618
0.5294206 0.49047965 0.55792755 0.9999517 0.506864 0.5010642 0.49313515 0.99995273 0.5003798 0.43928573
0.5642304 0.4944725 0.6181728 0.9998814 0.5076819 0.5077193 0.4923058 0.9999403 0.5007375 0.44047618
0.59753466 0.49846154 0.67596614 0.99973655 0.50841385 0.5138793 0.49155128 0.9999273 0.5011402 0.44047618
0.6301079 0.50273025 0.7327081 0.9995405 0.50872815 0.51957273 0.49120495 0.99992025 0.5015378 0.44047618
0.6627106 0.50729656 0.792997 0.99921095 0.5089518 0.52661407 0.4909239 0.9999132 0.50209546 0.44047618
0.6917344 0.5115101 0.8466722 0.99885654 0.5093355 0.53248084 0.49047852 0.99990284 0.5025553 0.44047618
0.7248366 0.5162033 0.91026187 0.99832225 0.5097213 0.5397549 0.48999676 0.99988997 0.5031512 0.44047618
0.7538557 0.52028406 0.9691256 0.9977151 0.50991184 0.54670525 0.48969358 0.9998797 0.50374544 0.44047618
0.7824738 0.52506566 1.0297711 0.99693733 0.51041436 0.55426615 0.48904434 0.99986064 0.5043957 0.44047618
0.80654067 0.53007567 1.0828106 0.99611765 0.5110427 0.56119907 0.48825657 0.999837 0.5050092 0.44047618
0.8311556 0.5351623 1.133911 0.99526876 0.5116603 0.56762314 0.4874775 0.99981254 0.5055312 0.43928573
0.8549936 0.539819 1.182522 0.99440646 0.512164 0.57358164 0.48682278 0.99979126 0.5059177 0.44047618
0.88009876 0.5452727 1.2289771 0.9935709 0.51275176 0.5788994 0.48608637 0.99976707 0.50626683 0.44047618
0.9031072 0.54968977 1.2707038 0.9927044 0.5131115 0.5840863 0.48558122 0.99974895 0.5065618 0.44047618
0.9252335 0.5536639 1.3089328 0.99192 0.5133983 0.5885168 0.4851799 0.9997351 0.5067184 0.44047618
0.9478423 0.5580568 1.3450893 0.99120826 0.5137735 0.59232956 0.48469675 0.99971855 0.5068689 0.44047618
0.9730106 0.5633668 1.3830479 0.99044466 0.5142433 0.5962351 0.48413697 0.9997009 0.5068848 0.43928573
0.9949756 0.5690261 1.4146537 0.9897691 0.5147132 0.5995477 0.48366094 0.9996903 0.5065325 0.44047618
1.0166582 0.5744008 1.444763 0.9891168 0.51519746 0.6026342 0.48315367 0.99967647 0.50629425 0.44047618
1.0404218 0.58070683 1.4704053 0.9886418 0.51580083 0.6047833 0.48261642 0.999665 0.50571865 0.44047618
1.0727097 0.58854216 1.4991148 0.98817205 0.51648986 0.6068462 0.4820307 0.99965215 0.5049878 0.43928573
1.0981978 0.5950174 1.5220901 0.98775357 0.51706684 0.60865164 0.48154986 0.9996406 0.5043428 0.44047618
1.1226069 0.60130405 1.5391829 0.98749197 0.5177764 0.60970664 0.48092818 0.99962175 0.50379086 0.44047618
1.1576165 0.6102917 1.5602763 0.9872546 0.5189826 0.6105559 0.4798865 0.99958706 0.50286686 0.44047618
1.1863655 0.61743194 1.5747136 0.9871215 0.51976854 0.6110038 0.47924975 0.9995649 0.5020921 0.44047618
1.2153485 0.6249283 1.5884819 0.9869995 0.5205951 0.61138797 0.47859943 0.9995403 0.50120294 0.43928573
1.2455338 0.6323288 1.5980722 0.9870666 0.52119553 0.61098135 0.47821406 0.99952507 0.5002118 0.41666666
1.2797021 0.6404034 1.6074812 0.9871521 0.5218105 0.61048585 0.4778168 0.99950707 0.4992046 0.38690478
1.3101023 0.6473909 1.6148206 0.98720443 0.5223341 0.61015 0.47747275 0.99948955 0.4983635 0.3547619
1.3408502 0.654242 1.6193339 0.98732203 0.5228312 0.6095261 0.47716075 0.99947184 0.4975031 0.32380953
1.3736066 0.6618975 1.618215 0.9876179 0.52347124 0.60806423 0.47670692 0.99944574 0.49662697 0.29166666
1.4095776 0.6705303 1.6166525 0.9878919 0.5242905 0.6066371 0.47607827 0.99940884 0.49568924 0.26309523
1.4417462 0.67787564 1.6127093 0.9881752 0.5249191 0.6051855 0.47563338 0.9993787 0.49478173 0.23333333
1.4782071 0.6863201 1.6060187 0.98854643 0.52565914 0.60326666 0.47509918 0.9993402 0.49373046 0.20357142
1.5109962 0.69403803 1.5967308 0.988943 0.5263482 0.60119545 0.4745939 0.9993015 0.492751 0.17261904
1.5479617 0.7026553 1.583951 0.98942494 0.52716076 0.59861785 0.4739744 0.99925256 0.49165964 0.13452381
1.5798783 0.7106117 1.5721817 0.98975086 0.5282667 0.5966698 0.4730037 0.999186 0.49080494 0.104761906
1.6129793 0.7187764 1.5568519 0.99010867 0.5294417 0.5944811 0.47195214 0.9991118 0.48996416 0.071428575
1.6330078 0.72323245 1.5487229 0.99010134 0.5301016 0.5943109 0.47134253 0.9990704 0.48963276 0.048809525
1.6420454 0.7254076 1.5355228 0.9902847 0.52999127 0.5933886 0.471579 0.999069 0.4889353 0.046428572
1.6428925 0.7265415 1.5038382 0.99121773 0.5299289 0.5883708 0.47176182 0.99905646 0.4879471 0.046428572
1.6384902 0.72617805 1.4635677 0.992548 0.52971107 0.5807079 0.47207505 0.99904263 0.48670882 0.046428572
1.6293087 0.7253808 1.4242002 0.993631 0.52980024 0.57375896 0.4719995 0.9990128 0.48578086 0.046428572
1.6129017 0.7227719 1.3694185 0.9948971 0.52978224 0.56472874 0.47194824 0.99898374 0.48488912 0.046428572
1.5930725 0.7203231 1.3080639 0.99613154 0.5300343 0.5543273 0.4715747 0.9989271 0.48376042 0.046428572
1.5714086 0.7170619 1.2482175 0.997041 0.52964795 0.545511 0.471798 0.99891406 0.48298815 0.046428572
1.546992 0.7126902 1.1922425 0.9976791 0.52867216 0.5386446 0.4726091 0.9989445 0.48256078 0.046428572
1.5197911 0.70809513 1.1403664 0.99817574 0.52781016 0.5323651 0.4733061 0.99896735 0.48213854 0.046428572
1.4836986 0.7018906 1.086268 0.99860275 0.52660924 0.5262149 0.4743227 0.9990107 0.48186058 0.046428572
1.4506569 0.6958696 1.0364785 0.9989387 0.52549094 0.52025753 0.4752492 0.99904907 0.4816317 0.046428572
1.4110695 0.6883674 0.9818105 0.99923027 0.52427894 0.51340276 0.47622898 0.99908596 0.48134142 0.046428572
1.3669559 0.6799012 0.9341989 0.9994015 0.5231181 0.5079799 0.4771961 0.9991236 0.48114222 0.046428572
1.3220983 0.67159706 0.89122367 0.9995001 0.52203393 0.503762 0.47812355 0.99916244 0.4810705 0.046428572
1.2694429 0.65907073 0.8449003 0.9996015 0.51995265 0.4995444 0.48004448 0.99923766 0.48093355 0.046428572
1.2193478 0.64854723 0.8026751 0.9996402 0.5184103 0.4954486 0.48142868 0.9992901 0.48090905 0.046428572
1.1654896 0.63774586 0.7542623 0.9996309 0.51668805 0.49049076 0.48295748 0.99934316 0.48087016 0.046428572
1.1161848 0.62717736 0.7104577 0.9995823 0.5149224 0.48604208 0.4845443 0.9993884 0.480704 0.046428572
1.0615026 0.6167389 0.6608942 0.9994434 0.5134193 0.48060322 0.48582807 0.99942267 0.48060557 0.046428572
1.0098251 0.6070059 0.6159582 0.999282 0.5121912 0.47614855 0.48687434 0.9994481 0.4805243 0.046428572
0.9542049 0.59721434 0.5687302 0.99907345 0.5110363 0.47164685 0.48784715 0.9994718 0.4805012 0.046428572
0.90132457 0.5873863 0.5233897 0.9988102 0.5098417 0.46696186 0.4888454 0.9994904 0.48038062 0.046428572
0.8406773 0.57560146 0.4725698 0.9984367 0.5084685 0.4614106 0.48995855 0.9994955 0.47991523 0.046428572
0.7878829 0.56546235 0.4306428 0.99808776 0.50735474 0.45693654 0.49085286 0.9994962 0.4795088 0.046428572
0.7285241 0.55433863 0.38382846 0.99754417 0.5059479 0.45086336 0.49195355 0.9994934 0.4789863 0.046428572
0.67106616 0.54449105 0.34013987 0.99690014 0.50500065 0.44463527 0.4925943 0.999489 0.47864857 0.046428572
0.6120592 0.53453743 0.2963161 0.9961146 0.503894 0.43791038 0.4933631 0.99948454 0.47829494 0.046428572
0.5527442 0.5243512 0.25739318 0.99524546 0.5028864 0.43127126 0.49407256 0.99949217 0.47826535 0.046428572
0.49687085 0.51466703 0.23144461 0.9946784 0.50192857 0.42727053 0.49488252 0.9995087 0.4784384 0.046428572
0.4443207 0.50555944 0.21231568 0.9943224 0.5010428 0.42487147 0.49575973 0.99954224 0.47903386 0.046428572
0.3813712 0.4951552 0.19337754 0.994056 0.49993572 0.42313233 0.496936 0.999586 0.47988883 0.046428572
0.32904926 0.48691428 0.17879087 0.993734 0.49846375 0.42110553 0.49843976 0.99961746 0.480507 0.046428572
0.280485 0.47944626 0.16859941 0.9935093 0.4969859 0.4197536 0.49994844 0.9996357 0.48091638 0.046428572
0.22285238 0.47093928 0.15367049 0.99320227 0.49545062 0.41795832 0.50153625 0.9996563 0.4815285 0.046428572
0.17645575 0.46418115 0.14366242 0.99306977 0.4945689 0.4172191 0.5025138 0.99967635 0.4821903 0.046428572
0.12885171 0.45722142 0.13496238 0.9932018 0.493729 0.41806912 0.50353575 0.99969965 0.48303705 0.046428572
0.08685179 0.45110714 0.12969743 0.993382 0.49316132 0.4192072 0.50429446 0.9997231 0.48392642 0.046428572
0.04061006 0.4447956 0.12151539 0.9935559 0.49272606 0.42031506 0.5049591 0.99975324 0.48509666 0.046428572
-0.0062552094 0.43821833 0.11491183 0.9938909 0.49227613 0.4224622 0.50568545 0.99978346 0.48642895 0.046428572
-0.053460114 0.4313859 0.110382214 0.9941171 0.49153683 0.4239954 0.50666034 0.99980295 0.48764625 0.046428572
-0.09686779 0.42554095 0.11058468 0.99441385 0.49094206 0.42602086 0.50745326 0.99981475 0.48861423 0.046428572
-0.14701124 0.41891906 0.1100469 0.99459684 0.49023488 0.42734605 0.50834405 0.9998227 0.4896237 0.046428572
-0.19890036 0.4126448 0.10673083 0.9945117 0.48962298 0.42685336 0.5090714 0.9998259 0.4904195 0.046428572
-0.24614762 0.4065205 0.108260326 0.9946122 0.48899367 0.42762884 0.50988567 0.99983084 0.4915474 0.046428572
-0.28929797 0.40000007 0.10732565 0.9946574 0.48833215 0.42804238 0.51070136 0.9998295 0.49251723 0.046428572
-0.33089054 0.3932666 0.11131931 0.99490935 0.48785567 0.42987677 0.51138175 0.99983156 0.49376535 0.046428572
-0.36585602 0.38744336 0.11540454 0.995135 0.48700294 0.43164504 0.51240164 0.9998191 0.49479628 0.046428572
-0.40371192 0.38096285 0.11967044 0.9954046 0.48584923 0.43386322 0.51370734 0.9997939 0.49573937 0.046428572
-0.43427858 0.37559426 0.11808384 0.9953123 0.48496604 0.43336868 0.5146274 0.99976975 0.495972 0.046428572
-0.4526964 0.37245345 0.11658963 0.9952494 0.48443848 0.43302327 0.5151912 0.99975485 0.49621478 0.046428572
-0.46459538 0.3702763 0.11679564 0.9951997 0.48382965 0.4328003 0.515812 0.99973595 0.49626744 0.046428572
-0.47144753 0.36959946 0.117709 0.9951043 0.48369262 0.43213412 0.51595634 0.99973184 0.49632707 0.046428572
-0.4795249 0.36869904 0.1158971 0.9948642 0.48351145 0.43044782 0.5161128 0.9997257 0.4961742 0.046428572
-0.48251402 0.36861932 0.11672493 0.9948276 0.48355094 0.4301786 0.5160847 0.99972725 0.49626344 0.046428572
-0.4819299 0.36903715 0.11944231 0.99492556 0.48367938 0.43084574 0.51602423 0.99973255 0.49674442 0.046428572
-0.48237276 0.36890548 0.119936876 0.9950275 0.48374397 0.43156365 0.5160173 0.9997353 0.49715498 0.046428572
-0.48413333 0.36891153 0.11891302 0.9950309 0.4838817 0.4315554 0.5159024 0.9997399 0.4973293 0.046428572
-0.47921148 0.36965212 0.120622255 0.9951149 0.48412806 0.4321082 0.51571685 0.999748 0.49778563 0.046428572
-0.46815258 0.37124228 0.12145337 0.99520373 0.48431945 0.43271428 0.5155504 0.9997541 0.49798137 0.046428572
-0.45588407 0.37286362 0.1245426 0.9954057 0.4846067 0.43414998 0.5153013 0.9997629 0.4982892 0.046428572
-0.4409616 0.37507072 0.12750524 0.99560326 0.48516223 0.43552327 0.5147994 0.99977934 0.49874407 0.046428572
-0.41987595 0.37768057 0.13064812 0.9957136 0.4855744 0.43628252 0.5144029 0.99979126 0.49890062 0.046428572
-0.39827567 0.38007087 0.13358447 0.9956921 0.4857298 0.43608022 0.51422685 0.999796 0.49874777 0.046428572
-0.37199664 0.3843536 0.13681124 0.9956193 0.4870875 0.435233 0.5128545 0.9998331 0.49871624 0.046428572
-0.34370688 0.3885202 0.14207768 0.9956279 0.4880468 0.43511444 0.51186156 0.99985707 0.4985211 0.046428572
-0.31329167 0.39251745 0.1500884 0.9957763 0.48907018 0.4360749 0.5108044 0.99988043 0.49832544 0.046428572
