0.5168449 0.67016333 0.65662277 0.99387085 0.4808622 0.5756657 0.52224773 0.9991447 0.48103514 0.0
0.51964784 0.6577225 0.6698653 0.9944775 0.48023432 0.5714234 0.5226635 0.99913317 0.48122612 0.0
0.5150109 0.63395065 0.67506653 0.9956951 0.48241395 0.56306386 0.51968807 0.9993718 0.48450306 0.0
0.5130473 0.60571516 0.6412415 0.9972198 0.48653936 0.5509043 0.51469374 0.999654 0.4885988 0.0
0.51241577 0.57566434 0.6063685 0.9986735 0.4910015 0.53526694 0.50956595 0.99984884 0.4922765 0.0
0.513587 0.55288583 0.5833636 0.99946314 0.49555662 0.5227339 0.50468665 0.99995047 0.49475053 0.0
0.51263446 0.5336479 0.55259645 0.99980783 0.49797446 0.5137135 0.5021367 0.99997926 0.4959745 0.0
0.51222676 0.52137643 0.53388095 0.99993515 0.49865037 0.5079397 0.5013963 0.9999895 0.4970717 0.0
0.511278 0.5183722 0.52622974 0.9999688 0.49962503 0.5055712 0.50038844 0.9999984 0.49879467 0.0
0.5081699 0.51216996 0.5185151 0.99998456 0.49960834 0.5039076 0.5003976 0.9999993 0.49924272 0.0
0.5058199 0.5066136 0.51308507 0.99999195 0.4996496 0.5028163 0.50035304 0.99999964 0.49952963 0.0
0.50443155 0.50497943 0.50969315 0.9999957 0.49972978 0.50205934 0.5002718 0.99999976 0.49962124 0.0
0.50315 0.5039648 0.50676507 0.99999803 0.4998778 0.5013994 0.5001228 0.99999994 0.49979836 0.0
0.5025574 0.5029863 0.50553316 0.9999987 0.49991977 0.5011595 0.50008047 1.0 0.49988434 0.0
0.5022621 0.4981029 0.50386685 0.9999988 0.49926782 0.50082374 0.50073224 0.99999946 0.49995357 0.0
0.5027056 0.498466 0.49630296 0.9999999 0.49969527 0.49985692 0.5003046 0.99999964 0.49951586 0.0
0.50190204 0.49904144 0.4979388 0.99999976 0.4995294 0.49991378 0.50047064 0.99999976 0.50013304 0.0
0.5015903 0.5005891 0.49912575 1.0 0.49979463 0.5000397 0.50020534 0.9999999 0.50029963 0.0
0.50121737 0.49967906 0.4991369 0.99999964 0.50058764 0.50006306 0.49941242 0.9999995 0.49968985 0.0
0.5049303 0.50358695 0.50771785 0.99999666 0.50080293 0.50163215 0.49919567 0.99999917 0.5004319 0.0
0.50447696 0.50381553 0.50746125 0.99999714 0.50073034 0.5015328 0.49926817 0.9999992 0.5004809 0.0
0.5108554 0.49917033 0.5214596 0.99998796 0.5003826 0.50344557 0.49961472 0.9999997 0.5003863 0.0
0.51333004 0.50339836 0.522069 0.99998605 0.50164574 0.5033518 0.49835134 0.99999714 0.5004318 0.0
0.50984615 0.502648 0.5155469 0.9999933 0.5012317 0.5022663 0.49876693 0.9999984 0.5003056 0.0
0.5136128 0.50247633 0.5118178 0.9999958 0.5009292 0.5018224 0.49906996 0.99999905 0.5002311 0.0
0.51362854 0.50167716 0.50041884 1.0 0.5001975 0.5000727 0.4998024 0.9999997 0.50050557 0.0
0.509565 0.50121003 0.50091815 1.0 0.500131 0.500114 0.49986893 0.9999999 0.5003384 0.0
0.5133475 0.5018055 0.49591196 0.99999976 0.50011563 0.49952537 0.4998845 1.0 0.50012517 0.0
0.5274923 0.50357616 0.4806797 0.99998724 0.4999739 0.49642387 0.5000277 0.99999994 0.50022674 0.0
0.53357184 0.50809205 0.4734242 0.99995494 0.5007786 0.49333534 0.49922135 0.9999994 0.5000038 0.0
0.5243048 0.5058662 0.48167136 0.9999769 0.5005797 0.49522308 0.4994201 0.99999964 0.49998692 0.0
0.5339872 0.50175726 0.48009706 0.99998355 0.49998188 0.495944 0.50002176 0.99999976 0.5004515 0.0
0.5456566 0.5033594 0.45858267 0.9999554 0.5002561 0.49332914 0.49975184 0.9999996 0.50059927 0.0
0.5375293 0.50291526 0.46553966 0.99997175 0.50021446 0.4946924 0.49979025 0.99999976 0.50044465 0.0
0.54319614 0.50291634 0.45988885 0.9999723 0.49979278 0.4947396 0.5002174 0.99999905 0.500964 0.0
0.5571058 0.5040559 0.4572459 0.99999094 0.50088716 0.49712774 0.49912024 0.99999756 0.5012929 0.0
0.54377717 0.5029038 0.47166786 0.9999972 0.5007145 0.49848464 0.4992887 0.9999984 0.5010438 0.0
0.5549477 0.49979344 0.47019026 0.9999999 0.49982625 0.49965367 0.50017506 0.9999964 0.5018837 0.0
0.564353 0.5019408 0.46671337 0.9999999 0.49968782 0.5001556 0.5003116 0.9999964 0.5018558 0.0
0.56926244 0.497884 0.47819647 0.9999926 0.4984504 0.50224334 0.50154036 0.9999934 0.5020601 0.0
0.5500236 0.4979979 0.48620465 0.9999945 0.49879292 0.50200164 0.5012013 0.9999964 0.50145316 0.0
0.5452743 0.49934343 0.5076048 0.9999764 0.49888396 0.5047252 0.5011094 0.9999983 0.50070834 0.0
0.5405899 0.5043571 0.5209544 0.9999621 0.49978307 0.50615495 0.5002022 0.9999985 0.5011977 0.0
0.5290003 0.5031196 0.5159586 0.99997973 0.49990356 0.50449616 0.50008863 0.9999992 0.500869 0.0
0.527664 0.50151676 0.5202743 0.99998057 0.50003225 0.50440466 0.4999561 0.9999982 0.5013235 0.0
0.5238401 0.5000957 0.52260035 0.99997616 0.4986426 0.5046932 0.50134057 0.999995 0.50179666 0.0
0.51753664 0.4999562 0.5172054 0.9999863 0.4989093 0.50354147 0.50108135 0.9999971 0.50132793 0.0
0.52480435 0.4957219 0.5226747 0.9999844 0.49774268 0.50324047 0.5022521 0.9999943 0.5008143 0.0
0.53666586 0.49936166 0.51008415 0.9999747 0.49828497 0.49527597 0.50171024 0.9999968 0.49948254 0.0
0.5256301 0.49902996 0.5076162 0.99998605 0.49864867 0.4965142 0.50134814 0.999998 0.49953967 0.0
0.5431491 0.49602082 0.5187392 0.9999611 0.49756038 0.49425846 0.502439 0.99999404 0.49993217 0.0
0.55464935 0.4978158 0.5405588 0.9999937 0.49808523 0.49835798 0.5019151 0.9999963 0.5000947 0.0
0.56876427 0.49962983 0.5676881 0.99997866 0.49885 0.5044721 0.50114644 0.9999985 0.5004037 0.0
0.5509134 0.49927863 0.5527086 0.9999821 0.49904415 0.50412285 0.5009527 0.9999989 0.5003819 0.0
0.5488731 0.4994161 0.55554163 0.9999723 0.4991668 0.5051986 0.5008285 0.9999991 0.50045997 0.0
0.5479718 0.4996462 0.56333435 0.9999446 0.49926785 0.5074053 0.50072414 0.99999917 0.5005483 0.0
0.53430915 0.49976516 0.5455767 0.99997133 0.4994819 0.5053297 0.500514 0.9999996 0.50039184 0.0
0.5415386 0.50030637 0.55396867 0.9999497 0.4989363 0.5070135 0.50105715 0.9999987 0.50047374 0.0
0.5540752 0.5012835 0.5511149 0.99998426 0.4998353 0.50396717 0.5001629 0.9999999 0.5002248 0.0
0.53782994 0.50100595 0.53274816 0.99999654 0.49996832 0.50186026 0.50003135 1.0 0.5000929 0.0
0.5474951 0.5013624 0.5383187 0.9999994 0.49923086 0.5001974 0.50076914 0.9999994 0.4999592 0.0
0.5522123 0.5006625 0.5482307 0.99999833 0.49947342 0.5011733 0.50052536 0.99999946 0.5005183 0.0
0.5517425 0.50056505 0.5573657 0.9999868 0.49947843 0.5035914 0.50051737 0.9999994 0.5005889 0.0
0.53608537 0.500378 0.54056025 0.99999297 0.49963957 0.5026345 0.50035816 0.99999964 0.5004334 0.0
0.5398947 0.5002239 0.55879664 0.99995416 0.4995766 0.50675714 0.5004148 0.9999994 0.50064003 0.0
0.54358613 0.50032014 0.56619686 0.99994045 0.49955475 0.50770265 0.5004354 0.9999994 0.50064147 0.0
0.53155625 0.50024104 0.548131 0.99996805 0.4996754 0.50563943 0.5003194 0.99999964 0.500465 0.0
0.5351582 0.50030553 0.549232 0.99998677 0.49908674 0.5035243 0.5009112 0.99999905 0.50029784 0.0
0.5382695 0.5051482 0.5575287 0.9999894 0.4999073 0.5032616 0.500088 0.99999946 0.5007184 0.0
0.52875644 0.50422156 0.5416928 0.99999595 0.5000012 0.5020041 0.49999666 0.9999997 0.500533 0.0
0.53492963 0.5035945 0.55119073 0.9999858 0.49984574 0.5037611 0.5001501 0.99999964 0.50055575 0.0
0.538832 0.5014517 0.56020445 0.99996847 0.49899948 0.50552505 0.5009954 0.9999988 0.5004669 0.0
0.5411797 0.50148875 0.56188416 0.99994445 0.4983986 0.5072797 0.5015936 0.99999714 0.5005488 0.0
0.5312871 0.50101435 0.55064464 0.9999577 0.49875295 0.5063867 0.501241 0.9999982 0.50047785 0.0
0.53221184 0.5007696 0.55698884 0.99993926 0.49843147 0.50763446 0.5015601 0.99999726 0.50056463 0.0
0.5423069 0.49640688 0.5525852 0.99998415 0.49799716 0.50343835 0.50200236 0.99999595 0.5000803 0.0
0.53354084 0.4972372 0.5398893 0.9999926 0.49838042 0.5021845 0.5016195 0.9999974 0.5000219 0.0
0.53770185 0.49853715 0.5388398 0.99999756 0.4987827 0.49902052 0.501217 0.99999845 0.49982625 0.0
0.54533195 0.4990299 0.551996 0.99999857 0.49895787 0.5006003 0.5010422 0.9999989 0.49994293 0.0
0.5345193 0.49932018 0.5409765 0.9999986 0.49914417 0.50080174 0.50085586 0.9999993 0.499985 0.0
0.53807735 0.500004 0.54624814 0.9999926 0.4992837 0.50261897 0.5007157 0.99999946 0.50011706 0.0
0.5447921 0.5006053 0.55593127 0.99998295 0.4993668 0.50407773 0.5006314 0.9999995 0.50022167 0.0
0.53086305 0.50043374 0.5368381 0.99999386 0.4995597 0.5024401 0.5004397 0.99999976 0.5001288 0.0
0.5390789 0.5016931 0.53666085 0.9999994 0.49937645 0.4995627 0.50062305 0.9999993 0.49939057 0.0
0.54610723 0.50168335 0.54663175 0.99999857 0.49884364 0.4996363 0.50115603 0.99999845 0.4995674 0.0
0.54891783 0.5014076 0.5611588 0.99999404 0.49905944 0.5022535 0.50094116 0.9999991 0.4998679 0.0
0.53554034 0.500988 0.546219 0.9999953 0.49925455 0.50204134 0.50074583 0.9999994 0.49990818 0.0
0.5388122 0.49638122 0.5631357 0.99996895 0.49874166 0.50542855 0.5012594 0.99999845 0.49991176 0.0
0.54548323 0.4975 0.56077456 0.9999926 0.4989135 0.5024883 0.5010876 0.9999988 0.49978665 0.0
0.5326001 0.49701568 0.54403484 0.99999547 0.49906147 0.5019191 0.5009394 0.99999905 0.49976885 0.0
0.5362019 0.49441835 0.5464292 0.99999654 0.49867654 0.50131756 0.5013242 0.9999982 0.49972418 0.0
0.5445109 0.5018899 0.5501434 0.9999989 0.49965966 0.50099325 0.50034046 0.9999999 0.49994722 0.0
0.531893 0.501625 0.53507227 0.9999997 0.49978784 0.5004945 0.5002122 0.99999994 0.49997902 0.0
0.53942144 0.49319777 0.53552735 0.999997 0.4985474 0.5009347 0.5014535 0.9999976 0.49951768 0.0
0.54251504 0.49571714 0.5396753 0.99999154 0.4988517 0.50268096 0.50114954 0.9999986 0.49977502 0.0
0.5285118 0.4978196 0.5240582 0.9999983 0.49931848 0.50112337 0.5006819 0.9999995 0.49984396 0.0
0.53293073 0.49529952 0.52534497 0.9999915 0.49893284 0.5027174 0.50106865 0.9999988 0.49973258 0.0
0.55412775 0.49822658 0.53003436 0.99998164 0.49903896 0.5041793 0.5009624 0.99999905 0.49984333 0.0
0.5721749 0.4955514 0.5297516 0.99999106 0.49892554 0.50278354 0.5010736 0.9999988 0.5001616 0.0
0.5507631 0.4965816 0.5222007 0.99999493 0.49923268 0.50211614 0.50076663 0.9999994 0.5001571 0.0
0.5732009 0.50013226 0.5280187 0.9999986 0.49896896 0.50054395 0.5010317 0.99999857 0.49939176 0.0
0.57842 0.5016467 0.5441033 0.9999912 0.4983449 0.50246084 0.5016567 0.99999714 0.49968353 0.0
0.55554175 0.50144565 0.53116107 0.9999957 0.49882326 0.5017128 0.5011775 0.99999857 0.49979138 0.0
0.5648012 0.5031288 0.53795886 0.99999 0.4996528 0.5031506 0.5003473 0.9999999 0.4999818 0.0
0.5689631 0.5033994 0.55261904 0.99996233 0.49899215 0.5060522 0.5010048 0.9999989 0.5002551 0.0
0.57692087 0.49862733 0.561803 0.999938 0.49842703 0.5077155 0.5015696 0.9999975 0.50022924 0.0
0.5560796 0.49835357 0.550632 0.9999566 0.4987903 0.5064732 0.5012068 0.99999845 0.50022954 0.0
0.56028587 0.49634394 0.55766773 0.99996674 0.49860698 0.5055923 0.5013924 0.9999981 0.50006247 0.0
0.5688092 0.49871105 0.5627405 0.99998915 0.49888328 0.5031028 0.5011168 0.99999875 0.49998635 0.0
0.55106694 0.49947184 0.54599476 0.9999962 0.49923205 0.50180477 0.50076807 0.9999994 0.49997154 0.0
0.5503237 0.49211702 0.5565185 0.99998647 0.4982953 0.5032599 0.5017054 0.9999971 0.499894 0.0
0.5613032 0.4734683 0.5702937 0.99994016 0.49572125 0.50644344 0.5042857 0.9999814 0.4994886 0.0
0.54714686 0.47906077 0.55669206 0.99995995 0.4966406 0.5053599 0.50336367 0.99998856 0.4996226 0.0
0.55989784 0.47268963 0.56115043 0.9999447 0.49567077 0.506046 0.50433695 0.9999808 0.49938628 0.0
0.58104366 0.46209118 0.55293065 0.99995166 0.4940828 0.5036508 0.50592697 0.99996316 0.49868205 0.0
0.5610007 0.4722743 0.53848535 0.9999756 0.49565184 0.5023372 0.5043529 0.99998003 0.49899128 0.0
0.56317 0.47254685 0.5492461 0.9999654 0.49568516 0.503996 0.5043218 0.99998057 0.49914297 0.0
0.56799537 0.46581683 0.55913293 0.99993443 0.4947858 0.50619406 0.5052263 0.9999718 0.49905768 0.0
0.56334704 0.46056858 0.55094427 0.9999285 0.49420255 0.5061592 0.5058123 0.99996483 0.4988274 0.0
0.54388505 0.4723917 0.533917 0.9999667 0.49594754 0.5041115 0.5040596 0.9999828 0.4991442 0.0
0.5472929 0.46370256 0.5461239 0.99994135 0.49483317 0.50565094 0.50517905 0.9999721 0.49894753 0.0
0.55603963 0.45962578 0.53410065 0.9999453 0.49423376 0.5046322 0.50577956 0.9999646 0.49858674 0.0
0.5409079 0.46978286 0.5265447 0.9999677 0.4956972 0.5037077 0.5043106 0.99998033 0.4989624 0.0
0.536373 0.47573915 0.52557266 0.99997413 0.49651012 0.50370485 0.5034959 0.9999871 0.49920392 0.0
0.54650515 0.47699466 0.5482955 0.9999403 0.49655324 0.50691986 0.5034539 0.99998784 0.49950793 0.0
0.5343249 0.48364204 0.5377033 0.99996483 0.49753377 0.5053898 0.5024698 0.9999938 0.4996825 0.0
0.54398805 0.4845055 0.54933256 0.99994403 0.49753213 0.507063 0.5024708 0.99999386 0.49981043 0.0
0.5619565 0.48937535 0.5771675 0.999877 0.4979129 0.51089436 0.5020818 0.9999956 0.5002639 0.0
0.5468818 0.49310577 0.5643239 0.9999169 0.49856272 0.5090008 0.50143176 0.99999785 0.50032073 0.0
0.55857056 0.49773294 0.571578 0.99991024 0.49899834 0.50941885 0.5009928 0.9999988 0.5004806 0.0
0.56634843 0.4998078 0.5770818 0.9999108 0.4986509 0.50934803 0.5013392 0.9999979 0.5005417 0.0
0.5687908 0.501177 0.5747386 0.99995136 0.49901885 0.5069038 0.50097567 0.9999989 0.5004015 0.0
0.55051196 0.50097424 0.55399525 0.99997556 0.4993513 0.5048974 0.50064594 0.9999995 0.5002842 0.0
0.546889 0.50561273 0.5527403 0.99997896 0.49966377 0.5045743 0.5003362 0.9999999 0.5000032 0.0
0.5555633 0.5167236 0.5602355 0.999959 0.5010229 0.5063232 0.49896884 0.9999985 0.50064963 0.0
0.53951025 0.5117453 0.5434853 0.99997807 0.5007793 0.5046184 0.4992155 0.99999905 0.5005614 0.0
0.5618305 0.51137745 0.5603943 0.9999484 0.50051206 0.50716865 0.49947774 0.9999992 0.5007074 0.0
0.5574801 0.52719927 0.5540457 0.9999496 0.50256693 0.50661856 0.49741355 0.9999912 0.501458 0.0
0.54150116 0.5200829 0.5362358 0.9999751 0.5019173 0.5046128 0.49807295 0.9999952 0.5010515 0.0
0.5464942 0.52772474 0.5513583 0.9999577 0.5004895 0.5064866 0.4994778 0.9999934 0.50251985 0.0
0.5432339 0.5341621 0.55967504 0.9999395 0.5021395 0.50747746 0.49781927 0.9999877 0.50274044 0.0
0.54842496 0.5341403 0.5602844 0.99994004 0.50158274 0.50758183 0.49837852 0.99999094 0.50254124 0.0
0.53358126 0.5244148 0.5394091 0.99997413 0.50120187 0.50494564 0.49877998 0.9999952 0.50183 0.0
0.52828765 0.5155228 0.54637873 0.9999659 0.4991126 0.50577354 0.500864 0.9999951 0.5020279 0.0
0.5180549 0.5100432 0.5325081 0.9999811 0.49821725 0.5039641 0.5017661 0.99999243 0.50210816 0.0
0.5122426 0.5070161 0.52393764 0.99998975 0.4986487 0.50290394 0.5013418 0.9999955 0.5016339 0.0
0.5185733 0.5105904 0.5299201 0.99998283 0.49810463 0.5036878 0.50188386 0.99999404 0.5015648 0.0
0.5480361 0.51749134 0.53824824 0.99997437 0.49859965 0.50486356 0.501387 0.9999962 0.5013768 0.0
0.54130167 0.5135807 0.5335473 0.99998087 0.49906653 0.50427455 0.5009246 0.9999981 0.501047 0.0
0.5633497 0.51762295 0.53614974 0.99997365 0.49928614 0.5050812 0.5007049 0.9999987 0.50088614 0.0
0.57346475 0.5201204 0.5268703 0.99998605 0.5001433 0.5037278 0.49985147 0.9999995 0.50069964 0.0
0.57186866 0.5172978 0.5181871 0.9999932 0.50000054 0.5026024 0.5000006 0.99999994 0.499776 0.0
0.5566451 0.51333565 0.51470125 0.99999565 0.50003445 0.5020827 0.49996635 1.0 0.49980205 0.0
0.5486017 0.5102552 0.50454307 0.9999994 0.49999765 0.5007476 0.50000274 0.9999999 0.4997213 0.0
0.5409421 0.50684386 0.5255759 0.99998057 0.5003173 0.5043999 0.4996754 0.99999917 0.50083506 0.0
0.52937365 0.50493354 0.5171558 0.99999154 0.500256 0.50289303 0.4997407 0.99999964 0.50056916 0.0
0.5324912 0.50526065 0.51003945 0.9999922 0.49967253 0.50277525 0.50032496 0.9999997 0.50044787 0.0
0.5372902 0.5125301 0.5038993 0.9999848 0.5006037 0.50385123 0.49939212 0.99999934 0.50054574 0.0
0.529526 0.5098046 0.5038121 0.9999894 0.50055933 0.5032034 0.49943787 0.9999995 0.50043535 0.0
0.5252206 0.50828964 0.49555692 0.99999595 0.50007313 0.5020053 0.49992836 0.9999999 0.49963424 0.024693081
0.5193622 0.5053344 0.4925972 0.99999964 0.5004293 0.50044847 0.49957055 0.99999976 0.500178 0.13978794
0.5121968 0.5033329 0.49731484 0.99999976 0.5003005 0.50043577 0.49969932 0.9999999 0.5001624 0.13978794
0.5065497 0.5017602 0.5027677 0.9999994 0.50017965 0.5007746 0.49982005 0.99999994 0.50017613 0.27999443
0.5047171 0.5010993 0.5026822 0.99999917 0.50091136 0.49996954 0.49908864 0.99999917 0.5000689 0.43066406
0.5026677 0.5006142 0.50284827 0.99999964 0.50063086 0.50004506 0.49936914 0.99999964 0.50005656 0.56040734
0.50161415 0.50036955 0.5019042 0.99999976 0.50046074 0.5000185 0.49953923 0.99999976 0.50003535 0.56040734
0.5008924 0.5001935 0.5020113 0.9999989 0.50104165 0.5000937 0.49895832 0.9999989 0.50003356 0.66503906
0.50273925 0.49370182 0.5071722 0.99999875 0.5007696 0.50080764 0.4992307 0.9999994 0.49978122 0.750837
0.5021527 0.49473485 0.505695 0.9999993 0.5005637 0.5006544 0.4994366 0.99999964 0.49981368 0.750837
0.50676084 0.48934332 0.5229424 0.99999213 0.500392 0.502782 0.49960932 0.99999976 0.49975583 0.81152344
0.5059966 0.49224752 0.5214771 0.999992 0.501085 0.5026011 0.49891564 0.9999988 0.49987414 0.84709823
0.50446045 0.4942855 0.5159901 0.9999955 0.50084716 0.5019394 0.4991532 0.9999993 0.49990866 0.84709823
0.5030486 0.49558818 0.5106094 0.9999968 0.50123835 0.50129056 0.4987619 0.99999845 0.49990636 0.8575614
0.50051 0.49673352 0.50785077 0.99999696 0.5007622 0.50157005 0.49923778 0.9999994 0.4999969 0.8575614
0.5013397 0.49767455 0.50242984 0.99999976 0.50049025 0.5001408 0.49950975 0.99999976 0.4998957 0.8575614
0.50134766 0.49908546 0.50091714 0.99999976 0.50039715 0.49975812 0.4996028 0.9999999 0.49992707 0.8575614
0.49946007 0.49960572 0.5024216 0.9999994 0.5003046 0.5006963 0.49969533 0.9999999 0.50005263 0.8575614
0.5009675 0.49971488 0.50816524 0.9999982 0.5001889 0.5013146 0.49981079 0.99999994 0.5001173 0.8575614
0.50124466 0.49978647 0.50839007 0.9999984 0.5001342 0.50125873 0.4998655 1.0 0.50011456 0.8575614
0.4997867 0.49992505 0.5010971 0.9999999 0.5001151 0.5003 0.49988487 1.0 0.5000276 0.8575614
0.49836925 0.49980572 0.5019015 0.99999833 0.5008488 0.500967 0.49915102 0.9999993 0.5000909 0.8575614
0.49864796 0.4998478 0.5014821 0.99999887 0.5007115 0.5007824 0.49928838 0.9999995 0.50007373 0.8575614
0.4979524 0.49997705 0.4957683 0.99999994 0.49981716 0.49986595 0.5001828 1.0 0.4999903 0.8575614
0.48388904 0.5004003 0.46130165 0.9999852 0.5003713 0.49617407 0.49962205 0.9999991 0.4991308 0.8575614
0.4690471 0.5000015 0.42748195 0.9999522 0.49976102 0.4930877 0.5002265 0.99999917 0.49909464 0.8575614
0.4736418 0.5000284 0.43759063 0.99996495 0.49964398 0.49409178 0.5003471 0.9999993 0.4992427 0.8575614
0.46593875 0.5001035 0.41172475 0.99990773 0.4991716 0.4904309 0.50080854 0.9999982 0.49895486 0.8575614
0.46218246 0.5000986 0.39965868 0.9998672 0.49958724 0.48848578 0.5003848 0.99999833 0.49878255 0.8575614
0.47040737 0.50017065 0.41860908 0.99991083 0.4997682 0.49056017 0.50021315 0.999999 0.49900958 0.8575614
0.46190384 0.51167125 0.40433115 0.9998828 0.50142276 0.48926863 0.49856344 0.9999975 0.49937075 0.859654
0.45287824 0.5080724 0.39426675 0.9999255 0.50124586 0.49145982 0.4987455 0.9999982 0.49950525 0.859654
0.46306136 0.5064075 0.41941446 0.9999645 0.5010083 0.4941284 0.49898815 0.9999989 0.4997004 0.859654
0.45687437 0.5141998 0.4079208 0.9999815 0.5024986 0.49649844 0.49750805 0.99999285 0.50096285 0.859654
0.43341142 0.5099304 0.37408233 0.99999607 0.5006067 0.4981215 0.4993963 0.999999 0.500803 0.859654
0.44459358 0.5059265 0.39956895 0.9999995 0.4999175 0.49933523 0.50008327 0.99999964 0.5005664 0.859654
0.4235384 0.50214046 0.36278102 0.99999344 0.49946502 0.497495 0.5005364 0.99999964 0.5002783 0.859654
0.39803615 0.49959928 0.3249473 0.99996454 0.49923077 0.49409422 0.50076824 0.9999994 0.49991053 0.859654
0.37425923 0.49781892 0.27864575 0.9998554 0.50001 0.4879756 0.49997333 0.9999995 0.4993069 0.859654
0.40294322 0.4981045 0.3260871 0.9998889 0.50020033 0.48946062 0.49978542 0.9999995 0.49932817 0.859654
0.3784841 0.4970654 0.29060543 0.99981713 0.4999035 0.48647776 0.50007045 0.99999905 0.4990351 0.859654
0.36009595 0.49596477 0.2616675 0.99975544 0.5003201 0.48436725 0.499645 0.9999986 0.49888772 0.859654
0.39801618 0.49751273 0.32594904 0.99986625 0.50034004 0.48844036 0.49964124 0.9999992 0.49919632 0.859654
0.37283778 0.5087377 0.2950817 0.9998412 0.5021309 0.48758093 0.49786144 0.99999535 0.49971867 0.859654
0.37026754 0.50577766 0.2962821 0.99985564 0.50119346 0.48804632 0.49879807 0.99999845 0.49966076 0.859654
0.41101694 0.5040458 0.36573765 0.9999529 0.5006421 0.49316797 0.4993567 0.9999996 0.4999176 0.859654
0.4012949 0.5013976 0.35029384 0.9999337 0.5008387 0.49190086 0.49915695 0.9999992 0.4997389 0.859654
0.3968374 0.5000841 0.3375209 0.99987996 0.501019 0.48909304 0.4989682 0.99999857 0.4994256 0.859654
0.40225518 0.49914074 0.34309897 0.99986327 0.5010451 0.4883534 0.498938 0.99999833 0.49928668 0.859654
0.43263 0.49938086 0.3938243 0.9999436 0.50075525 0.49253184 0.49923816 0.9999992 0.49956647 0.859654
0.43981266 0.4935753 0.40341985 0.9999288 0.4993807 0.4915841 0.5006063 0.99999905 0.4992224 0.859654
0.44954962 0.4946 0.42497262 0.9999486 0.4995048 0.49284676 0.5004861 0.99999934 0.4993619 0.859654
0.47038794 0.49653825 0.45412672 0.9999728 0.4996063 0.4948016 0.5003887 0.99999964 0.49951762 0.859654
0.47810984 0.49728778 0.46801832 0.9999783 0.4997073 0.49535003 0.5002887 0.99999976 0.49957088 0.859654
0.4867471 0.50426596 0.4814187 0.9999894 0.5005167 0.49678922 0.49948266 0.99999976 0.4999079 0.859654
0.49290198 0.5045758 0.48766452 0.9999939 0.5005331 0.49758872 0.4994667 0.9999997 0.49995527 0.859654
0.49722952 0.49828395 0.49164456 0.9999973 0.49975204 0.4983855 0.5002473 0.9999999 0.49978945 0.859654
0.4981184 0.503749 0.49606323 0.99999905 0.5004325 0.4991267 0.49956757 0.9999998 0.5000482 0.859654
0.49861327 0.503132 0.49697286 0.9999994 0.5003608 0.49930403 0.49963927 0.9999999 0.5000423 0.859654
0.49911457 0.50259364 0.4987393 0.99999976 0.5003019 0.49962416 0.49969813 0.9999999 0.50005543 0.859654
0.5012685 0.5019702 0.50372124 0.9999998 0.50020796 0.50036466 0.49979195 0.99999994 0.5001011 0.859654
0.50079876 0.5014026 0.5024248 0.9999999 0.5001499 0.5002315 0.49985003 1.0 0.5000698 0.859654
0.50009453 0.5009257 0.50058633 1.0 0.50010395 0.50001526 0.49989602 1.0 0.5000333 0.859654
0.50463665 0.5007176 0.5112404 0.99999785 0.5000254 0.50147873 0.49997413 1.0 0.5001572 0.859654
0.505622 0.5005123 0.513502 0.9999968 0.4999908 0.5017996 0.5000086 1.0 0.50017935 0.8575614
0.5043341 0.5003563 0.5103801 0.9999981 0.49998862 0.50138646 0.500011 1.0 0.50013685 0.8575614
0.5085433 0.5004507 0.51649314 0.999997 0.49994805 0.5017162 0.50005144 1.0 0.50015265 0.8575614
0.50641984 0.5001691 0.5175674 0.99999297 0.49994177 0.502657 0.50005686 0.99999994 0.50025374 0.8575614
0.50399387 0.50003016 0.51357335 0.99999446 0.4999552 0.50235194 0.5000437 0.99999994 0.5002294 0.8575614
0.5054895 0.5001859 0.5117097 0.99999803 0.49995485 0.50140506 0.5000448 1.0 0.50012624 0.8575614
0.5151334 0.50056744 0.52707714 0.99999386 0.49988106 0.50247264 0.50011796 0.99999994 0.50020146 0.8575614
0.5202226 0.50045896 0.5395417 0.99999344 0.49980995 0.5025505 0.500189 0.9999999 0.50020164 0.8575614
0.515157 0.50030947 0.530012 0.99999654 0.49985424 0.5018478 0.50014526 1.0 0.5001449 0.8575614
0.52765137 0.5011359 0.54533595 0.9999867 0.49979296 0.50363976 0.50020504 0.9999999 0.50027436 0.8575614
0.5329469 0.5012747 0.55606526 0.9999785 0.49974412 0.50463307 0.50025254 0.9999998 0.5003585 0.8575614
0.52588236 0.5009749 0.54492664 0.99998516 0.4997962 0.50384545 0.50020146 0.9999999 0.500303 0.8575614
0.52872455 0.49989003 0.55765206 0.9999629 0.50000024 0.5060882 0.499985 0.99999857 0.5012133 0.8575614
0.5287593 0.5001841 0.55714715 0.9999653 0.49993384 0.5058881 0.5000544 0.999999 0.50100034 0.8575614
0.5209454 0.50019526 0.5419295 0.9999808 0.49993783 0.50438124 0.500056 0.9999995 0.50069606 0.8575614
0.52777255 0.5004901 0.5539284 0.9999722 0.49987578 0.5052705 0.50011647 0.9999994 0.5007364 0.8575614
0.5450257 0.5011069 0.58366525 0.9999665 0.49969748 0.50577694 0.500295 0.9999995 0.50065243 0.85546875
0.5619095 0.50271523 0.6107002 0.99996364 0.49848625 0.5058354 0.50151575 0.9999977 0.49984023 0.85546875
0.54895544 0.50252765 0.58508897 0.99998146 0.49858826 0.50406694 0.501415 0.99999785 0.49960056 0.85546875
0.5763174 0.5036702 0.62346137 0.9999738 0.49932984 0.505079 0.5006729 0.9999995 0.4997405 0.85546875
0.59000486 0.50387 0.649198 0.9999532 0.49846777 0.5066666 0.50153196 0.9999976 0.5000326 0.85546875
0.57009965 0.5029036 0.61785674 0.9999683 0.49872285 0.5054847 0.5012762 0.99999833 0.5000917 0.85546875
0.58077955 0.5138491 0.6479886 0.99993205 0.50006807 0.50824106 0.49991906 0.9999994 0.50077957 0.8533761
0.5871318 0.5171469 0.66682667 0.9999026 0.49990913 0.5098664 0.50006986 0.99999887 0.5010659 0.8512835
0.56344306 0.5128735 0.62106663 0.9999503 0.4998951 0.5070491 0.50009394 0.9999994 0.50077945 0.8512835
0.5729259 0.5102195 0.63385224 0.9999527 0.4980378 0.5065905 0.50195426 0.9999958 0.50061905 0.8512835
0.57911617 0.5078345 0.6515471 0.99993134 0.49826565 0.50810045 0.5017236 0.99999654 0.5006787 0.84919083
0.55780625 0.5051128 0.60798883 0.9999703 0.49875447 0.5053071 0.5012413 0.99999833 0.50040513 0.84919083
0.5621071 0.5089174 0.63150114 0.9999273 0.4993999 0.5085083 0.50058454 0.9999988 0.500919 0.84919083
0.5674796 0.50630134 0.64463437 0.99988544 0.49930945 0.5106791 0.5006691 0.99999857 0.5010099 0.84709823
0.56310815 0.5116606 0.64398587 0.9998425 0.5002781 0.51254505 0.49968776 0.9999981 0.50135565 0.84709823
0.5444366 0.510275 0.6012465 0.99991703 0.50048554 0.50909454 0.49949545 0.9999987 0.5010414 0.84709823
0.54901755 0.508382 0.6022876 0.9998923 0.50025254 0.51037455 0.49972552 0.9999988 0.5010546 0.84709823
0.5419363 0.5054783 0.5832226 0.99992025 0.50003356 0.50892884 0.4999514 0.9999993 0.50084287 0.84709823
0.52871954 0.5033238 0.5561243 0.9999591 0.4999755 0.50639087 0.500017 0.99999964 0.50058943 0.84709823
0.5230544 0.5014996 0.5513615 0.99996203 0.4998516 0.5061601 0.5001415 0.99999964 0.5005585 0.84709823
0.51901305 0.5007605 0.53264236 0.999985 0.4998228 0.5038762 0.5001749 0.9999999 0.5003009 0.8450056
0.5133681 0.5004535 0.52091724 0.9999941 0.49986538 0.50242436 0.50013375 0.99999994 0.5001741 0.8450056
0.50879145 0.5003345 0.5119502 0.99999815 0.4999148 0.5013603 0.50008494 1.0 0.5000878 0.8408203
0.5052937 0.50021267 0.50603044 0.9999995 0.4999488 0.50065905 0.50005114 1.0 0.50003445 0.8345424
0.5050613 0.5001965 0.5076807 0.99999917 0.49995267 0.50090194 0.5000472 1.0 0.5000642 0.79896766
0.503774 0.50014377 0.5059298 0.9999995 0.49996483 0.50070137 0.5000351 1.0 0.500051 0.79896766
0.508621 0.5006069 0.51112366 0.9999981 0.4999536 0.50138927 0.50004613 1.0 0.500095 0.72154015
0.5066979 0.5005098 0.5079825 0.999999 0.4999682 0.5010024 0.50003165 1.0 0.5000654 0.62109375
0.5045868 0.5003677 0.50499123 0.99999964 0.49998015 0.50062823 0.5000198 1.0 0.5000386 0.62109375
0.50312304 0.5000815 0.50884825 0.9999974 0.49996874 0.5016303 0.50003076 1.0 0.5001545 0.5143694
0.5021186 0.5008482 0.50656664 0.9999982 0.49963185 0.5012836 0.5003696 0.9999995 0.49943477 0.4264788
0.50167686 0.5008361 0.5044421 0.9999992 0.4996479 0.5008049 0.5003531 0.9999995 0.4994051 0.4264788
0.501151 0.50066036 0.5020852 0.9999998 0.49973753 0.5003445 0.5002628 0.9999997 0.49952152 0.34905133
0.49920088 0.5002394 0.5027039 0.99999887 0.49983183 0.50104755 0.5001686 0.99999994 0.49978882 0.29255024
0.49909833 0.5001213 0.5021643 0.99999917 0.49988633 0.50090766 0.5001139 1.0 0.49987993 0.29255024
0.49935383 0.5000761 0.5014185 0.99999964 0.4999245 0.50061 0.5000756 1.0 0.49992096 0.24651228
0.5039404 0.5007161 0.4999236 0.9999998 0.4999515 0.50040483 0.5000486 1.0 0.4998962 0.20884487
0.50304115 0.5005436 0.4998364 0.9999999 0.49996904 0.50031054 0.500031 1.0 0.49993223 0.16908482
0.5019638 0.50034255 0.5000482 0.99999994 0.49997973 0.5002197 0.50002027 1.0 0.49995947 0.16908482
0.5056758 0.50083596 0.49967635 1.0 0.49999446 0.5001415 0.50000554 1.0 0.49994135 0.11467634
0.5056425 0.50091857 0.5008742 0.99999774 0.50000834 0.5015062 0.4999914 1.0 0.5000906 0.05189732
0.5042971 0.5006984 0.50104344 0.9999982 0.50000674 0.5013284 0.49999306 1.0 0.50008947 0.05189732
0.49840748 0.49920496 0.5043363 0.9999882 0.5010099 0.50327796 0.49898377 0.99999803 0.50096214 0.0
0.49504495 0.49283746 0.498037 0.99999255 0.50005776 0.5027273 0.49993974 0.99999976 0.5004574 0.0
0.49597037 0.49380413 0.49670485 0.99999654 0.49982896 0.50184697 0.5001704 0.99999994 0.5001706 0.0
0.4818404 0.4971981 0.46577892 0.9999968 0.49844977 0.49907297 0.50154734 0.9999952 0.4984414 0.0
0.43525633 0.49839485 0.3427533 0.9997237 0.49829918 0.48346567 0.5015898 0.99998605 0.49661657 0.0
0.35444278 0.49577263 0.20102292 0.99897814 0.49915475 0.46806163 0.5005335 0.99997574 0.49510372 0.0
0.37639922 0.49707446 0.24631517 0.9992728 0.4996814 0.47304565 0.5001073 0.9999846 0.4960782 0.0
0.26168498 0.4902551 0.07813364 0.99850553 0.4996031 0.46137276 0.5001041 0.9999856 0.49620655 0.0
0.14603764 0.4825633 -0.067978315 0.99812144 0.49523687 0.4569612 0.50454545 0.9999719 0.4972756 0.0
0.19116692 0.484665 0.002200827 0.9986341 0.49515578 0.4633857 0.5047001 0.9999733 0.49786076 0.0
0.07762011 0.47240603 -0.12834544 0.9984609 0.49203268 0.46161687 0.5077954 0.99993277 0.4974616 0.0
-0.022618882 0.4641983 -0.22089879 0.99816567 0.488635 0.45874694 0.5112213 0.9998692 0.49779537 0.0
0.02204854 0.46603933 -0.15566777 0.9985002 0.48943383 0.46277243 0.5104514 0.999887 0.49806905 0.0
-0.05878795 0.46465632 -0.2220353 0.99829507 0.48961073 0.46007374 0.5102603 0.9998906 0.49797514 0.0
-0.1226731 0.4519956 -0.26481572 0.99802065 0.490225 0.45664227 0.5095867 0.9999014 0.49741307 0.0
-0.0700872 0.45445085 -0.19517305 0.9983537 0.4910365 0.46046206 0.5088021 0.9999168 0.4976113 0.0
-0.146222 0.43628535 -0.2566698 0.9977205 0.4907881 0.45320874 0.5089151 0.9999076 0.49641287 0.0
-0.2136157 0.41446275 -0.30723077 0.9971296 0.48988307 0.4474663 0.5096675 0.99988365 0.49521682 0.0
-0.27182174 0.40469682 -0.3335045 0.9971065 0.4904809 0.44713688 0.5090434 0.9998934 0.495025 0.0
-0.22098164 0.40957156 -0.2743456 0.9974986 0.49112165 0.45084363 0.5084662 0.99990714 0.49539316 0.0
-0.2791303 0.39576262 -0.32297212 0.9973558 0.49010333 0.44960928 0.50943935 0.9998858 0.4949891 0.0
-0.33434284 0.37278268 -0.37843388 0.9971175 0.48844174 0.44764972 0.511092 0.99985164 0.49496907 0.0
-0.27666765 0.38028222 -0.31252456 0.9975518 0.48926136 0.45176184 0.5103486 0.9998723 0.49546057 0.0
-0.36087987 0.37662005 -0.37650076 0.99701446 0.49049163 0.4462766 0.5090354 0.9998945 0.49511474 0.0
-0.39534834 0.37339917 -0.36690387 0.99721956 0.4913047 0.4480663 0.5083672 0.99991703 0.4964068 0.0
-0.34207475 0.3800029 -0.30916837 0.99757725 0.49184367 0.4515196 0.50787306 0.9999271 0.49669692 0.0
-0.37721676 0.37340823 -0.2957851 0.9977088 0.49210313 0.452845 0.50761014 0.9999305 0.4966012 0.0
-0.41611147 0.36391115 -0.2921531 0.9976187 0.49211806 0.45190078 0.5076153 0.99993217 0.4968627 0.0
-0.45121905 0.3527306 -0.2833305 0.9974339 0.49124286 0.45017177 0.5085601 0.99992096 0.49759644 0.0
-0.39512125 0.36040238 -0.23081768 0.9977143 0.49173218 0.45296633 0.50809526 0.99992955 0.49778488 0.0
-0.4119024 0.3496933 -0.1825774 0.99786437 0.49113244 0.45469588 0.50913537 0.99991006 0.50254273 0.0
-0.4242019 0.34152538 -0.1174574 0.99840903 0.48955798 0.46153718 0.5109465 0.99984235 0.50614834 0.0
-0.36694932 0.3496269 -0.070401095 0.99863756 0.49002385 0.46448895 0.51043177 0.99985445 0.5060561 0.0
-0.3843267 0.35666555 0.013463534 0.9994285 0.49119112 0.47778362 0.50920975 0.9998368 0.5088503 0.0
-0.37380475 0.3617172 0.09896137 0.99977446 0.48954982 0.4892181 0.5106776 0.9997748 0.51054066 0.0
-0.3167483 0.3696186 0.13589486 0.99981415 0.49001023 0.4907272 0.5101741 0.9997974 0.5099525 0.0
-0.31731564 0.3741041 0.18070556 0.99987805 0.48931217 0.4972248 0.5107473 0.99975955 0.5111731 0.0
-0.28801534 0.37653503 0.22969957 0.99990284 0.49014503 0.49995884 0.50985354 0.9997859 0.5108156 0.0
-0.27238536 0.37736133 0.27405715 0.9999157 0.49132183 0.5029937 0.5086122 0.9998112 0.5107073 0.0
-0.2140082 0.38511854 0.29989547 0.9999286 0.49209094 0.50297403 0.5078487 0.99984014 0.5099096 0.0
-0.19234616 0.39065903 0.34654602 0.99992275 0.49387386 0.50629914 0.5059996 0.99986434 0.5099817 0.0
-0.1672222 0.39748964 0.40550992 0.9998816 0.49446535 0.50936735 0.5053385 0.9998622 0.5104558 0.0
-0.10849845 0.40583616 0.42285872 0.99989676 0.49486962 0.50877166 0.50496155 0.99988294 0.5096123 0.0
-0.069666915 0.40679863 0.4948613 0.99978745 0.49423465 0.5133885 0.5055303 0.99989164 0.5088201 0.0
-0.026922524 0.42039028 0.53472126 0.9997785 0.4948954 0.5139788 0.5048498 0.9998927 0.50915104 0.0
0.037830323 0.43018192 0.5392342 0.9998244 0.49555534 0.5124831 0.5042419 0.99991554 0.50815195 0.0
0.09641707 0.4382196 0.5509519 0.9998213 0.49519327 0.5124719 0.5046221 0.99992335 0.507438 0.0
0.16386832 0.44787437 0.5556872 0.99984956 0.49724463 0.51194966 0.5026014 0.9999514 0.50646544 0.0
0.23296686 0.45777535 0.5675829 0.99983203 0.4977027 0.5127522 0.50215 0.99996173 0.5057973 0.0
0.30289206 0.4685041 0.5600348 0.9998791 0.49744156 0.5106918 0.50246054 0.99997276 0.5046014 0.0
0.3561175 0.47679606 0.5477091 0.9999287 0.4980771 0.50822026 0.5018663 0.9999846 0.5034547 0.0
0.43216607 0.48837703 0.55178535 0.99996305 0.49877986 0.5059543 0.5011934 0.9999935 0.50224966 0.0
0.4949097 0.49854895 0.5646869 0.99993193 0.499261 0.5082167 0.5007045 0.9999951 0.5021039 0.0
0.51446974 0.5017027 0.555739 0.9999415 0.49949703 0.5076305 0.5004777 0.999997 0.5016602 0.0
0.54400176 0.50601953 0.5679182 0.9998683 0.49912 0.5114417 0.500833 0.99999505 0.5020635 0.0
0.5619739 0.5087094 0.5763271 0.9998245 0.49938315 0.5132296 0.5005593 0.99999493 0.5021836 0.0
0.55185866 0.50733525 0.5610364 0.9998864 0.49961254 0.5106507 0.5003508 0.9999969 0.5017259 0.0
0.56038725 0.50866216 0.56237787 0.9999093 0.49975124 0.50951934 0.5002212 0.99999785 0.5014497 0.0
0.56703115 0.5082489 0.57391095 0.99992853 0.4997727 0.50845027 0.5001974 0.9999968 0.5017709 0.0
0.5444925 0.5054948 0.5488989 0.9999699 0.49986535 0.5054835 0.50012195 0.9999986 0.50115836 0.0
0.5759438 0.51060194 0.5618314 0.99995756 0.49997497 0.5065129 0.50001043 0.99999875 0.5011191 0.0
0.6197351 0.5181458 0.57060844 0.99994636 0.500158 0.5073233 0.49982882 0.99999917 0.50089806 0.0
0.65765446 0.524626 0.58430606 0.9999281 0.501058 0.5084106 0.49892938 0.99999833 0.5007421 0.0
0.6234376 0.5193257 0.56266725 0.9999647 0.50090563 0.5058676 0.499089 0.9999989 0.5004543 0.0
0.6620288 0.52583516 0.55859476 0.9999975 0.5008169 0.50136614 0.49918443 0.9999991 0.49951497 0.0
0.7055845 0.53706557 0.57477415 0.99998546 0.50371844 0.50085473 0.49628255 0.9999859 0.49943426 0.0
0.65659827 0.52993023 0.55625415 0.999987 0.50360596 0.49997807 0.49639404 0.99998677 0.4995524 0.0
0.6918676 0.5294251 0.5681541 0.9999888 0.50292253 0.5016357 0.49708077 0.99999046 0.4989807 0.0
0.7157996 0.5327374 0.59105164 0.99997777 0.5037929 0.5028033 0.49621204 0.99998486 0.49911246 0.0
0.65904415 0.52388394 0.5684504 0.9999883 0.5028271 0.501922 0.49717525 0.99999166 0.4993769 0.0
0.69126433 0.52367616 0.5855973 0.9999837 0.50226986 0.5033351 0.4977373 0.9999937 0.4989168 0.0
0.71348935 0.5284601 0.60464716 0.9999889 0.50179374 0.50280565 0.49821204 0.9999957 0.49896455 0.0
0.7364765 0.53275645 0.62035763 0.9999766 0.50220084 0.5043088 0.49780604 0.9999945 0.49919188 0.0
0.6744916 0.5245019 0.5895826 0.99998647 0.5016883 0.50326663 0.4983151 0.9999969 0.49947742 0.0
0.7019139 0.5318948 0.6137276 0.9999539 0.5020329 0.5064767 0.49795577 0.9999951 0.50086385 0.0
0.7200778 0.5392397 0.6354503 0.9998634 0.5028896 0.5113255 0.49706963 0.9999883 0.5017706 0.0
0.66889894 0.53025657 0.60757846 0.99989885 0.50231576 0.50978625 0.4976537 0.99999213 0.50153625 0.0
0.6790975 0.5252511 0.5981008 0.9998858 0.50106835 0.5106321 0.49891445 0.9999982 0.50079817 0.0
0.69776124 0.52890176 0.5744332 0.99992067 0.501731 0.5087366 0.49826175 0.9999968 0.5004032 0.0
0.6490017 0.5223793 0.54309034 0.99997103 0.5013417 0.5052161 0.49865687 0.9999982 0.5001327 0.0
0.66022897 0.52490604 0.5143726 0.9999939 0.50116426 0.5021792 0.49883768 0.99999845 0.49955294 0.0
0.665203 0.5258247 0.50549024 0.9999978 0.50097185 0.50111634 0.4990297 0.99999857 0.49931395 0.0
0.62115943 0.51887614 0.50403565 0.9999989 0.5006668 0.50080115 0.499334 0.9999993 0.4994871 0.0
0.6245239 0.5194083 0.50210214 0.9999876 0.5026458 0.5023248 0.49735588 0.99999285 0.49963832 0.0
0.617536 0.5168761 0.5030006 0.9999863 0.50188404 0.5031855 0.49811292 0.9999962 0.5004743 0.0
0.62307656 0.51755524 0.5147336 0.9999887 0.5011566 0.5031662 0.49884176 0.99999857 0.5002534 0.0
0.5872429 0.5123831 0.50945926 0.9999963 0.5006956 0.50178653 0.49930403 0.9999995 0.50010526 0.0
0.5996618 0.51429284 0.5059427 0.9999922 0.5005401 0.49726084 0.49945614 0.9999992 0.49931228 0.0
0.6034252 0.5161488 0.5152357 0.9999889 0.5003853 0.49668837 0.49960354 0.999997 0.49831367 0.0
0.57937753 0.51272607 0.51613533 0.9999931 0.50030106 0.4973869 0.49969074 0.9999975 0.49843618 0.0
0.609445 0.52331907 0.519518 0.9999857 0.5010919 0.49638465 0.498897 0.9999964 0.49846545 0.0
0.6219016 0.51742506 0.52646905 0.9999968 0.5011978 0.49866915 0.49880043 0.9999981 0.49932933 0.0
0.58598 0.50997245 0.5209595 0.99999917 0.50070614 0.49941134 0.49929354 0.9999994 0.4997012 0.0
0.6049085 0.51296556 0.5341944 0.99999505 0.49986157 0.5022196 0.5001391 1.0 0.49985433 0.0
0.6171365 0.5147358 0.56125116 0.99997354 0.50055575 0.5051181 0.49944293 0.99999964 0.5001247 0.0
0.6036919 0.52011263 0.57364696 0.99997 0.50017935 0.5054717 0.4998236 0.9999999 0.499728 0.0
0.5728737 0.5153125 0.55774987 0.99998254 0.50002176 0.50417984 0.49997976 1.0 0.49981645 0.0
0.5625363 0.5173186 0.54146415 0.99999905 0.5005311 0.5008171 0.49946934 0.99999964 0.49974993 0.0
0.5805083 0.5285359 0.5732949 0.9999883 0.5018934 0.5028529 0.4981035 0.9999961 0.5005405 0.0
0.5626399 0.5228883 0.5584694 0.9999927 0.501631 0.50215435 0.4983666 0.999997 0.50055045 0.0
0.57030016 0.51951736 0.5763984 0.99997926 0.5011772 0.5044035 0.4988172 0.9999982 0.5006338 0.0
0.5757913 0.5164243 0.5995545 0.9999146 0.50076276 0.50921047 0.49921653 0.9999981 0.5011175 0.0
0.5589206 0.5117303 0.58132195 0.9999314 0.50047994 0.50826883 0.4995038 0.9999988 0.5009811 0.0
0.5600569 0.5037656 0.58912396 0.9998921 0.49954617 0.5103769 0.50043494 0.999999 0.5009131 0.0
0.5709556 0.5060175 0.61200976 0.99981 0.49966294 0.51378083 0.5002992 0.999998 0.50137633 0.0
0.57485646 0.50111926 0.61116755 0.99984103 0.4990427 0.5125704 0.50093424 0.9999983 0.5009286 0.0
0.55512905 0.5003644 0.58015954 0.9999207 0.4992457 0.5088694 0.5007437 0.99999905 0.50060457 0.0
0.5672792 0.5047811 0.58431053 0.9999597 0.4995713 0.50633574 0.5004247 0.99999976 0.5003194 0.0
0.56879765 0.50128204 0.5887945 0.9999455 0.4988429 0.50729007 0.5011653 0.99999833 0.4994476 0.0
0.54821676 0.50031793 0.56250525 0.9999715 0.49902943 0.50525 0.5009774 0.9999986 0.4993528 0.0
0.5469638 0.50059044 0.5587266 0.999982 0.4994468 0.5042081 0.5005515 0.99999964 0.50020343 0.0
0.5440437 0.5029227 0.55980134 0.99997234 0.4994271 0.50522494 0.5005768 0.9999995 0.49963215 0.0
0.5330565 0.5024093 0.54560655 0.9999827 0.4995557 0.504132 0.5004471 0.99999964 0.49966162 0.0
0.52671385 0.5030537 0.53946257 0.9999839 0.4998057 0.5040027 0.50019455 1.0 0.4999714 0.0
0.5199978 0.5022957 0.53126305 0.99998784 0.49987504 0.50348395 0.50012434 1.0 0.5000943 0.0
0.5136111 0.5016473 0.5213755 0.9999942 0.4999231 0.50240153 0.50007653 1.0 0.50006866 0.0
0.50477254 0.49571213 0.5090212 0.99999714 0.49940136 0.5015758 0.5005992 0.99999964 0.49981755 0.0
0.49351272 0.4949188 0.49127686 0.99999964 0.49976215 0.4994204 0.5002383 0.99999976 0.50038046 0.0
0.46881846 0.49194172 0.45258638 0.9999732 0.50002337 0.4948194 0.49998254 0.99999964 0.5005709 0.0
