-0.05982525072754008 -0.7470486437003072 -0.06596117387908257 0.589048622548086 -0.08590292412159606 1.3974564977638195 -0.04295146206079803 0.0
-0.05982525072754008 -0.7470486437003072 -0.06596117387908257 0.5767767762450009 -0.08590292412159606 1.3805827090970775 -0.04141748127291223 0.0
-0.05982525072754008 -0.7470486437003072 -0.06596117387908257 0.5767767762450009 -0.08590292412159606 1.3805827090970775 -0.04141748127291223 0.0
-0.05982525072754008 -0.7470486437003072 -0.06596117387908257 0.5721748338813439 -0.08590292412159606 1.3729128051576485 -0.04295146206079803 0.0
-0.05982525072754008 -0.7470486437003072 -0.06596117387908257 0.5691068723055728 -0.08590292412159606 1.368310862793992 -0.04295146206079803 0.0
-0.05982525072754008 -0.7470486437003072 -0.06596117387908257 0.5691068723055728 -0.08590292412159606 1.368310862793992 -0.04295146206079803 0.0
-0.05982525072754008 -0.7470486437003072 -0.06596117387908257 0.5691068723055728 -0.08590292412159606 1.3667768820061061 -0.04295146206079803 0.0
-0.05982525072754008 -0.7455146629124215 -0.0674951546669682 0.5675728915176874 -0.08590292412159606 1.3652429012182203 -0.04141748127291223 0.0
-0.05982525072754008 -0.7455146629124215 -0.0674951546669682 0.5675728915176874 -0.08590292412159606 1.3652429012182203 -0.04141748127291223 0.0
-0.05982525072754008 -0.743980682124536 -0.0674951546669682 0.5645049299419158 -0.08590292412159606 1.3560390164909064 -0.04295146206079803 0.0
-0.05982525072754008 -0.7455146629124214 -0.0674951546669682 0.5568350260024877 -0.08590292412159606 1.3468351317635934 -0.04141748127291223 0.0
-0.05982525072754008 -0.743980682124536 -0.0674951546669682 0.5537670644267165 -0.08590292412159606 1.3453011509757076 -0.04141748127291223 0.0
-0.05982525072754008 -0.743980682124536 -0.0674951546669682 0.5537670644267165 -0.08590292412159606 1.3453011509757076 -0.04141748127291223 0.0
-0.05982525072754008 -0.743980682124536 -0.0674951546669682 0.5537670644267165 -0.08436894333371026 1.3437671701878218 -0.04141748127291223 0.0
-0.05829126993965428 -0.743980682124536 -0.0674951546669682 0.5537670644267165 -0.08436894333371026 1.3437671701878218 -0.04141748127291223 0.0
-0.05829126993965428 -0.743980682124536 -0.0674951546669682 0.5537670644267165 -0.08436894333371026 1.3437671701878218 -0.04141748127291223 0.0
-0.05522330836388312 -0.7393787397608791 -0.0674951546669682 0.5537670644267165 -0.08590292412159606 1.342233189399936 -0.03988350048502687 0.0
-0.053689327575997536 -0.7255729126699082 -0.0674951546669682 0.5537670644267165 -0.08436894333371026 1.3391652278241644 -0.03988350048502687 0.0
-0.053689327575997536 -0.7255729126699082 -0.0674951546669682 0.5537670644267165 -0.08436894333371026 1.3391652278241644 -0.03988350048502687 0.0
-0.052155346788111734 -0.7040971816395092 -0.0674951546669682 0.5568350260024877 -0.08436894333371026 1.333029304672622 -0.03988350048502687 0.0
-0.052155346788111734 -0.7025632008516238 -0.0674951546669682 0.5583690067903735 -0.08436894333371026 1.3238254199453081 -0.03988350048502687 0.0
-0.052155346788111734 -0.7025632008516238 -0.0674951546669682 0.5583690067903735 -0.08436894333371026 1.3238254199453081 -0.03988350048502687 0.0
-0.052155346788111734 -0.6994952392758522 -0.0674951546669682 0.5583690067903735 -0.08436894333371026 1.3146215352179942 -0.04295146206079803 0.0
-0.05062136600022615 -0.6979612584879669 -0.0674951546669682 0.5599029875782588 -0.08436894333371026 1.3038836697027953 -0.04448544284868339 0.0
-0.04908738521234057 -0.6887573737606529 -0.0674951546669682 0.5614369683661447 -0.08436894333371026 1.2931458041875956 -0.04601942363656919 0.0
-0.04908738521234057 -0.6887573737606529 -0.0674951546669682 0.5614369683661447 -0.08436894333371026 1.2931458041875956 -0.04601942363656919 0.0
-0.04755340442445477 -0.6780195082454532 -0.0674951546669682 0.5629709491540305 -0.0813009817579391 1.2824079386723959 -0.04908738521234035 0.0
-0.04755340442445477 -0.6657476619423681 -0.0674951546669682 0.5660389107298016 -0.07976700097005329 1.2716700731571962 -0.05062136600022615 0.0
-0.04755340442445477 -0.6657476619423681 -0.0674951546669682 0.5660389107298016 -0.07976700097005329 1.2716700731571962 -0.05062136600022615 0.0
-0.04755340442445477 -0.6473398924877407 -0.0674951546669682 0.5706408530934586 -0.07823302018216749 1.2624661884298831 -0.05062136600022615 0.0
-0.04601942363656919 -0.6335340653967698 -0.0674951546669682 0.5783107570328867 -0.07669903939428213 1.2593982268541115 -0.05062136600022615 0.0
-0.04601942363656919 -0.6335340653967698 -0.0674951546669682 0.5783107570328867 -0.07669903939428213 1.2593982268541115 -0.05062136600022615 0.0
-0.04601942363656919 -0.6181942575179136 -0.0674951546669682 0.5859806609723148 -0.07516505860639633 1.2578642460662257 -0.05062136600022615 0.0
-0.04601942363656919 -0.6089903727905996 -0.06596117387908257 0.5875146417602006 -0.07363107781851097 1.2578642460662257 -0.05062136600022615 0.0
-0.04601942363656919 -0.6013204688511715 -0.06442719309119693 0.5905826033359718 -0.07209709703062517 1.2578642460662257 -0.04755340442445499 0.0
-0.04601942363656919 -0.6013204688511715 -0.06442719309119693 0.5905826033359718 -0.07209709703062517 1.2578642460662257 -0.04755340442445499 0.0
-0.04448544284868361 -0.5967185264875146 -0.06135923151542565 0.5921165841238576 -0.07209709703062517 1.25633026527834 -0.044485442848683394 0.0
-0.04141748127291223 -0.593650564911743 -0.059825250727540004 0.593650564911743 -0.07056311624273937 1.254796284490454 -0.04295146206079803 0.0
-0.04141748127291223 -0.593650564911743 -0.059825250727540004 0.593650564911743 -0.07056311624273937 1.254796284490454 -0.04295146206079803 0.0
-0.039883500485026646 -0.5905826033359718 -0.05829126993965436 0.593650564911743 -0.06902913545485401 1.247126380551026 -0.04141748127291223 0.0
-0.039883500485026646 -0.5875146417602006 -0.05829126993965436 0.593650564911743 -0.06902913545485401 1.2363885150358271 -0.03988350048502687 0.0
-0.039883500485026646 -0.5875146417602006 -0.05829126993965436 0.593650564911743 -0.06902913545485401 1.2363885150358271 -0.03988350048502687 0.0
-0.039883500485026646 -0.5813787186086579 -0.05829126993965436 0.5951845456996288 -0.0674951546669682 1.2333205534600555 -0.03681553890925526 0.0
-0.038349519697141066 -0.5767767762450009 -0.05829126993965436 0.6013204688511715 -0.0659611738790824 1.2317865726721697 -0.035281558121369905 0.0
-0.038349519697141066 -0.5767767762450009 -0.05829126993965436 0.6013204688511715 -0.0659611738790824 1.2317865726721697 -0.035281558121369905 0.0
-0.0337475773334841 -0.5645049299419158 -0.05829126993965436 0.610524353578485 -0.0659611738790824 1.2317865726721697 -0.03067961575771294 0.0
-0.026077673394055978 -0.5522330836388307 -0.056757289151768725 0.6197282383057989 -0.0659611738790824 1.2317865726721697 -0.026077673394055978 0.0
-0.012271846303085088 -0.5445631796994026 -0.056757289151768725 0.6227961998815705 -0.0659611738790824 1.2317865726721697 -0.021475731030399015 0.0
-0.012271846303085088 -0.5445631796994026 -0.056757289151768725 0.6227961998815705 -0.0659611738790824 1.2317865726721697 -0.021475731030399015 0.0
0.0 -0.5384272565478598 -0.056757289151768725 0.6227961998815705 -0.0659611738790824 1.2317865726721697 -0.015339807878856249 0.0
0.012271846303085088 -0.5322913333963175 -0.056757289151768725 0.6227961998815705 -0.0674951546669682 1.230252591884284 -0.007669903939428124 0.0
0.012271846303085088 -0.5322913333963175 -0.056757289151768725 0.6227961998815705 -0.0674951546669682 1.230252591884284 -0.007669903939428124 0.0
0.021475731030399015 -0.5261554102447747 -0.056757289151768725 0.6243301806694559 -0.0674951546669682 1.228718611096399 -0.004601942363656963 0.0
0.024543692606170175 -0.5200194870932324 -0.056757289151768725 0.6243301806694559 -0.0674951546669682 1.2271846303085132 -0.004601942363656963 0.0
0.024543692606170175 -0.5200194870932324 -0.056757289151768725 0.6243301806694559 -0.0674951546669682 1.2271846303085132 -0.004601942363656963 0.0
0.02761165418194156 -0.5169515255174613 -0.056757289151768725 0.6243301806694559 -0.0674951546669682 1.2271846303085132 -0.004601942363656963 0.0
0.02761165418194156 -0.5108156023659185 -0.056757289151768725 0.6243301806694559 -0.0674951546669682 1.2271846303085132 -0.004601942363656963 0.0
0.02761165418194156 -0.5077476407901473 -0.056757289151768725 0.6243301806694559 -0.0674951546669682 1.2271846303085132 -0.003067961575771161 0.0
0.02761165418194156 -0.5077476407901473 -0.056757289151768725 0.6243301806694559 -0.0674951546669682 1.2271846303085132 -0.003067961575771161 0.0
0.02914563496982714 -0.5031456984264904 -0.05522330836388308 0.6258641614573417 -0.0674951546669682 1.2271846303085132 -0.003067961575771161 0.0
0.03221359654559852 -0.4985437560628334 -0.056757289151768725 0.627398142245227 -0.0674951546669682 1.2256506495206274 -0.003067961575771161 0.0
0.03221359654559852 -0.4985437560628334 -0.056757289151768725 0.627398142245227 -0.0674951546669682 1.2256506495206274 -0.003067961575771161 0.0
0.03221359654559852 -0.49394181369917645 -0.056757289151768725 0.627398142245227 -0.0659611738790824 1.2179807455811993 -0.0015339807878858025 0.0
0.03528155812136968 -0.4847379289718625 -0.056757289151768725 0.6304661038209987 -0.0674951546669682 1.2057088992781138 -0.0015339807878858025 0.0
0.03528155812136968 -0.4847379289718625 -0.056757289151768725 0.6304661038209987 -0.0674951546669682 1.2057088992781138 -0.0015339807878858025 0.0
0.03528155812136968 -0.4755340442445486 -0.056757289151768725 0.632000084608884 -0.0674951546669682 1.1980389953386856 -0.0015339807878858025 0.0
0.03528155812136968 -0.4647961787293493 -0.056757289151768725 0.6350680461846556 -0.0674951546669682 1.194971033762915 -0.0015339807878858025 0.0
0.03528155812136968 -0.4509903516383784 -0.056757289151768725 0.6396699885483126 -0.0674951546669682 1.1919030721871433 -0.0015339807878858025 0.0
0.03528155812136968 -0.4509903516383784 -0.056757289151768725 0.6396699885483126 -0.0674951546669682 1.1919030721871433 -0.0015339807878858025 0.0
0.03528155812136968 -0.43411656297163637 -0.056757289151768725 0.6488738732756261 -0.0674951546669682 1.1888351106113717 -0.0015339807878858025 0.0
0.03528155812136968 -0.4187767550927801 -0.05829126993965436 0.6565437772150546 -0.06902913545485401 1.176563264308287 -0.0015339807878858025 0.0
0.03528155812136968 -0.4187767550927801 -0.05829126993965436 0.6565437772150546 -0.06902913545485401 1.176563264308287 -0.0015339807878858025 0.0
0.036815538909255485 -0.4034369472139234 -0.056757289151768725 0.6611457195787112 -0.06902913545485401 1.1658253987930873 -0.0015339807878858025 0.0
0.036815538909255485 -0.389631120122953 -0.056757289151768725 0.6611457195787112 -0.06902913545485401 1.1581554948536592 -0.0015339807878858025 0.0
0.036815538909255485 -0.389631120122953 -0.056757289151768725 0.6611457195787112 -0.06902913545485401 1.1581554948536592 -0.0015339807878858025 0.0
0.036815538909255485 -0.3773592738198679 -0.056757289151768725 0.662679700366597 -0.06902913545485401 1.1520195717021169 -0.0015339807878858025 0.0
0.036815538909255485 -0.36662140830466816 -0.056757289151768725 0.6642136811544828 -0.06902913545485401 1.1458836485505737 -0.0015339807878858025 0.0
0.036815538909255485 -0.36662140830466816 -0.056757289151768725 0.6642136811544828 -0.06902913545485401 1.1458836485505737 -0.0015339807878858025 0.0
0.036815538909255485 -0.3558835427894689 -0.056757289151768725 0.6642136811544828 -0.06902913545485401 1.1351457830353748 -0.0015339807878858025 0.0
0.036815538909255485 -0.34667965806215495 -0.056757289151768725 0.6642136811544828 -0.06902913545485401 1.124407917520175 -0.0015339807878858025 0.0
0.036815538909255485 -0.3359417925469552 -0.05522330836388308 0.6657476619423681 -0.06902913545485401 1.1152040327928612 -0.0015339807878858025 0.0
0.036815538909255485 -0.3359417925469552 -0.05522330836388308 0.6657476619423681 -0.06902913545485401 1.1152040327928612 -0.0015339807878858025 0.0
0.036815538909255485 -0.3221359654559848 -0.05522330836388308 0.6657476619423681 -0.06902913545485401 1.107534128853433 -0.003067961575771161 0.0
0.036815538909255485 -0.3067961575771281 -0.05522330836388308 0.6672816427302539 -0.07056311624273937 1.0967962633382333 -0.007669903939428124 0.0
0.036815538909255485 -0.3067961575771281 -0.05522330836388308 0.6672816427302539 -0.07056311624273937 1.0967962633382333 -0.007669903939428124 0.0
0.038349519697141066 -0.29145634969827183 -0.05522330836388308 0.6672816427302539 -0.07056311624273937 1.0845244170351487 -0.01380582709097089 0.0
0.038349519697141066 -0.28071848418307255 -0.05522330836388308 0.6688156235181397 -0.07056311624273937 1.0722525707320631 -0.023009711818284817 0.0
0.038349519697141066 -0.28071848418307255 -0.05522330836388308 0.6688156235181397 -0.07056311624273937 1.0722525707320631 -0.023009711818284817 0.0
0.04141748127291223 -0.26537867630421585 -0.05522330836388308 0.6703496043060251 -0.07056311624273937 1.0630486860047492 -0.03681553890925526 0.0
0.052155346788111734 -0.24697090684958845 -0.05522330836388308 0.6764855274575678 -0.07209709703062517 1.056912762853207 -0.04755340442445499 0.0
0.0674951546669682 -0.2270291566070748 -0.05522330836388308 0.6856894121848818 -0.07363107781851097 1.0538448012774353 -0.05062136600022615 0.0
0.0674951546669682 -0.2270291566070748 -0.05522330836388308 0.6856894121848818 -0.07363107781851097 1.0538448012774353 -0.05062136600022615 0.0
0.08130098175793887 -0.20708740636456158 -0.05522330836388308 0.6918253353364241 -0.07516505860639633 1.0492428589137788 -0.05982525072754008 0.0
0.0905048664852528 -0.18867963690993372 -0.05522330836388308 0.6948932969121953 -0.07669903939428213 1.0461748973380072 -0.07056311624273937 0.0
0.0905048664852528 -0.18867963690993372 -0.05522330836388308 0.6948932969121953 -0.07669903939428213 1.0461748973380072 -0.07056311624273937 0.0
0.09203884727313838 -0.17487380981896328 -0.05522330836388308 0.6964272777000811 -0.07669903939428213 1.0446409165501214 -0.07823302018216749 0.0
0.09203884727313838 -0.16260196351587775 -0.05522330836388308 0.6964272777000811 -0.07669903939428213 1.0431069357622356 -0.09510680884890954 0.0
0.09203884727313838 -0.16260196351587775 -0.05522330836388308 0.6964272777000811 -0.07669903939428213 1.0431069357622356 -0.09510680884890954 0.0
0.09203884727313838 -0.15186409800067846 -0.05522330836388308 0.6964272777000811 -0.07669903939428213 1.0431069357622356 -0.10737865515199507 0.0
0.09664078963679534 -0.13805827090970757 -0.05522330836388308 0.6994952392758522 -0.07669903939428213 1.0431069357622356 -0.11965050145508016 0.0
0.09664078963679534 -0.12885438618239364 -0.05522330836388308 0.701029220063738 -0.07669903939428213 1.0431069357622356 -0.12732040539450828 0.0
0.09664078963679534 -0.12885438618239364 -0.05522330836388308 0.701029220063738 -0.07669903939428213 1.0431069357622356 -0.12732040539450828 0.0
0.09664078963679534 -0.1150485590914232 -0.05522330836388308 0.7086991240031661 -0.07669903939428213 1.0431069357622356 -0.13038836697027945 0.0
0.09664078963679534 -0.09817477042468115 -0.05522330836388308 0.7194369895183659 -0.07823302018216749 1.0431069357622356 -0.13805827090970757 0.0
0.09664078963679534 -0.09817477042468115 -0.05522330836388308 0.7194369895183659 -0.07823302018216749 1.0431069357622356 -0.13805827090970757 0.0
0.09664078963679534 -0.08283496254582445 -0.05522330836388308 0.7286408742456794 -0.07823302018216749 1.0431069357622356 -0.15493205957644962 0.0
0.09664078963679534 -0.06442719309119704 -0.05522330836388308 0.7378447589729933 -0.07976700097005329 1.0431069357622356 -0.16413594430376355 0.0
0.09664078963679534 -0.06442719309119704 -0.05522330836388308 0.7378447589729933 -0.07976700097005329 1.0431069357622356 -0.16413594430376355 0.0
0.09664078963679534 -0.04908738521234035 -0.056757289151768725 0.7470486437003072 -0.07823302018216749 1.0431069357622356 -0.18407769454627676 0.0
0.09664078963679534 -0.03067961575771294 -0.05829126993965436 0.7547185476397353 -0.07976700097005329 1.0431069357622356 -0.19174759848570533 0.0
0.09664078963679534 -0.03067961575771294 -0.05829126993965436 0.7547185476397353 -0.07976700097005329 1.0431069357622356 -0.19174759848570533 0.0
0.09664078963679534 -0.015339807878856249 -0.05829126993965436 0.7639224323670493 -0.07823302018216749 1.0431069357622356 -0.19941750242513345 0.0
0.09664078963679534 0.0015339807878858025 -0.05829126993965436 0.7731263170943632 -0.07823302018216749 1.0431069357622356 -0.20555342557667577 0.0
0.09664078963679534 0.018407769454627854 -0.05829126993965436 0.7838641826095625 -0.07669903939428213 1.0431069357622356 -0.21322332951610434 0.0
0.09664078963679534 0.018407769454627854 -0.05829126993965436 0.7838641826095625 -0.07669903939428213 1.0431069357622356 -0.21322332951610434 0.0
0.09664078963679534 0.03988350048502687 -0.05829126993965436 0.7946020481247622 -0.07823302018216749 1.0415729549743507 -0.2162912910918755 0.0
0.09664078963679534 0.05982525072754008 -0.05829126993965436 0.8038059328520761 -0.07669903939428213 1.0415729549743507 -0.22089323345553247 0.0
0.09664078963679534 0.05982525072754008 -0.05829126993965436 0.8038059328520761 -0.07669903939428213 1.0415729549743507 -0.22089323345553247 0.0
0.09664078963679534 0.0813009817579391 -0.05829126993965436 0.8130098175793896 -0.07669903939428213 1.038504993398579 -0.22549517581918943 0.0
0.09664078963679534 0.10431069357622347 -0.05829126993965436 0.8237476830945893 -0.07516505860639633 1.0293011086712651 -0.2285631373949606 0.0
0.09664078963679534 0.10431069357622347 -0.05829126993965436 0.8237476830945893 -0.07516505860639633 1.0293011086712651 -0.2285631373949606 0.0
0.09664078963679534 0.12425244381873712 -0.05829126993965436 0.8375535101855602 -0.07669903939428213 1.0200972239439512 -0.2285631373949606 0.0
0.09664078963679534 0.1472621556370215 -0.05829126993965436 0.8467573949128737 -0.07516505860639633 1.0185632431560654 -0.2300971181828464 0.0
0.09664078963679534 0.16260196351587775 -0.05829126993965436 0.8513593372765307 -0.07516505860639633 1.0185632431560654 -0.2300971181828464 0.0
0.09664078963679534 0.16260196351587775 -0.05829126993965436 0.8513593372765307 -0.07516505860639633 1.0185632431560654 -0.2300971181828464 0.0
0.09817477042468115 0.17640779060684864 -0.056757289151768725 0.8544272988523023 -0.07516505860639633 1.0154952815802947 -0.2300971181828464 0.0
0.09664078963679534 0.18867963690993372 -0.056757289151768725 0.8544272988523023 -0.07516505860639633 1.0139613007924089 -0.2300971181828464 0.0
0.09664078963679534 0.18867963690993372 -0.056757289151768725 0.8544272988523023 -0.07516505860639633 1.0139613007924089 -0.2300971181828464 0.0
0.09510680884890976 0.19941750242513345 -0.05522330836388308 0.8559612796401876 -0.07209709703062517 1.012427320004523 -0.2300971181828464 0.0
0.09664078963679534 0.2162912910918755 -0.05522330836388308 0.8590292412159592 -0.07056311624273937 1.012427320004523 -0.2300971181828464 0.0
0.09664078963679534 0.2162912910918755 -0.05522330836388308 0.8590292412159592 -0.07056311624273937 1.012427320004523 -0.2300971181828464 0.0
0.09817477042468115 0.23623304133438872 -0.05522330836388308 0.8713010875190443 -0.07056311624273937 1.012427320004523 -0.2285631373949606 0.0
0.09970875121256673 0.2500388684253596 -0.05522330836388308 0.8820389530342436 -0.07056311624273937 1.012427320004523 -0.22549517581918943 0.0
0.09970875121256673 0.2500388684253596 -0.05522330836388308 0.8820389530342436 -0.07056311624273937 1.012427320004523 -0.22549517581918943 0.0
0.10737865515199485 0.25770877236478773 -0.05522330836388308 0.8881748761857864 -0.07056311624273937 1.0139613007924089 -0.22396119503130363 0.0
0.11658253987930878 0.26537867630421585 -0.05522330836388308 0.8927768185494434 -0.07056311624273937 1.0139613007924089 -0.22089323345553247 0.0
0.12271846303085132 0.2699806186678728 -0.05522330836388308 0.8943107993373287 -0.07056311624273937 1.0154952815802947 -0.22089323345553247 0.0
0.12271846303085132 0.2699806186678728 -0.05522330836388308 0.8943107993373287 -0.07056311624273937 1.0154952815802947 -0.22089323345553247 0.0
0.1242524438187369 0.2715145994557586 -0.05368932757599744 0.8943107993373287 -0.07209709703062517 1.0154952815802947 -0.21935925266764666 0.0
0.12885438618239387 0.2715145994557586 -0.05368932757599744 0.8943107993373287 -0.07363107781851097 1.0154952815802947 -0.21935925266764666 0.0
0.12885438618239387 0.2715145994557586 -0.05368932757599744 0.8943107993373287 -0.07363107781851097 1.0154952815802947 -0.21935925266764666 0.0
0.136524290121822 0.2715145994557586 -0.05368932757599744 0.8958447801252145 -0.07363107781851097 1.0170292623681805 -0.21782527187976086 0.0
0.14419419406125034 0.27918450339518674 -0.05368932757599744 0.8973787609130999 -0.07363107781851097 1.0170292623681805 -0.2162912910918755 0.0
0.14419419406125034 0.27918450339518674 -0.05368932757599744 0.8973787609130999 -0.07363107781851097 1.0170292623681805 -0.2162912910918755 0.0
0.14572817484913592 0.28838838812250067 -0.0521553467881118 0.8989127417009857 -0.07516505860639633 1.0170292623681805 -0.2147573103039897 0.0
0.14572817484913592 0.29299033048615764 -0.047553404424454875 0.9050486648525284 -0.07363107781851097 1.0170292623681805 -0.21322332951610434 0.0
0.14572817484913592 0.3021942152134711 -0.05062136600022616 0.9219224535192705 -0.07516505860639633 1.021631204731837 -0.21015536794033274 0.0
0.14572817484913592 0.3021942152134711 -0.05062136600022616 0.9219224535192705 -0.07516505860639633 1.021631204731837 -0.21015536794033274 0.0
0.14572817484913592 0.3083301383650139 -0.0521553467881118 0.9341942998223556 -0.07516505860639633 1.0246991663076086 -0.20708740636456158 0.0
0.14572817484913592 0.31446606151655665 -0.0521553467881118 0.9387962421860125 -0.07516505860639633 1.0277671278833793 -0.20401944478879042 0.0
0.14572817484913592 0.31446606151655665 -0.0521553467881118 0.9387962421860125 -0.07516505860639633 1.0277671278833793 -0.20401944478879042 0.0
0.14419419406125034 0.316000042304442 -0.05368932757599744 0.9418642037617837 -0.07516505860639633 1.0277671278833793 -0.2024854640009046 0.0
0.14419419406125034 0.3175340230923278 -0.05368932757599744 0.9418642037617837 -0.07516505860639633 1.0277671278833793 -0.2024854640009046 0.0
0.14419419406125034 0.3175340230923278 -0.05368932757599744 0.9418642037617837 -0.07516505860639633 1.0277671278833793 -0.2024854640009046 0.0
0.14419419406125034 0.3175340230923278 -0.05368932757599744 0.9418642037617837 -0.07516505860639633 1.0277671278833793 -0.2024854640009046 0.0
0.14419419406125034 0.31906800388021317 -0.05368932757599744 0.9433981845496695 -0.07363107781851097 1.0277671278833793 -0.2024854640009046 0.0
0.14419419406125034 0.31906800388021317 -0.05368932757599744 0.9433981845496695 -0.07363107781851097 1.0277671278833793 -0.2024854640009046 0.0
0.14419419406125034 0.31906800388021317 -0.05368932757599744 0.9433981845496695 -0.07363107781851097 1.0293011086712651 -0.2009514832130188 0.0
0.14419419406125034 0.31906800388021317 -0.05368932757599744 0.9449321653375549 -0.07209709703062517 1.0293011086712651 -0.2009514832130188 0.0
0.14419419406125034 0.31906800388021317 -0.05368932757599744 0.9464661461254407 -0.07209709703062517 1.0293011086712651 -0.2009514832130188 0.0058593750000003764
0.14419419406125034 0.31906800388021317 -0.05368932757599744 0.9464661461254407 -0.07209709703062517 1.0293011086712651 -0.2009514832130188 0.0058593750000003764
0.14419419406125034 0.316000042304442 -0.05522330836388308 0.9464661461254407 -0.07209709703062517 1.0293011086712651 -0.2009514832130188 0.07491629464285754
0.14572817484913592 0.31293208072867085 -0.05522330836388308 0.9464661461254407 -0.07056311624273937 1.0293011086712651 -0.2009514832130188 0.1753627232142858
0.14572817484913592 0.31293208072867085 -0.05522330836388308 0.9464661461254407 -0.07056311624273937 1.0293011086712651 -0.2009514832130188 0.1753627232142858
0.14572817484913592 0.31139809994078504 -0.05522330836388308 0.9464661461254407 -0.07056311624273937 1.0262331470954935 -0.19788352163724765 0.2758091517857141
0.14572817484913592 0.3098641191528997 -0.05522330836388308 0.9464661461254407 -0.07056311624273937 1.0200972239439512 -0.19788352163724765 0.35532924107142827
0.14572817484913592 0.3098641191528997 -0.05522330836388308 0.9464661461254407 -0.07056311624273937 1.0200972239439512 -0.19788352163724765 0.35532924107142827
0.14572817484913592 0.3098641191528997 -0.05522330836388308 0.9464661461254407 -0.07056311624273937 1.0170292623681805 -0.1948155600614765 0.4076450892857147
0.1472621556370215 0.3098641191528997 -0.05522330836388308 0.9449321653375549 -0.07056311624273937 1.0170292623681805 -0.1948155600614765 0.43484933035714246
0.1487961364249073 0.3083301383650139 -0.05522330836388308 0.9449321653375549 -0.07056311624273937 1.0170292623681805 -0.1948155600614765 0.4494977678571428
0.1487961364249073 0.3083301383650139 -0.05522330836388308 0.9449321653375549 -0.07056311624273937 1.0170292623681805 -0.1948155600614765 0.4494977678571428
0.15033011721279288 0.3083301383650139 -0.05522330836388308 0.9433981845496695 -0.07056311624273937 1.0185632431560654 -0.1948155600614765 0.4662388392857148
0.15033011721279288 0.3067961575771281 -0.05522330836388308 0.9433981845496695 -0.07056311624273937 1.0185632431560654 -0.1948155600614765 0.4892578125000005
0.15033011721279288 0.3067961575771281 -0.05522330836388308 0.9433981845496695 -0.07056311624273937 1.0185632431560654 -0.1948155600614765 0.4892578125000005
0.15186409800067846 0.3052621767892427 -0.05522330836388308 0.9418642037617837 -0.07056311624273937 1.0170292623681805 -0.1948155600614765 0.5164620535714284
0.15186409800067846 0.3037281960013569 -0.05522330836388308 0.9403302229738979 -0.07056311624273937 1.0170292623681805 -0.1948155600614765 0.5478515625000007
0.15186409800067846 0.3037281960013569 -0.05522330836388308 0.9403302229738979 -0.07056311624273937 1.0170292623681805 -0.1948155600614765 0.5478515625000007
0.15186409800067846 0.29912625363769996 -0.05522330836388308 0.9387962421860125 -0.07056311624273937 1.0170292623681805 -0.1932815792735907 0.5750558035714285
0.15339807878856404 0.29299033048615764 -0.05522330836388308 0.9387962421860125 -0.07056311624273937 1.0170292623681805 -0.1932815792735907 0.5897042410714288
0.15339807878856404 0.28685440733461487 -0.05522330836388308 0.9387962421860125 -0.07056311624273937 1.0185632431560654 -0.1932815792735907 0.5917968750000004
0.15339807878856404 0.28685440733461487 -0.05522330836388308 0.9387962421860125 -0.07056311624273937 1.0185632431560654 -0.1932815792735907 0.5917968750000004
0.15339807878856404 0.2745825610315298 -0.05522330836388308 0.9387962421860125 -0.06902913545485401 1.021631204731837 -0.1932815792735907 0.5917968750000004
0.15339807878856404 0.25924275315267353 -0.056757289151768725 0.9372622613981267 -0.06902913545485401 1.0277671278833793 -0.1932815792735907 0.5917968750000004
0.15339807878856404 0.25924275315267353 -0.056757289151768725 0.9372622613981267 -0.06902913545485401 1.0277671278833793 -0.1932815792735907 0.5917968750000004
0.15339807878856404 0.23930100291015988 -0.056757289151768725 0.9341942998223556 -0.06902913545485401 1.030835089459151 -0.19174759848570533 0.5938895089285721
0.15339807878856404 0.21782527187976086 -0.056757289151768725 0.9295923574586986 -0.0674951546669682 1.030835089459151 -0.19021361769781953 0.5938895089285721
0.15339807878856404 0.21782527187976086 -0.056757289151768725 0.9295923574586986 -0.0674951546669682 1.030835089459151 -0.19021361769781953 0.5938895089285721
0.15339807878856404 0.19788352163724765 -0.05829126993965436 0.9265243958829275 -0.0674951546669682 1.0323690702470367 -0.19021361769781953 0.5938895089285721
0.15186409800067846 0.17487380981896328 -0.05829126993965436 0.9249904150950417 -0.0674951546669682 1.0354370318228074 -0.19021361769781953 0.5938895089285721
0.15186409800067846 0.17487380981896328 -0.05829126993965436 0.9249904150950417 -0.0674951546669682 1.0354370318228074 -0.19021361769781953 0.5938895089285721
0.15186409800067846 0.15033011721279266 -0.05829126993965436 0.9249904150950417 -0.0674951546669682 1.047708878125893 -0.19021361769781953 0.5938895089285721
0.15186409800067846 0.12425244381873712 -0.059825250727540004 0.9265243958829275 -0.0674951546669682 1.0691846091562915 -0.19021361769781953 0.5938895089285721
0.15186409800067846 0.0997087512125665 -0.06289321230331128 0.9280583766708128 -0.0674951546669682 1.0937283017624617 -0.19021361769781953 0.5938895089285721
0.15186409800067846 0.0997087512125665 -0.06289321230331128 0.9280583766708128 -0.0674951546669682 1.0937283017624617 -0.19021361769781953 0.5938895089285721
0.15186409800067846 0.07209709703062517 -0.06442719309119693 0.931126338246584 -0.0674951546669682 1.1136700520049754 -0.19174759848570533 0.5938895089285721
0.15186409800067846 0.04755340442445499 -0.06596117387908257 0.931126338246584 -0.0674951546669682 1.125941898308061 -0.19174759848570533 0.5938895089285721
0.15186409800067846 0.04755340442445499 -0.06596117387908257 0.931126338246584 -0.0674951546669682 1.125941898308061 -0.19174759848570533 0.5938895089285721
0.15186409800067846 0.024543692606170175 -0.06596117387908257 0.9295923574586986 -0.0674951546669682 1.133611802247489 -0.19174759848570533 0.5938895089285721
0.15033011721279288 0.0 -0.0674951546669682 0.9280583766708128 -0.0674951546669682 1.1397477253990314 -0.19174759848570533 0.5938895089285721
0.15033011721279288 0.0 -0.0674951546669682 0.9280583766708128 -0.0674951546669682 1.1397477253990314 -0.19174759848570533 0.5938895089285721
0.15186409800067846 -0.019941750242513212 -0.0674951546669682 0.9265243958829275 -0.0674951546669682 1.1474176293384595 -0.19174759848570533 0.5938895089285721
0.15186409800067846 -0.04295146206079803 -0.0674951546669682 0.9249904150950417 -0.0674951546669682 1.1581554948536592 -0.1932815792735907 0.6001674107142858
0.15186409800067846 -0.04295146206079803 -0.0674951546669682 0.9249904150950417 -0.0674951546669682 1.1581554948536592 -0.1932815792735907 0.6001674107142858
0.15186409800067846 -0.06289321230331124 -0.0674951546669682 0.9249904150950417 -0.0674951546669682 1.168893360368859 -0.1932815792735907 0.6022600446428574
0.15033011721279288 -0.08590292412159606 -0.0674951546669682 0.9249904150950417 -0.0659611738790824 1.187301129823486 -0.1948155600614765 0.6022600446428574
0.15033011721279288 -0.10737865515199507 -0.0674951546669682 0.9265243958829275 -0.0674951546669682 1.2011069569144572 -0.1948155600614765 0.6106305803571429
0.15033011721279288 -0.10737865515199507 -0.0674951546669682 0.9265243958829275 -0.0674951546669682 1.2011069569144572 -0.1948155600614765 0.6106305803571429
0.15033011721279288 -0.1334563285460506 -0.06902913545485385 0.9265243958829275 -0.0674951546669682 1.2087768608538854 -0.19788352163724765 0.6273716517857149
0.15033011721279288 -0.15339807878856426 -0.06902913545485385 0.9265243958829275 -0.0674951546669682 1.2133788032175419 -0.19788352163724765 0.642020089285714
0.15033011721279288 -0.15339807878856426 -0.06902913545485385 0.9265243958829275 -0.0674951546669682 1.2133788032175419 -0.19788352163724765 0.642020089285714
0.1487961364249073 -0.17794177139473444 -0.06902913545485385 0.9265243958829275 -0.0659611738790824 1.2149127840054277 -0.1948155600614765 0.6503906250000006
0.1472621556370215 -0.2009514832130188 -0.06902913545485385 0.9249904150950417 -0.0659611738790824 1.2164467647933135 -0.1932815792735907 0.6524832589285722
0.1472621556370215 -0.2009514832130188 -0.06902913545485385 0.9249904150950417 -0.0659611738790824 1.2164467647933135 -0.1932815792735907 0.6524832589285722
0.14572817484913592 -0.22089323345553247 -0.06902913545485385 0.9249904150950417 -0.0659611738790824 1.2271846303085132 -0.1932815792735907 0.6524832589285722
0.14112623248547895 -0.23776702212227452 -0.06902913545485385 0.9280583766708128 -0.0659611738790824 1.247126380551026 -0.1948155600614765 0.6524832589285722
0.1380582709097078 -0.25310683000113077 -0.06902913545485385 0.931126338246584 -0.0674951546669682 1.2609322076419973 -0.1948155600614765 0.6524832589285722
0.1380582709097078 -0.25310683000113077 -0.06902913545485385 0.931126338246584 -0.0674951546669682 1.2609322076419973 -0.1948155600614765 0.6524832589285722
0.1349903093339364 -0.2699806186678728 -0.06902913545485385 0.931126338246584 -0.0674951546669682 1.2701360923693112 -0.1948155600614765 0.6524832589285722
0.1349903093339364 -0.28685440733461487 -0.06902913545485385 0.931126338246584 -0.0674951546669682 1.2716700731571962 -0.1948155600614765 0.6524832589285722
0.1349903093339364 -0.28685440733461487 -0.06902913545485385 0.931126338246584 -0.0674951546669682 1.2716700731571962 -0.1948155600614765 0.6524832589285722
0.13345632854605083 -0.3052621767892427 -0.06902913545485385 0.931126338246584 -0.0659611738790824 1.273204053945082 -0.1932815792735907 0.6524832589285722
0.13192234775816525 -0.3221359654559848 -0.06902913545485385 0.9295923574586986 -0.0659611738790824 1.2778059963087394 -0.1932815792735907 0.6524832589285722
0.13192234775816525 -0.3221359654559848 -0.06902913545485385 0.9295923574586986 -0.0659611738790824 1.2778059963087394 -0.1932815792735907 0.6524832589285722
0.13038836697027945 -0.33287383097118406 -0.06902913545485385 0.9326603190344698 -0.0674951546669682 1.2916118233997098 -0.1948155600614765 0.6524832589285722
0.13038836697027945 -0.3390097541227268 -0.06902913545485385 0.9387962421860125 -0.0674951546669682 1.3054176504906803 -0.19788352163724765 0.6524832589285722
0.13192234775816525 -0.34821363885004075 -0.0674951546669682 0.9403302229738979 -0.0674951546669682 1.3115535736422235 -0.19788352163724765 0.6524832589285722
0.13192234775816525 -0.34821363885004075 -0.0674951546669682 0.9403302229738979 -0.0674951546669682 1.3115535736422235 -0.19788352163724765 0.6524832589285722
0.13038836697027945 -0.3558835427894689 -0.06902913545485385 0.9403302229738979 -0.0674951546669682 1.3130875544301093 -0.19788352163724765 0.6524832589285722
0.13038836697027945 -0.3620194659410112 -0.0674951546669682 0.9403302229738979 -0.0674951546669682 1.31615551600588 -0.19788352163724765 0.6524832589285722
0.13038836697027945 -0.3620194659410112 -0.0674951546669682 0.9403302229738979 -0.0674951546669682 1.31615551600588 -0.19788352163724765 0.6524832589285722
0.13038836697027945 -0.36815538909255396 -0.0674951546669682 0.9403302229738979 -0.0674951546669682 1.31615551600588 -0.19788352163724765 0.6524832589285722
0.13038836697027945 -0.3773592738198679 -0.06902913545485385 0.9403302229738979 -0.0674951546669682 1.3192234775816516 -0.19788352163724765 0.6524832589285722
0.13038836697027945 -0.3773592738198679 -0.06902913545485385 0.9403302229738979 -0.0674951546669682 1.3192234775816516 -0.19788352163724765 0.6524832589285722
0.13038836697027945 -0.38196121618352485 -0.0674951546669682 0.9403302229738979 -0.0674951546669682 1.3299613430968513 -0.19788352163724765 0.6524832589285722
0.13038836697027945 -0.385029177759296 -0.0674951546669682 0.9433981845496695 -0.0674951546669682 1.3376312470362794 -0.19788352163724765 0.6524832589285722
0.13038836697027945 -0.3880971393350672 -0.0674951546669682 0.9449321653375549 -0.0674951546669682 1.3376312470362794 -0.19788352163724765 0.6524832589285722
0.13038836697027945 -0.3880971393350672 -0.0674951546669682 0.9449321653375549 -0.0674951546669682 1.3376312470362794 -0.19788352163724765 0.6524832589285722
0.13038836697027945 -0.389631120122953 -0.0674951546669682 0.9449321653375549 -0.0674951546669682 1.3376312470362794 -0.19788352163724765 0.6524832589285722
0.13038836697027945 -0.3957670432744953 -0.0674951546669682 0.9449321653375549 -0.0674951546669682 1.3391652278241644 -0.19788352163724765 0.6524832589285722
0.13038836697027945 -0.3957670432744953 -0.0674951546669682 0.9449321653375549 -0.0674951546669682 1.3391652278241644 -0.19788352163724765 0.6524832589285722
0.13038836697027945 -0.4049709280018092 -0.0674951546669682 0.9449321653375549 -0.0674951546669682 1.3406992086120502 -0.19788352163724765 0.6524832589285722
0.13038836697027945 -0.411106851153352 -0.06596117387908257 0.9449321653375549 -0.0674951546669682 1.3483691125514783 -0.19788352163724765 0.6524832589285722
0.13038836697027945 -0.411106851153352 -0.06596117387908257 0.9449321653375549 -0.0674951546669682 1.3483691125514783 -0.19788352163724765 0.6524832589285722
0.12885438618239387 -0.4172427743048943 -0.06596117387908257 0.9464661461254407 -0.0674951546669682 1.3529710549151357 -0.19788352163724765 0.6524832589285722
0.12885438618239387 -0.4187767550927801 -0.06596117387908257 0.9449321653375549 -0.0674951546669682 1.3529710549151357 -0.19788352163724765 0.6524832589285722
0.12885438618239387 -0.4187767550927801 -0.06596117387908257 0.9449321653375549 -0.0674951546669682 1.3529710549151357 -0.19788352163724765 0.6524832589285722
0.12885438618239387 -0.4187767550927801 -0.06596117387908257 0.9449321653375549 -0.0674951546669682 1.3529710549151357 -0.19788352163724765 0.6524832589285722
0.12885438618239387 -0.41570879351700896 -0.0674951546669682 0.9449321653375549 -0.0674951546669682 1.3529710549151357 -0.19788352163724765 0.6524832589285722
0.12885438618239387 -0.41264083194123735 -0.0674951546669682 0.9449321653375549 -0.06902913545485401 1.3529710549151357 -0.19788352163724765 0.6524832589285722
0.12885438618239387 -0.41264083194123735 -0.0674951546669682 0.9449321653375549 -0.06902913545485401 1.3529710549151357 -0.19788352163724765 0.6524832589285722
0.12885438618239387 -0.41264083194123735 -0.0674951546669682 0.9418642037617837 -0.0674951546669682 1.35143707412725 -0.19788352163724765 0.6524832589285722
0.12885438618239387 -0.4095728703654662 -0.06596117387908257 0.9403302229738979 -0.0674951546669682 1.3483691125514783 -0.19941750242513345 0.6524832589285722
0.12885438618239387 -0.4095728703654662 -0.06596117387908257 0.9403302229738979 -0.0674951546669682 1.3483691125514783 -0.19941750242513345 0.6524832589285722
0.12885438618239387 -0.4049709280018092 -0.06596117387908257 0.9387962421860125 -0.06902913545485401 1.3483691125514783 -0.19941750242513345 0.6524832589285722
0.13038836697027945 -0.3988350048502669 -0.06596117387908257 0.9387962421860125 -0.0674951546669682 1.3468351317635934 -0.19941750242513345 0.6524832589285722
0.13038836697027945 -0.3988350048502669 -0.06596117387908257 0.9387962421860125 -0.0674951546669682 1.3468351317635934 -0.19941750242513345 0.6524832589285722
0.13038836697027945 -0.3880971393350672 -0.06596117387908257 0.9372622613981267 -0.0674951546669682 1.3468351317635934 -0.19788352163724765 0.6524832589285722
0.13038836697027945 -0.38196121618352485 -0.06596117387908257 0.9372622613981267 -0.0674951546669682 1.3453011509757076 -0.19788352163724765 0.6524832589285722
0.13038836697027945 -0.3773592738198679 -0.06596117387908257 0.9357282806102409 -0.0674951546669682 1.342233189399936 -0.19788352163724765 0.6524832589285722
0.13038836697027945 -0.3773592738198679 -0.06596117387908257 0.9357282806102409 -0.0674951546669682 1.342233189399936 -0.19788352163724765 0.6524832589285722
0.13038836697027945 -0.3742913122440963 -0.06596117387908257 0.9326603190344698 -0.0674951546669682 1.3406992086120502 -0.1948155600614765 0.6524832589285722
0.13038836697027945 -0.3727573314562109 -0.06596117387908257 0.9295923574586986 -0.0674951546669682 1.3376312470362794 -0.1948155600614765 0.6503906250000006
0.13038836697027945 -0.3727573314562109 -0.06596117387908257 0.9295923574586986 -0.0674951546669682 1.3376312470362794 -0.1948155600614765 0.6503906250000006
0.13038836697027945 -0.36815538909255396 -0.06596117387908257 0.9280583766708128 -0.0674951546669682 1.3360972662483936 -0.1948155600614765 0.6503906250000006
0.13038836697027945 -0.35895150436524004 -0.06596117387908257 0.9265243958829275 -0.06902913545485401 1.3345632854605078 -0.1948155600614765 0.6503906250000006
0.13038836697027945 -0.35895150436524004 -0.06596117387908257 0.9265243958829275 -0.06902913545485401 1.3345632854605078 -0.1948155600614765 0.6503906250000006
0.13038836697027945 -0.3497476196379261 -0.06596117387908257 0.9265243958829275 -0.06902913545485401 1.333029304672622 -0.1948155600614765 0.6482979910714289
0.13038836697027945 -0.3451456772742692 -0.06596117387908257 0.9265243958829275 -0.06902913545485401 1.333029304672622 -0.1948155600614765 0.6441127232142856
0.13038836697027945 -0.3451456772742692 -0.06596117387908257 0.9265243958829275 -0.06902913545485401 1.333029304672622 -0.1948155600614765 0.6441127232142856
0.13038836697027945 -0.3436116964863838 -0.06596117387908257 0.9280583766708128 -0.06902913545485401 1.3314953238847362 -0.1948155600614765 0.6378348214285718
0.13038836697027945 -0.342077715698498 -0.06596117387908257 0.9280583766708128 -0.06902913545485401 1.3314953238847362 -0.1948155600614765 0.6336495535714286
0.13038836697027945 -0.342077715698498 -0.06596117387908257 0.9280583766708128 -0.06902913545485401 1.3314953238847362 -0.1948155600614765 0.6273716517857149
0.13038836697027945 -0.342077715698498 -0.06596117387908257 0.9280583766708128 -0.06902913545485401 1.3314953238847362 -0.1948155600614765 0.6273716517857149
0.13038836697027945 -0.337475773334841 -0.06596117387908257 0.9280583766708128 -0.06902913545485401 1.3314953238847362 -0.1948155600614765 0.6210937499999999
0.13038836697027945 -0.3298058693954129 -0.0674951546669682 0.9280583766708128 -0.06902913545485401 1.3299613430968513 -0.2009514832130188 0.6148158482142861
0.13038836697027945 -0.3298058693954129 -0.0674951546669682 0.9280583766708128 -0.06902913545485401 1.3299613430968513 -0.2009514832130188 0.6148158482142861
0.12885438618239387 -0.316000042304442 -0.0674951546669682 0.9265243958829275 -0.0674951546669682 1.3299613430968513 -0.2009514832130188 0.6148158482142861
0.13038836697027945 -0.29912625363769996 -0.0674951546669682 0.9249904150950417 -0.0674951546669682 1.3222914391574223 -0.2009514832130188 0.6148158482142861
0.13038836697027945 -0.29912625363769996 -0.0674951546669682 0.9249904150950417 -0.0674951546669682 1.3222914391574223 -0.2009514832130188 0.6148158482142861
0.13038836697027945 -0.28532042654672907 -0.0674951546669682 0.9203884727313847 -0.0674951546669682 1.3100195928543377 -0.2009514832130188 0.6148158482142861
0.12885438618239387 -0.273048580243644 -0.0674951546669682 0.9111845880040708 -0.0674951546669682 1.2962137657633672 -0.2009514832130188 0.6148158482142861
0.13038836697027945 -0.2623107147284447 -0.0674951546669682 0.9035146840646426 -0.0674951546669682 1.28087395788451 -0.2009514832130188 0.6169084821428579
0.13038836697027945 -0.2623107147284447 -0.0674951546669682 0.9035146840646426 -0.0674951546669682 1.28087395788451 -0.2009514832130188 0.6169084821428579
0.13038836697027945 -0.2485048876374738 -0.0674951546669682 0.9004467224888715 -0.0674951546669682 1.2701360923693112 -0.2009514832130188 0.6169084821428579
0.13038836697027945 -0.23623304133438872 -0.0674951546669682 0.8973787609130999 -0.0674951546669682 1.264000169217768 -0.2009514832130188 0.6169084821428579
0.13038836697027945 -0.23623304133438872 -0.0674951546669682 0.8973787609130999 -0.0674951546669682 1.264000169217768 -0.2009514832130188 0.6169084821428579
0.13038836697027945 -0.22396119503130363 -0.0674951546669682 0.8973787609130999 -0.06902913545485401 1.2624661884298831 -0.2009514832130188 0.6169084821428579
0.13038836697027945 -0.21322332951610434 -0.0674951546669682 0.8973787609130999 -0.06902913545485401 1.2578642460662257 -0.2024854640009046 0.6169084821428579
0.13038836697027945 -0.21322332951610434 -0.0674951546669682 0.8973787609130999 -0.06902913545485401 1.2578642460662257 -0.2024854640009046 0.6169084821428579
0.13038836697027945 -0.20401944478879042 -0.06902913545485385 0.8958447801252145 -0.06902913545485401 1.247126380551026 -0.2009514832130188 0.6169084821428579
0.13038836697027945 -0.1948155600614765 -0.06902913545485385 0.8912428377615575 -0.06902913545485401 1.2409904573994837 -0.2009514832130188 0.6169084821428579
0.13038836697027945 -0.18561167533416256 -0.06902913545485385 0.8820389530342436 -0.06902913545485401 1.2333205534600555 -0.2024854640009046 0.6169084821428579
0.13038836697027945 -0.18561167533416256 -0.06902913545485385 0.8820389530342436 -0.06902913545485401 1.2333205534600555 -0.2024854640009046 0.6169084821428579
0.13038836697027945 -0.17794177139473444 -0.06902913545485385 0.8759030298827013 -0.06902913545485401 1.2225826879448558 -0.2024854640009046 0.6190011160714283
0.13038836697027945 -0.1672039058795347 -0.06902913545485385 0.8666991451553874 -0.06902913545485401 1.2087768608538854 -0.2024854640009046 0.6190011160714283
0.13038836697027945 -0.1672039058795347 -0.06902913545485385 0.8666991451553874 -0.06902913545485401 1.2087768608538854 -0.2024854640009046 0.6190011160714283
0.13038836697027945 -0.15646604036433542 -0.06902913545485385 0.8574952604280734 -0.07056311624273937 1.194971033762915 -0.20401944478879042 0.6190011160714283
0.13038836697027945 -0.14112623248547917 -0.06902913545485385 0.8528933180644165 -0.07056311624273937 1.1826991874598294 -0.20708740636456158 0.6190011160714283
0.13038836697027945 -0.14112623248547917 -0.06902913545485385 0.8528933180644165 -0.07056311624273937 1.1826991874598294 -0.20708740636456158 0.6190011160714283
0.13038836697027945 -0.12271846303085132 -0.06902913545485385 0.8513593372765307 -0.07056311624273937 1.1719613219446297 -0.20708740636456158 0.6190011160714283
0.13038836697027945 -0.10431069357622347 -0.07056311624273949 0.8513593372765307 -0.07056311624273937 1.1658253987930873 -0.20862138715244738 0.6190011160714283
0.13038836697027945 -0.10431069357622347 -0.07056311624273949 0.8513593372765307 -0.07056311624273937 1.1658253987930873 -0.20862138715244738 0.6190011160714283
0.12885438618239387 -0.08743690490948142 -0.07516505860639641 0.8513593372765307 -0.07056311624273937 1.1581554948536592 -0.21015536794033274 0.6190011160714283
0.13038836697027945 -0.0674951546669682 -0.08130098175793898 0.8482913757007595 -0.07056311624273937 1.1489516101263453 -0.21322332951610434 0.6190011160714283
0.13038836697027945 -0.04755340442445499 -0.09050486648525283 0.8436894333371026 -0.07056311624273937 1.133611802247489 -0.2147573103039897 0.6190011160714283
0.13038836697027945 -0.04755340442445499 -0.09050486648525283 0.8436894333371026 -0.07056311624273937 1.133611802247489 -0.2147573103039897 0.6190011160714283
0.13038836697027945 -0.0337475773334841 -0.09357282806102411 0.8390874909734456 -0.07209709703062517 1.1213399559444035 -0.2162912910918755 0.6190011160714283
0.13038836697027945 -0.018407769454627854 -0.09357282806102411 0.8375535101855602 -0.07209709703062517 1.1121360712170896 -0.2162912910918755 0.6190011160714283
0.13038836697027945 -0.018407769454627854 -0.09357282806102411 0.8375535101855602 -0.07209709703062517 1.1121360712170896 -0.2162912910918755 0.6190011160714283
0.13038836697027945 -0.0015339807878858025 -0.09510680884890975 0.8375535101855602 -0.07363107781851097 1.107534128853433 -0.2162912910918755 0.6190011160714283
0.13038836697027945 0.010737865515199285 -0.10277671278833796 0.8375535101855602 -0.07363107781851097 1.1044661672776614 -0.21782527187976086 0.6190011160714283
0.13038836697027945 0.010737865515199285 -0.10277671278833796 0.8375535101855602 -0.07363107781851097 1.1044661672776614 -0.21782527187976086 0.6190011160714283
0.13038836697027945 0.021475731030399015 -0.10891263593988053 0.8375535101855602 -0.07363107781851097 1.1029321864897756 -0.21935925266764666 0.6190011160714283
0.13038836697027945 0.0322135965455983 -0.11351457830353745 0.8375535101855602 -0.07363107781851097 1.1029321864897756 -0.22396119503130363 0.6190011160714283
0.13038836697027945 0.0322135965455983 -0.11351457830353745 0.8375535101855602 -0.07363107781851097 1.1029321864897756 -0.22396119503130363 0.6190011160714283
0.13038836697027945 0.03988350048502687 -0.11658253987930872 0.8375535101855602 -0.07209709703062517 1.0967962633382333 -0.22549517581918943 0.6190011160714283
0.13038836697027945 0.05062136600022615 -0.11658253987930872 0.8360195293976744 -0.07363107781851097 1.0875923786109194 -0.22549517581918943 0.6190011160714283
0.13038836697027945 0.06135923151542544 -0.11658253987930872 0.8360195293976744 -0.07209709703062517 1.0845244170351487 -0.22549517581918943 0.6190011160714283
0.13038836697027945 0.06135923151542544 -0.11658253987930872 0.8360195293976744 -0.07209709703062517 1.0845244170351487 -0.22549517581918943 0.6190011160714283
0.13038836697027945 0.07363107781851097 -0.11658253987930872 0.8360195293976744 -0.07363107781851097 1.0829904362472629 -0.22549517581918943 0.6190011160714283
0.13038836697027945 0.08743690490948142 -0.11658253987930872 0.8375535101855602 -0.07363107781851097 1.0768545130957197 -0.22549517581918943 0.6190011160714283
0.13038836697027945 0.08743690490948142 -0.11658253987930872 0.8375535101855602 -0.07363107781851097 1.0768545130957197 -0.22549517581918943 0.6190011160714283
0.13038836697027945 0.0997087512125665 -0.11811652066719437 0.8360195293976744 -0.07363107781851097 1.0691846091562915 -0.22549517581918943 0.6190011160714283
0.13038836697027945 0.11198059751565159 -0.11811652066719437 0.8329515678219033 -0.07209709703062517 1.0661166475805208 -0.22549517581918943 0.6190011160714283
0.13038836697027945 0.11198059751565159 -0.11811652066719437 0.8329515678219033 -0.07209709703062517 1.0661166475805208 -0.22549517581918943 0.6190011160714283
0.13038836697027945 0.12425244381873712 -0.11811652066719437 0.8329515678219033 -0.07209709703062517 1.064582666792635 -0.22549517581918943 0.6190011160714283
0.13038836697027945 0.13805827090970757 -0.11811652066719437 0.8329515678219033 -0.07209709703062517 1.0630486860047492 -0.22549517581918943 0.6190011160714283
0.13038836697027945 0.15033011721279266 -0.11811652066719437 0.8329515678219033 -0.07209709703062517 1.0507768397016646 -0.22549517581918943 0.6190011160714283
0.13038836697027945 0.15033011721279266 -0.11811652066719437 0.8329515678219033 -0.07209709703062517 1.0507768397016646 -0.22549517581918943 0.6190011160714283
0.12885438618239387 0.15493205957644962 -0.11811652066719437 0.8329515678219033 -0.07209709703062517 1.0461748973380072 -0.22549517581918943 0.6190011160714283
0.12885438618239387 0.15953400194010658 -0.11811652066719437 0.8329515678219033 -0.06902913545485401 1.0461748973380072 -0.22549517581918943 0.6169084821428579
0.12885438618239387 0.15953400194010658 -0.11811652066719437 0.8329515678219033 -0.06902913545485401 1.0461748973380072 -0.22549517581918943 0.6169084821428579
0.12885438618239387 0.15800002115222123 -0.11811652066719437 0.8329515678219033 -0.0674951546669682 1.047708878125893 -0.22549517581918943 0.6127232142857145
0.12885438618239387 0.15800002115222123 -0.11965050145508001 0.8344855486097886 -0.0659611738790824 1.0492428589137788 -0.22396119503130363 0.5897042410714288
0.12885438618239387 0.15800002115222123 -0.11965050145508001 0.8344855486097886 -0.0659611738790824 1.0492428589137788 -0.22396119503130363 0.5897042410714288
0.12885438618239387 0.15646604036433542 -0.12118448224296566 0.8390874909734456 -0.06442719309119704 1.0523108204895495 -0.22242721424341783 0.4976283482142859
0.12885438618239387 0.15646604036433542 -0.12885438618239387 0.8452234141249884 -0.06442719309119704 1.0584467436410927 -0.21935925266764666 0.34486607142857123
0.12885438618239387 0.15800002115222123 -0.13959225169759334 0.8498253564886453 -0.06289321230331124 1.0584467436410927 -0.21935925266764666 0.13141741071428603
0.12885438618239387 0.15800002115222123 -0.13959225169759334 0.8498253564886453 -0.06289321230331124 1.0584467436410927 -0.21935925266764666 0.13141741071428603
0.13192234775816525 0.15953400194010658 -0.14572817484913592 0.8528933180644165 -0.06289321230331124 1.0599807244289776 -0.21322332951610434 0.0
0.13192234775816525 0.15800002115222123 -0.14572817484913592 0.8574952604280734 -0.06289321230331124 1.0599807244289776 -0.21322332951610434 0.0
0.13192234775816525 0.15800002115222123 -0.14572817484913592 0.8574952604280734 -0.06289321230331124 1.0599807244289776 -0.21322332951610434 0.0
0.13192234775816525 0.15800002115222123 -0.14726215563702155 0.8636311835796158 -0.06289321230331124 1.0599807244289776 -0.21015536794033274 0.0
0.13192234775816525 0.15493205957644962 -0.14726215563702155 0.8666991451553874 -0.06289321230331124 1.0615147052168634 -0.20708740636456158 0.0
0.13192234775816525 0.15493205957644962 -0.14726215563702155 0.8666991451553874 -0.06289321230331124 1.0615147052168634 -0.20708740636456158 0.0
0.13038836697027945 0.14266021327336453 -0.14726215563702155 0.8666991451553874 -0.06289321230331124 1.0615147052168634 -0.20555342557667577 0.0
0.13038836697027945 0.11965050145508016 -0.1487961364249072 0.8636311835796158 -0.06289321230331124 1.0661166475805208 -0.19788352163724765 0.0
0.12885438618239387 0.08743690490948142 -0.1487961364249072 0.8590292412159592 -0.06442719309119704 1.0829904362472629 -0.1948155600614765 0.0
0.12885438618239387 0.02914563496982714 -0.1487961364249072 0.8528933180644165 -0.06442719309119704 1.133611802247489 -0.1948155600614765 0.0
0.12885438618239387 0.02914563496982714 -0.1487961364249072 0.8528933180644165 -0.06442719309119704 1.133611802247489 -0.1948155600614765 0.0
0.13038836697027945 -0.04295146206079803 -0.1518640980006785 0.8513593372765307 -0.0659611738790824 1.204174918490228 -0.1932815792735907 0.0
0.13038836697027945 -0.11965050145508016 -0.15339807878856412 0.8482913757007595 -0.0659611738790824 1.2701360923693112 -0.1932815792735907 0.0
0.13038836697027945 -0.11965050145508016 -0.15339807878856412 0.8482913757007595 -0.0659611738790824 1.2701360923693112 -0.1932815792735907 0.0
0.13192234775816525 -0.19174759848570533 -0.15339807878856412 0.8467573949128737 -0.0659611738790824 1.325359400733194 -0.19174759848570533 0.0
0.13192234775816525 -0.2715145994557586 -0.15339807878856412 0.8452234141249884 -0.0659611738790824 1.3775147475213059 -0.1794757521826198 0.0
0.13192234775816525 -0.2715145994557586 -0.15339807878856412 0.8452234141249884 -0.0659611738790824 1.3775147475213059 -0.1794757521826198 0.0
0.13192234775816525 -0.3436116964863838 -0.15339807878856412 0.8452234141249884 -0.0659611738790824 1.4250681519457604 -0.17180584824319167 0.0
0.13192234775816525 -0.39423306248660994 -0.15339807878856412 0.8482913757007595 -0.0659611738790824 1.454213786915588 -0.1702718674553063 0.0
0.13192234775816525 -0.4095728703654662 -0.15339807878856412 0.8528933180644165 -0.06442719309119704 1.4572817484913587 -0.16413594430376355 0.0
0.13192234775816525 -0.4095728703654662 -0.15339807878856412 0.8528933180644165 -0.06442719309119704 1.4572817484913587 -0.16413594430376355 0.0
0.13192234775816525 -0.3880971393350672 -0.15339807878856412 0.8605632220038446 -0.06442719309119704 1.4557477677034738 -0.15953400194010658 0.0
0.12885438618239387 -0.32520392703175593 -0.1564660403643354 0.8728350683069297 -0.0659611738790824 1.4496118445519306 -0.14419419406125034 0.0
0.12885438618239387 -0.32520392703175593 -0.1564660403643354 0.8728350683069297 -0.0659611738790824 1.4496118445519306 -0.14419419406125034 0.0
0.13038836697027945 -0.2607767339405589 -0.1564660403643354 0.9081166264282996 -0.0659611738790824 1.4250681519457604 -0.1365242901218222 0.0
0.13038836697027945 -0.19021361769781953 -0.15339807878856412 0.9556700308527546 -0.0659611738790824 1.3974564977638195 -0.12118448224296552 0.0
0.13038836697027945 -0.19021361769781953 -0.15339807878856412 0.9556700308527546 -0.0659611738790824 1.3974564977638195 -0.12118448224296552 0.0
0.13192234775816525 -0.08590292412159606 -0.15339807878856412 1.012427320004523 -0.0659611738790824 1.3729128051576485 -0.11811652066719436 0.0
0.13038836697027945 -0.03067961575771294 -0.15339807878856412 1.05231082048955 -0.06442719309119704 1.3606409588545638 -0.1150485590914232 0.0
0.13038836697027945 -0.03067961575771294 -0.15339807878856412 1.05231082048955 -0.06442719309119704 1.3606409588545638 -0.1150485590914232 0.0
0.13038836697027945 0.03067961575771294 -0.15493205957644976 1.095262282550348 -0.06442719309119704 1.3529710549151357 -0.11044661672776623 0.0
0.12885438618239387 0.07516505860639633 -0.15493205957644976 1.1182719943686323 -0.06442719309119704 1.349903093339364 -0.11044661672776623 0.0
0.12885438618239387 0.08743690490948142 -0.15493205957644976 1.1213399559444035 -0.06442719309119704 1.35143707412725 -0.11198059751565159 0.0
0.12885438618239387 0.08743690490948142 -0.15493205957644976 1.1213399559444035 -0.06442719309119704 1.35143707412725 -0.11198059751565159 0.0
0.12732040539450828 0.08283496254582445 -0.1564660403643354 1.1152040327928612 -0.06289321230331124 1.3529710549151357 -0.11198059751565159 0.0
0.12578642460662248 0.0337475773334841 -0.1595340019401067 1.0845244170351482 -0.06442719309119704 1.3729128051576485 -0.11044661672776623 0.0
0.12578642460662248 0.0337475773334841 -0.1595340019401067 1.0845244170351482 -0.06442719309119704 1.3729128051576485 -0.11044661672776623 0.0
0.12732040539450828 -0.04601942363656919 -0.16873788666742054 1.0185632431560658 -0.0659611738790824 1.3821166898849624 -0.11198059751565159 0.0
0.12885438618239387 -0.13192234775816525 -0.17487380981896308 0.952602069276983 -0.0659611738790824 1.3867186322486198 -0.11658253987930856 0.0
0.12885438618239387 -0.13192234775816525 -0.17487380981896308 0.952602069276983 -0.0659611738790824 1.3867186322486198 -0.11658253987930856 0.0
0.13038836697027945 -0.21782527187976086 -0.17794177139473438 0.8912428377615575 -0.06902913545485401 1.3913205746122763 -0.11811652066719436 0.0
0.13192234775816525 -0.3052621767892427 -0.17794177139473438 0.8406214717613314 -0.07823302018216749 1.4081943632790184 -0.11658253987930856 0.0
0.13192234775816525 -0.3052621767892427 -0.17794177139473438 0.8406214717613314 -0.07823302018216749 1.4081943632790184 -0.11658253987930856 0.0
0.13192234775816525 -0.36662140830466816 -0.17794177139473438 0.8114758367915043 -0.0813009817579391 1.4327380558851885 -0.11658253987930856 0.0
0.13192234775816525 -0.411106851153352 -0.17640779060684875 0.8068738944278473 -0.08283496254582445 1.4557477677034738 -0.11811652066719436 0.0
0.1349903093339364 -0.43411656297163637 -0.17487380981896308 0.8099418560036185 -0.08283496254582445 1.4664856332186726 -0.1150485590914232 0.0
0.1349903093339364 -0.43411656297163637 -0.17487380981896308 0.8099418560036185 -0.08283496254582445 1.4664856332186726 -0.1150485590914232 0.0
0.13959225169759337 -0.43565054375952217 -0.17333982903107745 0.8176117599430466 -0.0813009817579391 1.47108757558233 -0.1135145783035374 0.0
0.14266021327336453 -0.4203107358806655 -0.17333982903107745 0.8252816638824751 -0.07823302018216749 1.4649516524307877 -0.1135145783035374 0.0
0.14266021327336453 -0.4203107358806655 -0.17333982903107745 0.8252816638824751 -0.07823302018216749 1.4649516524307877 -0.1135145783035374 0.0
0.14419419406125034 -0.3620194659410112 -0.1718058482431918 0.8436894333371026 -0.07363107781851097 1.454213786915588 -0.10891263593988043 0.0
0.14266021327336453 -0.28532042654672907 -0.16873788666742054 0.8912428377615575 -0.07056311624273937 1.4388739790367318 -0.09817477042468115 0.0
0.14266021327336453 -0.28532042654672907 -0.16873788666742054 0.8912428377615575 -0.07056311624273937 1.4388739790367318 -0.09817477042468115 0.0
0.14572817484913592 -0.19788352163724765 -0.16873788666742054 0.9541360500648688 -0.0659611738790824 1.4051264017032477 -0.09510680884890954 0.0
0.1472621556370215 -0.10891263593988043 -0.16873788666742054 1.0062913968529807 -0.0659611738790824 1.3606409588545638 -0.08283496254582445 0.0
0.1472621556370215 -0.03681553890925526 -0.16873788666742054 1.0446409165501218 -0.0659611738790824 1.3238254199453081 -0.07976700097005329 0.0
0.1472621556370215 -0.03681553890925526 -0.16873788666742054 1.0446409165501218 -0.0659611738790824 1.3238254199453081 -0.07976700097005329 0.0
0.14572817484913592 0.027611654181941336 -0.16873788666742054 1.0691846091562918 -0.06442719309119704 1.299281727339138 -0.07976700097005329 0.0
0.14572817484913592 0.0674951546669682 -0.16873788666742054 1.078388493883606 -0.0659611738790824 1.2854759002481675 -0.07976700097005329 0.0
0.14572817484913592 0.0674951546669682 -0.16873788666742054 1.078388493883606 -0.0659611738790824 1.2854759002481675 -0.07976700097005329 0.0
0.14572817484913592 0.08897088569736722 -0.17027186745530618 1.081456455459377 -0.0659611738790824 1.2747380347329678 -0.08283496254582445 0.0
