0.5 0.5 0.5 1.0 0.5 0.5 0.5 1.0 0.49999994 0.04761905
0.4994567 0.49775633 0.500347 0.9999998 0.49983412 0.4996304 0.50016594 1.0 0.50009537 0.04761905
0.49545395 0.4759912 0.5047924 0.99998146 0.49758035 0.49644053 0.5024281 0.9999927 0.5011797 0.04761905
0.49192062 0.44074 0.51447475 0.99988556 0.49302652 0.4918898 0.50703865 0.9999347 0.5039749 0.04761905
0.48954016 0.405666 0.5204719 0.999731 0.48933998 0.4875388 0.51083124 0.9998368 0.5067741 0.04761905
0.48800996 0.37568262 0.520556 0.99953294 0.48641494 0.48319823 0.5139184 0.9997108 0.50976574 0.04761905
0.48675743 0.34992215 0.52347845 0.99932563 0.48324606 0.4801706 0.51722646 0.99956626 0.51169574 0.04761905
0.48564783 0.332194 0.5221691 0.9991549 0.48136428 0.47770572 0.5192277 0.99946105 0.5129974 0.04761905
0.48535377 0.32234645 0.51969075 0.99902976 0.480923 0.47539496 0.51978165 0.9994125 0.5139947 0.04761905
0.4839285 0.3128518 0.51857513 0.99894756 0.4797033 0.47471413 0.5210649 0.9993354 0.51484644 0.04761905
0.48250145 0.30785868 0.5155463 0.99890995 0.47925302 0.4743402 0.5215474 0.99930286 0.51524436 0.04761905
0.4813697 0.30397975 0.51178294 0.9989024 0.4788622 0.47451252 0.5219456 0.9992776 0.51550066 0.04761905
0.48009232 0.3007296 0.50731826 0.9989043 0.4783946 0.47494543 0.5224178 0.9992446 0.5158831 0.04761905
0.47884396 0.29799494 0.5012285 0.9988841 0.4778673 0.4750028 0.5229434 0.9992208 0.51588076 0.04761905
0.47800994 0.29745948 0.49870136 0.99887455 0.47771946 0.47494492 0.5230842 0.9992202 0.5156948 0.04761905
0.4773398 0.29683226 0.49626708 0.9988767 0.4776458 0.47505343 0.52315354 0.99921745 0.51567954 0.04761905
0.47705194 0.29682896 0.49472284 0.9988874 0.47776455 0.47516245 0.5230316 0.99922276 0.51569116 0.04761905
0.475855 0.29773626 0.49179038 0.9988831 0.47818676 0.4747049 0.52263474 0.9992343 0.5158993 0.04761905
0.47434554 0.29829636 0.48923314 0.99885917 0.47840095 0.47405776 0.52244645 0.9992403 0.5159782 0.04761905
0.47296163 0.29940248 0.48731965 0.99886346 0.47871882 0.47387838 0.5221358 0.99925333 0.5160036 0.04761905
0.46682453 0.3009782 0.48117146 0.9987943 0.4792812 0.47216213 0.5216262 0.9992791 0.51589704 0.04761905
0.45696718 0.30238524 0.4700241 0.9986284 0.47983584 0.46896583 0.52117133 0.99930346 0.51574373 0.04761905
0.44962114 0.30350268 0.4638504 0.9985503 0.48031992 0.46743828 0.5207366 0.9993228 0.51570964 0.04761905
0.44542462 0.30430654 0.46155095 0.9985915 0.48101693 0.46765536 0.52003545 0.99934924 0.5157772 0.04761905
0.43906927 0.30445358 0.45985517 0.99870485 0.48157847 0.46911123 0.5194335 0.9993678 0.51594293 0.04761905
0.43364403 0.3048647 0.45843005 0.9988222 0.48228842 0.47062832 0.51868063 0.99939096 0.51611435 0.04761905
0.42787245 0.30583623 0.45761263 0.99897164 0.48340994 0.47257623 0.51750356 0.9994261 0.51634616 0.04761905
0.41985974 0.3069842 0.45529282 0.99910593 0.48447287 0.47446185 0.51637596 0.9994635 0.5163719 0.04761905
0.41482297 0.30776164 0.45329463 0.99916834 0.48514628 0.4752951 0.5156639 0.99949276 0.51617545 0.04761905
0.40696144 0.3086175 0.4504732 0.9992534 0.4860908 0.47649238 0.5146658 0.99953175 0.515904 0.04761905
0.3954599 0.30929163 0.44388106 0.9992708 0.486845 0.47642925 0.51389563 0.9995657 0.5155236 0.04761905
0.38644302 0.3094954 0.43941638 0.9992664 0.48711497 0.47618738 0.51362294 0.99958014 0.5153012 0.04761905
0.37624127 0.30995083 0.43547174 0.99924326 0.48751062 0.47550166 0.5132338 0.99960005 0.5149873 0.04761905
0.3638664 0.31025088 0.4313022 0.9991931 0.48782703 0.47434697 0.5129316 0.9996207 0.5145597 0.04761905
0.35264063 0.31065685 0.42846224 0.999145 0.48806098 0.4733212 0.51271486 0.9996338 0.5142961 0.04761905
0.34385008 0.31196406 0.42454502 0.9990653 0.4885826 0.47165418 0.5122366 0.9996488 0.51418793 0.04761905
0.33525112 0.31263322 0.42058668 0.9989535 0.48839986 0.46981996 0.51244986 0.999655 0.51377904 0.04761905
0.32776928 0.31489775 0.41781262 0.99886066 0.4880137 0.46846634 0.51285636 0.99965334 0.5134633 0.04761905
0.32204017 0.31704935 0.4146278 0.99876976 0.4879719 0.46707538 0.5129418 0.99964964 0.51351964 0.04761905
0.31819403 0.32007352 0.4133083 0.99874914 0.48816887 0.46669355 0.512753 0.9996555 0.51348317 0.04761905
0.31350186 0.3235489 0.41207507 0.9987408 0.48838145 0.46649495 0.5125385 0.99966383 0.5133735 0.04761905
0.30962434 0.3267829 0.411727 0.9987839 0.48879218 0.4669995 0.5121259 0.9996686 0.5135754 0.04761905
0.30610025 0.3293487 0.40984264 0.9987953 0.48897868 0.4671086 0.5119448 0.9996692 0.5137113 0.04761905
0.3008641 0.3319757 0.40855184 0.9988841 0.48884735 0.4685318 0.51203686 0.9996662 0.51374066 0.04761905
0.2951894 0.33365682 0.40785244 0.9989182 0.48838264 0.46924788 0.5124729 0.9996593 0.5136003 0.04761905
0.2900195 0.33459243 0.40818578 0.9989768 0.48789188 0.47041017 0.5129205 0.99965274 0.51342297 0.04761905
0.28314012 0.3361309 0.40861088 0.9990114 0.4870567 0.4713633 0.513724 0.999634 0.513323 0.04761905
0.27397037 0.3407015 0.40828025 0.9989562 0.48713738 0.47038156 0.51367295 0.9996345 0.5133566 0.04761905
0.26639083 0.34432706 0.40978462 0.9989346 0.4872562 0.46996915 0.5135769 0.99963206 0.5135453 0.04761905
0.25905323 0.35125232 0.41037682 0.9989294 0.48841336 0.46941927 0.51245034 0.99965394 0.5138166 0.04761905
0.25324202 0.36357766 0.40763262 0.99890745 0.49063048 0.46832082 0.5102774 0.9996965 0.51406443 0.04761905
0.2510832 0.3951866 0.40122256 0.9990823 0.4949888 0.47013867 0.505814 0.99978924 0.5132993 0.04761905
0.24870075 0.44083333 0.3893344 0.99930024 0.50107497 0.47357854 0.4995113 0.9998765 0.51110184 0.04761905
0.24455884 0.48733774 0.37996203 0.99940145 0.5069371 0.47654694 0.49347523 0.9998778 0.5089204 0.04761905
0.24067271 0.5260669 0.37730727 0.99945575 0.5117747 0.47986788 0.48847362 0.99982643 0.506378 0.04761905
0.23596309 0.5588345 0.37103382 0.9993945 0.51645786 0.48171648 0.48370168 0.9997127 0.50464344 0.04761905
0.23134746 0.5832746 0.3682172 0.9993082 0.51984036 0.48274803 0.4802757 0.9995972 0.5036907 0.04761905
0.22714794 0.59751844 0.36594495 0.99926144 0.52146643 0.4833507 0.47861916 0.99953413 0.50291866 0.04761905
0.22423847 0.6109084 0.36265272 0.99912494 0.5237925 0.4824445 0.47627553 0.9994313 0.50234985 0.04761905
0.22260399 0.6181755 0.3626217 0.9990535 0.5246974 0.48167962 0.4753645 0.99938816 0.5021382 0.04761905
0.22032464 0.6254692 0.36285108 0.9989385 0.52577525 0.4800998 0.47429547 0.9993336 0.50228524 0.04761905
0.21794558 0.63102275 0.36407194 0.99881345 0.5267484 0.4783283 0.47332248 0.9992829 0.502211 0.04761905
0.2167803 0.6351131 0.3688357 0.9987389 0.5276281 0.47772488 0.4724472 0.9992349 0.50230193 0.04761905
0.21327667 0.6379152 0.36810893 0.9986922 0.52815205 0.4773386 0.47192952 0.99920547 0.5024323 0.04761905
0.2102158 0.6399593 0.36809152 0.998665 0.5284141 0.4770671 0.47166717 0.99919075 0.50241745 0.04761905
0.2068752 0.6421902 0.36774206 0.9986472 0.52881205 0.4771787 0.47126648 0.99916804 0.50237316 0.04761905
0.20145616 0.64262104 0.36719722 0.9987033 0.52884847 0.47848728 0.47122484 0.9991659 0.5023207 0.04761905
0.19398226 0.6432035 0.36398947 0.998717 0.5290151 0.47903645 0.47106287 0.9991559 0.5024623 0.04761905
0.18921103 0.6427969 0.3613428 0.99872124 0.528891 0.47896627 0.47119123 0.9991628 0.5025571 0.04761905
0.18834607 0.6421748 0.3623505 0.9987786 0.5285328 0.47985515 0.47155526 0.99918264 0.5027527 0.04761905
0.18897831 0.6416289 0.37115127 0.99892086 0.52811766 0.48304752 0.47196567 0.9992049 0.5029243 0.04761905
0.18721178 0.6412328 0.37148088 0.9989332 0.5277599 0.48282382 0.47233194 0.99922407 0.5031378 0.04761905
0.18043682 0.6404544 0.3689693 0.998905 0.5271656 0.48113647 0.47294593 0.9992556 0.50345373 0.04761905
0.17324656 0.64123905 0.36607373 0.9988605 0.5269761 0.47973907 0.47315288 0.9992649 0.5037136 0.04761905
0.16779552 0.6417515 0.36191273 0.99881065 0.5266107 0.4780957 0.47353473 0.99928397 0.50388604 0.04761905
0.16394894 0.6414738 0.35613632 0.9987599 0.52575135 0.47601232 0.47440708 0.9993293 0.5039046 0.04761905
0.16012724 0.64104146 0.34833822 0.9986583 0.5249019 0.47317156 0.47528666 0.9993715 0.50416654 0.04761905
0.15503816 0.6409727 0.3402923 0.9985627 0.5244498 0.47106206 0.47577614 0.99939173 0.50459325 0.04761905
0.15232767 0.6408608 0.3328322 0.9984678 0.5237172 0.4688976 0.47655377 0.9994242 0.50507206 0.04761905
0.15695813 0.6409339 0.33121622 0.9984534 0.5231039 0.4682131 0.47720397 0.99944925 0.50555164 0.04761905
0.15986688 0.6414136 0.32792616 0.99840176 0.52295506 0.4673081 0.47738305 0.9994534 0.5058936 0.04761905
0.16060102 0.6418655 0.31993136 0.9983937 0.52273995 0.4670362 0.4776301 0.99945927 0.50633 0.04761905
0.1645995 0.64275676 0.31512323 0.9984915 0.5226732 0.46850193 0.47771585 0.99945617 0.5068517 0.04761905
0.16784914 0.6435307 0.30900896 0.9985431 0.5229052 0.46950173 0.4774966 0.99944085 0.50724125 0.04761905
0.16811396 0.6432257 0.30163327 0.9985471 0.5228354 0.4695148 0.47758257 0.9994408 0.5075052 0.04761905
0.16849473 0.64308417 0.29600385 0.9985583 0.52384114 0.47048318 0.4766016 0.9993858 0.5081472 0.04761905
0.16610287 0.6421016 0.28789243 0.99851215 0.525685 0.4712609 0.4747825 0.9992861 0.50880057 0.04761905
0.16241193 0.6401867 0.2805884 0.998451 0.52765715 0.47204074 0.4728211 0.9991752 0.5092425 0.04761905
0.15814821 0.6369803 0.27225477 0.9983691 0.52953243 0.47250274 0.47094363 0.99906695 0.50937754 0.04761905
0.15172914 0.63355416 0.26133767 0.9981661 0.5325566 0.4722406 0.46793586 0.99887705 0.50967145 0.04761905
0.14347762 0.62946165 0.24761479 0.99774903 0.5368467 0.47019684 0.4636803 0.99858224 0.5098312 0.04761905
0.13352826 0.630146 0.23728359 0.99719924 0.542276 0.4682879 0.45830232 0.99815106 0.51033634 0.04761905
0.1265724 0.6334333 0.22861749 0.99652314 0.5478973 0.46578628 0.45275983 0.9976396 0.51109946 0.04761905
0.11648752 0.641312 0.22125907 0.99561477 0.5554392 0.46404865 0.4453244 0.9968462 0.5124255 0.04761905
0.10241438 0.6505736 0.20651549 0.9943354 0.5631731 0.45948312 0.43778574 0.99591225 0.514157 0.04761905
0.094704814 0.6572893 0.19622535 0.9931148 0.5702922 0.45644787 0.4308169 0.99494743 0.515515 0.04761905
0.08960456 0.66100276 0.18629476 0.99197894 0.5769302 0.45485067 0.4242833 0.9939552 0.516591 0.04761905
0.08396488 0.66178036 0.1729257 0.9909756 0.58158225 0.4521748 0.41972703 0.99321234 0.5172569 0.04761905
0.08156657 0.6573303 0.16059223 0.99004525 0.58548766 0.44952714 0.41589567 0.99255824 0.51768744 0.04761905
0.079774 0.64682704 0.15148573 0.9891992 0.58902144 0.447471 0.41239235 0.9919426 0.51781595 0.04761905
0.07674344 0.6372179 0.14150754 0.9882706 0.59249437 0.4448943 0.40898666 0.991309 0.51822263 0.04761905
0.071720965 0.6253504 0.1308665 0.98686063 0.59779775 0.44167057 0.40371463 0.99029696 0.5183848 0.04761905
0.07108249 0.61278987 0.12561429 0.98616016 0.6003392 0.4401642 0.40114453 0.9897941 0.51814854 0.04761905
0.06797992 0.60287386 0.118634365 0.9856046 0.6016176 0.43785453 0.39986584 0.9895388 0.5180248 0.04761905
0.06382473 0.5945205 0.113539435 0.98505485 0.6030601 0.43596542 0.39845157 0.98924136 0.51818883 0.04761905
0.056711175 0.58550334 0.1123599 0.9845004 0.60514325 0.43516007 0.39638233 0.9888004 0.51837206 0.04761905
0.05199764 0.57837033 0.11329025 0.9841256 0.6068236 0.435107 0.3946936 0.98843765 0.51841706 0.04761905
0.044196658 0.57065755 0.11244938 0.9833902 0.6096617 0.43436274 0.39187327 0.98781073 0.5186901 0.04761905
0.037092566 0.56439304 0.111215934 0.98261064 0.6125913 0.43359095 0.38896254 0.9871452 0.51898026 0.04761905
0.021590553 0.5523536 0.10703817 0.98110914 0.6176586 0.43151295 0.38387823 0.9859529 0.5191178 0.04761905
0.01369182 0.54331744 0.10503169 0.9798721 0.6220725 0.43056637 0.37942618 0.9848666 0.5191387 0.04761905
0.005862005 0.5361318 0.101343356 0.9788258 0.6252596 0.42903584 0.3762524 0.9840547 0.5194317 0.04761905
-0.0031664595 0.52828294 0.09719826 0.9776981 0.62812245 0.42658907 0.373432 0.98330575 0.519902 0.04761905
-0.0134648755 0.52105784 0.09001296 0.9763546 0.6310818 0.42316326 0.37050205 0.9825114 0.5203227 0.04761905
-0.022235252 0.5145758 0.08639354 0.9754927 0.6328361 0.42087212 0.3687598 0.98203015 0.5205648 0.04761905
-0.026090555 0.51063144 0.08312449 0.97461873 0.63418734 0.41795835 0.36734366 0.9816511 0.52035916 0.04761905
-0.031751283 0.5062398 0.08054394 0.973626 0.63611865 0.41544148 0.36537284 0.9811027 0.5203895 0.04761905
-0.04187435 0.5014769 0.07526308 0.9724785 0.63814485 0.41236416 0.36334622 0.9805172 0.5207109 0.04761905
-0.046463534 0.4984021 0.07225003 0.97170055 0.6396409 0.41056305 0.36182344 0.9800776 0.5208024 0.04761905
-0.054997243 0.49485537 0.062716864 0.97048104 0.64147663 0.40709153 0.3599607 0.97952664 0.5210528 0.04761905
-0.060816035 0.4921824 0.061382502 0.970034 0.6427442 0.4067682 0.35869238 0.97914803 0.52119684 0.04761905
-0.06564185 0.49050763 0.05604092 0.96955705 0.6442193 0.4066351 0.35718057 0.978701 0.5211648 0.04761905
-0.06940875 0.48912632 0.046591796 0.9689847 0.64493513 0.4048835 0.35639572 0.9784726 0.5210192 0.048809525
-0.08022085 0.48583758 0.035153553 0.9682057 0.6457739 0.4023609 0.35549313 0.9782016 0.52099967 0.04761905
-0.088358074 0.48403686 0.024096705 0.9673325 0.64617145 0.3988353 0.3550477 0.9780609 0.52113336 0.04761905
-0.089407824 0.48393807 0.022986196 0.9671775 0.6462911 0.398294 0.35489434 0.9780185 0.5210384 0.04761905
-0.09485226 0.4839593 0.017673261 0.9664921 0.64697385 0.3961549 0.35421017 0.97779787 0.52131987 0.04761905
-0.09710964 0.4842518 0.013269372 0.9659047 0.6472964 0.3939973 0.3538764 0.97768664 0.52152663 0.04761905
-0.095721 0.48489767 0.012215637 0.9655857 0.64741135 0.39276284 0.3537445 0.97764325 0.52159303 0.04761905
-0.10030046 0.48408046 0.0042602792 0.9649912 0.64735115 0.39013293 0.3537671 0.97764516 0.5217039 0.04761905
-0.096944086 0.48525485 0.0031303987 0.96460795 0.6470839 0.38817066 0.35393012 0.9777069 0.52144104 0.04761905
-0.09171922 0.48620152 0.0035216287 0.96431655 0.64662826 0.38637644 0.3542536 0.97782373 0.52103424 0.04761905
-0.09782702 0.48672992 -0.004167296 0.96346915 0.6461835 0.38241306 0.35454905 0.9779216 0.52085465 0.04761905
-0.10324057 0.48769715 -0.004933737 0.9631624 0.645756 0.38068646 0.3549717 0.97804356 0.521004 0.04761905
-0.10795843 0.48890284 -0.006568022 0.96291625 0.6447006 0.37846708 0.35598022 0.97834986 0.52096885 0.04761905
-0.10763731 0.4911441 -0.0035928562 0.9629307 0.64352095 0.37713045 0.3570988 0.9786948 0.52074856 0.04761905
-0.11043612 0.50014967 0.00043410808 0.9626856 0.6433753 0.37604195 0.3572674 0.9787358 0.52096343 0.04761905
-0.110489614 0.5076482 0.0040869787 0.9624752 0.6428598 0.3746693 0.35782996 0.97889024 0.5212562 0.04761905
-0.106193386 0.5143189 0.009528808 0.96274275 0.64097583 0.3735289 0.35970047 0.9794486 0.5210965 0.04761905
-0.09930059 0.52098036 0.019681789 0.9638589 0.63783073 0.37415248 0.36282825 0.9803778 0.5205208 0.04761905
-0.088584125 0.52278894 0.026891567 0.9652277 0.6337029 0.37475342 0.36681873 0.9815475 0.51935893 0.04761905
-0.07944416 0.5225685 0.032269023 0.9663064 0.6301536 0.37502638 0.37025934 0.98252225 0.5184288 0.04761905
-0.06536141 0.51889545 0.036942698 0.9679296 0.6248002 0.37563458 0.3753207 0.9839242 0.51650554 0.04761905
-0.047032647 0.5151283 0.04935015 0.97012967 0.6194206 0.37868708 0.3804815 0.9852874 0.51454186 0.04761905
-0.03497295 0.51323277 0.05669117 0.9717196 0.6147741 0.38038594 0.3849303 0.98640704 0.5129276 0.04761905
-0.025601424 0.5134655 0.063909255 0.9731808 0.6104045 0.38205588 0.38922238 0.9874301 0.51184165 0.04761905
-0.018577166 0.51564544 0.07166773 0.974352 0.6073154 0.38392442 0.3922681 0.98813117 0.51103705 0.04761905
-0.0160731 0.5192199 0.08048322 0.97555065 0.6041817 0.38599247 0.39540926 0.9888272 0.5104261 0.04761905
-0.0142451 0.51947767 0.09165414 0.9771533 0.59916633 0.388238 0.40044832 0.98989403 0.5096597 0.04761905
-0.012212172 0.5158085 0.10829639 0.97935486 0.59296703 0.39240783 0.40669602 0.9911405 0.5086825 0.04761905
-0.009610467 0.5126533 0.12515026 0.9816917 0.5856966 0.39690226 0.41406715 0.9924972 0.5078778 0.04761905
-0.007184334 0.5101445 0.13701543 0.98321533 0.5802392 0.39967763 0.41953373 0.9934319 0.50707763 0.04761905
-0.004521832 0.5090932 0.14749411 0.98436725 0.5763672 0.4022432 0.42345524 0.9940609 0.50669295 0.04761905
-8.754432e-06 0.50733334 0.15844728 0.9856318 0.5720625 0.4052965 0.4278126 0.9947218 0.5062763 0.04761905
0.008171573 0.5068583 0.1639011 0.9866661 0.5676359 0.40736338 0.43218008 0.99535 0.50537336 0.04761905
0.014621504 0.5075027 0.16650918 0.9873377 0.56426424 0.40850103 0.4355121 0.9958011 0.5047529 0.04761905
0.02350267 0.50850904 0.17159045 0.9882735 0.5598634 0.4105274 0.43984413 0.99635345 0.50380987 0.04761905
0.031114705 0.5101786 0.17591164 0.98904306 0.5560122 0.4122531 0.44363278 0.99680364 0.50297534 0.04761905
0.04751023 0.5154299 0.18366262 0.9902782 0.5496013 0.4153418 0.45001706 0.99749136 0.5020161 0.04761905
0.057353526 0.5184482 0.18947187 0.9911374 0.5442356 0.41737264 0.45537528 0.99800277 0.50136226 0.04761905
0.06598525 0.5215896 0.19558974 0.99184704 0.540334 0.41962814 0.45926833 0.9983375 0.5008233 0.04761905
0.078066066 0.5252522 0.20397152 0.9926076 0.53659856 0.42255113 0.4630096 0.9986297 0.5003534 0.04761905
0.09040449 0.5286018 0.21556455 0.9934348 0.53292936 0.42625877 0.46674186 0.9988926 0.50023717 0.04761905
0.102727264 0.53093755 0.22261582 0.9939884 0.53017217 0.42883065 0.46953017 0.9990707 0.5000887 0.04761905
0.11366967 0.5323917 0.23012023 0.9944916 0.5277328 0.43137833 0.47201598 0.99921626 0.5000988 0.04761905
0.12916806 0.53578013 0.2414684 0.9951489 0.5248356 0.43510982 0.47496283 0.9993727 0.5000782 0.04761905
0.14534812 0.54028016 0.25526404 0.9958589 0.52207255 0.43969464 0.4777986 0.9995068 0.500276 0.04761905
0.15719603 0.5433891 0.26624408 0.99637187 0.5198979 0.44326353 0.48003393 0.9996009 0.5005362 0.04761905
0.17369464 0.5474375 0.28074044 0.99702156 0.51743734 0.4483711 0.48258686 0.9996954 0.50113636 0.04761905
0.18796733 0.55230147 0.29034126 0.9975138 0.51532906 0.45261773 0.4847621 0.9997649 0.50168586 0.04761905
0.20331727 0.5566786 0.30011058 0.99781066 0.5134459 0.45523655 0.4866724 0.9998187 0.5019188 0.04761905
0.22044262 0.56110245 0.3118744 0.9980289 0.5122303 0.45736605 0.48790854 0.9998492 0.50214374 0.04761905
0.24190742 0.5670579 0.32851 0.99831593 0.5111072 0.46053046 0.48907137 0.9998733 0.5026928 0.04761905
0.25902048 0.57218856 0.34665173 0.9986044 0.51061815 0.4642108 0.4896057 0.9998797 0.5034968 0.04761905
0.2729869 0.57689494 0.35584182 0.9987036 0.51060766 0.4656169 0.48963466 0.9998775 0.50387716 0.04761905
0.2885297 0.5790239 0.37333533 0.9989598 0.50974214 0.46927118 0.4905144 0.9998901 0.50446033 0.04761905
0.30163032 0.58199596 0.38946524 0.9991691 0.50932854 0.47273886 0.4909373 0.9998917 0.5051152 0.04761905
0.30807957 0.5835934 0.39940512 0.99928457 0.5091402 0.47487292 0.4911299 0.9998901 0.5055869 0.04761905
0.31832132 0.58601093 0.41837737 0.9994687 0.5089408 0.47876006 0.49133152 0.9998816 0.50657743 0.04761905
0.32629263 0.58718145 0.43439418 0.9996015 0.5087296 0.48205093 0.49154055 0.9998699 0.50765026 0.04761905
0.33195144 0.58845246 0.44675234 0.9996886 0.508721 0.4846636 0.49153796 0.9998556 0.5085325 0.04761905
0.34579325 0.5889798 0.47049615 0.9998255 0.5083895 0.48979726 0.49181247 0.9998349 0.50990236 0.04761905
0.3618595 0.5898313 0.4954535 0.99991196 0.5080287 0.49514407 0.49207687 0.9998223 0.51071805 0.04761905
0.37547013 0.59028697 0.5172083 0.9999368 0.50794864 0.49988276 0.4920561 0.99980664 0.51141155 0.04761905
0.3883645 0.5888012 0.53500575 0.9999335 0.507371 0.50348777 0.49254924 0.9998077 0.5116921 0.04761905
0.40486124 0.5802649 0.55283606 0.9999215 0.5053413 0.5070677 0.49450094 0.99984396 0.5112165 0.04761905
0.42087477 0.5725461 0.5786138 0.99984175 0.5031234 0.51218516 0.49660408 0.9998636 0.5111738 0.04761905
0.43446776 0.56571716 0.6037116 0.99969554 0.50121325 0.5174036 0.49839455 0.9998709 0.51124907 0.04761905
0.44829118 0.5593997 0.6287208 0.9994644 0.49905077 0.5231179 0.5004337 0.99987537 0.5111548 0.04761905
0.46019062 0.5529682 0.6569205 0.99912584 0.49691546 0.52939177 0.5024173 0.999864 0.51140773 0.04761905
0.47165757 0.5454451 0.6830651 0.99871844 0.49432766 0.5353234 0.50488216 0.99984765 0.51133716 0.04761905
0.48227048 0.5375947 0.7093337 0.99825835 0.4920174 0.540925 0.50706667 0.9998188 0.51145554 0.04761905
0.49504256 0.5298659 0.74328613 0.99769807 0.48994362 0.54685646 0.5089995 0.9997827 0.51167303 0.04761905
0.5088275 0.5213012 0.77996075 0.99711424 0.4878313 0.55224323 0.51097935 0.99973714 0.511928 0.04761905
0.5259405 0.50982153 0.82090944 0.9964213 0.4850286 0.557808 0.5136945 0.99967295 0.5118072 0.04761905
0.54289174 0.49981225 0.8598296 0.9958169 0.48260266 0.56215256 0.51602995 0.9995997 0.5119671 0.04761905
0.56532854 0.48864624 0.90106183 0.99527156 0.47986865 0.56558025 0.51874954 0.99951047 0.51173705 0.04761905
0.58619213 0.48379213 0.9337741 0.9948597 0.47866595 0.5682548 0.51995647 0.99947083 0.5114289 0.04761905
0.60868144 0.48314703 0.9577807 0.9946848 0.47869375 0.56951946 0.5199871 0.9994824 0.5108573 0.04761905
0.6284837 0.48271495 0.98626506 0.9941999 0.47843513 0.57281107 0.52023023 0.9994776 0.51062185 0.04761905
0.6444761 0.48181084 1.0200187 0.993414 0.47819564 0.5778923 0.5203122 0.9994629 0.5111457 0.04761905
0.6579011 0.48145178 1.0515523 0.99252486 0.47815016 0.5833179 0.5201611 0.999454 0.51180005 0.04761905
0.6729865 0.48373353 1.086674 0.9916253 0.4788865 0.58864975 0.51921535 0.9994768 0.51239675 0.04761905
0.6871411 0.48616412 1.1205103 0.99073946 0.47933364 0.59352887 0.5185564 0.9994863 0.51300347 0.04761905
0.69698685 0.48674917 1.1553677 0.98963 0.47938892 0.5991851 0.5182214 0.9994761 0.5138429 0.04761905
0.70798916 0.48777735 1.1884248 0.9886901 0.47947222 0.6037334 0.51790625 0.9994693 0.5144833 0.04761905
0.7210509 0.48861176 1.2189564 0.9879666 0.47943965 0.60707873 0.5177991 0.99946415 0.51479095 0.04761905
0.73104197 0.48812684 1.2458863 0.9872434 0.47947243 0.6103291 0.51761246 0.9994601 0.515147 0.04761905
0.74317855 0.48790637 1.2728024 0.9866574 0.4794063 0.61287385 0.5175682 0.9994545 0.5153795 0.04761905
0.7532218 0.48726675 1.3033053 0.98577654 0.47948122 0.61661977 0.5172489 0.9994453 0.5160255 0.04761905
0.7608673 0.48670825 1.3308724 0.9848399 0.4795642 0.6204685 0.51686573 0.9994315 0.5168434 0.048809525
0.76692176 0.4871112 1.3563884 0.9838762 0.4796413 0.6242953 0.5165057 0.9994194 0.5175455 0.06428572
0.770533 0.4866845 1.3866551 0.9824828 0.478967 0.62949115 0.51685464 0.9993802 0.51831317 0.09642857
0.7730846 0.48440358 1.4318156 0.9800862 0.47768182 0.63790995 0.51756006 0.9993041 0.51967376 0.13214286
0.77605224 0.48239386 1.4584302 0.9786801 0.47684747 0.64258105 0.51804626 0.9992542 0.5204839 0.15952381
0.78247875 0.4789393 1.4811369 0.9777657 0.4761052 0.6454956 0.51859033 0.99921525 0.5209409 0.18928571
0.79248005 0.4747005 1.5084136 0.97691643 0.4751525 0.6480991 0.519419 0.9991721 0.52121514 0.21904762
0.80216974 0.47172588 1.5282228 0.97658324 0.47447616 0.6490535 0.5201854 0.9991536 0.52093405 0.24880952
0.81405514 0.46665236 1.5461477 0.9766954 0.47407702 0.6486254 0.52071357 0.99914485 0.5206241 0.27857143
0.82630825 0.46112037 1.568653 0.9763545 0.47294942 0.6495147 0.5218934 0.9990977 0.5205457 0.30714285
0.83399755 0.45712262 1.5853477 0.97592044 0.47209105 0.65073436 0.52272195 0.999056 0.5206607 0.33809525
0.839346 0.4526748 1.6059709 0.9750535 0.47096372 0.6532353 0.5237304 0.9989954 0.5209857 0.36666667
0.84141237 0.44806734 1.6360533 0.97326577 0.46953422 0.6584025 0.524845 0.99890953 0.52172554 0.3952381
0.8434088 0.44302955 1.6647753 0.9714434 0.46786833 0.66342777 0.52618164 0.99880487 0.52254367 0.42380953
0.8434741 0.4388396 1.6898775 0.9697468 0.46669877 0.66801476 0.52698153 0.9987222 0.52341205 0.43928573
0.84676933 0.4347068 1.7088352 0.968842 0.46594507 0.6703743 0.52751833 0.99866736 0.5239493 0.43809524
0.8555478 0.43237716 1.7259817 0.96862006 0.4657016 0.67093515 0.5276944 0.99864894 0.5241302 0.43928573
0.86103565 0.4306909 1.7369332 0.96855146 0.4656324 0.6711093 0.52777296 0.9986459 0.52410275 0.43928573
0.86505485 0.43060592 1.7456158 0.96854895 0.46598724 0.67118704 0.5273943 0.998667 0.5240993 0.43928573
0.8703221 0.42985815 1.7543852 0.9684957 0.46596646 0.67132854 0.52742094 0.9986667 0.5240754 0.43928573
0.8729608 0.4286035 1.7583104 0.96849805 0.46586028 0.6713011 0.52755266 0.99866176 0.52402675 0.43928573
0.8753839 0.42832735 1.7569263 0.9687239 0.46603832 0.6707176 0.52737606 0.99867094 0.5240391 0.43928573
0.87695134 0.4284647 1.7585206 0.9687362 0.46617004 0.67071 0.5271867 0.99867475 0.52417403 0.43928573
0.8769135 0.42846507 1.7584652 0.9686856 0.46630368 0.6708753 0.5269997 0.99867964 0.5242826 0.43928573
0.87757355 0.42889532 1.7560177 0.9687098 0.46653253 0.67085385 0.52674645 0.9986919 0.5243111 0.43928573
0.88115996 0.43108281 1.742211 0.9697248 0.46729282 0.6681929 0.52623385 0.99874747 0.52372235 0.43928573
0.8894987 0.43380103 1.7287685 0.97114253 0.46805096 0.6643288 0.5258399 0.9988067 0.52289385 0.43928573
0.892886 0.43554935 1.7114496 0.97267026 0.46901494 0.6600711 0.52520084 0.99887294 0.5221522 0.43928573
0.89464855 0.4374773 1.6925204 0.97415835 0.46997395 0.6557957 0.5245717 0.9989382 0.52137583 0.43928573
0.89454323 0.43929568 1.6728638 0.9755577 0.47097844 0.6516663 0.5238792 0.999004 0.52061075 0.43928573
0.8944005 0.44134137 1.649419 0.977018 0.47196093 0.6471992 0.5232338 0.9990684 0.5197724 0.43928573
0.8939625 0.44337964 1.6189139 0.9784466 0.4726063 0.6426128 0.5229176 0.9991135 0.51898646 0.43928573
0.8925454 0.44577232 1.5892633 0.97946507 0.47331765 0.63928854 0.52243143 0.99915737 0.5184049 0.43928573
0.889682 0.44815135 1.5569568 0.9803748 0.47406358 0.636262 0.52186614 0.9991996 0.5179325 0.43928573
0.88884693 0.45331082 1.5294386 0.98101366 0.47519326 0.634203 0.52082497 0.99925447 0.5176433 0.43928573
0.88619363 0.457134 1.4990696 0.98141813 0.47601408 0.6328956 0.5200568 0.9992924 0.5174595 0.43928573
0.8832279 0.46014604 1.4736272 0.98165107 0.47658908 0.6321522 0.5194881 0.9993161 0.5174268 0.43928573
0.87925714 0.4629877 1.4493009 0.9819424 0.47713125 0.6311811 0.51897246 0.9993387 0.5173472 0.43928573
0.876141 0.46562526 1.4218426 0.98278296 0.4778324 0.6281765 0.5184633 0.9993757 0.51682204 0.43928573
0.8718681 0.46843395 1.3868237 0.98411465 0.47877648 0.62321746 0.5178393 0.99942756 0.51593393 0.43928573
0.86665523 0.470081 1.3539611 0.98545873 0.47958744 0.61795413 0.5173308 0.99947107 0.5151083 0.43928573
0.858957 0.47082826 1.3137957 0.98692286 0.48030838 0.6118856 0.51690114 0.9995079 0.51435906 0.43928573
0.85030675 0.47146332 1.2749822 0.9881643 0.48078555 0.6064256 0.5167375 0.9995397 0.5134151 0.43928573
0.8423891 0.47228888 1.2378093 0.9894084 0.4813016 0.60064685 0.51652044 0.9995712 0.5124787 0.43928573
0.8322483 0.47358817 1.1991581 0.99048686 0.48208618 0.595403 0.51592654 0.99960387 0.5119291 0.43928573
0.82020533 0.47518477 1.1597066 0.9913951 0.4830092 0.5907861 0.5151458 0.99963754 0.5115292 0.43928573
0.8092452 0.47832927 1.1244508 0.99225277 0.48402286 0.58620876 0.51428485 0.99967396 0.51103854 0.43928573
0.7976553 0.4803215 1.0915091 0.9928535 0.4846104 0.5828167 0.51381385 0.99969566 0.51064885 0.43928573
0.7851533 0.48233613 1.0495214 0.9938708 0.4848727 0.576569 0.5137982 0.9997149 0.50972736 0.43928573
0.7732643 0.48340845 1.0099056 0.99484843 0.4850821 0.5700177 0.5138343 0.99973285 0.50869924 0.43928573
0.76268196 0.48362854 0.9751443 0.9956832 0.48536164 0.56390566 0.5137541 0.9997501 0.50779015 0.43928573
0.75020826 0.48457506 0.93480766 0.9966358 0.48645002 0.5562962 0.5128741 0.999789 0.5067214 0.43928573
0.7336585 0.48675507 0.88179123 0.99777955 0.4878833 0.54548305 0.51168895 0.99983597 0.505229 0.43928573
0.72046185 0.48810175 0.843691 0.9984435 0.4887805 0.53779167 0.51094013 0.99986345 0.50410616 0.43928573
0.70674694 0.4901317 0.8104399 0.9988539 0.4897516 0.53224516 0.510057 0.99988806 0.50328976 0.43928573
0.6898606 0.49343503 0.7729627 0.9991792 0.49106118 0.5272071 0.50880486 0.9999152 0.5026993 0.43928573
0.6760397 0.4962333 0.74423504 0.9993849 0.49199995 0.5234682 0.5079021 0.9999324 0.50227094 0.43928573
0.66113186 0.49949405 0.71375126 0.99956405 0.49327728 0.51976234 0.5066574 0.9999525 0.50178325 0.43928573
0.6422499 0.5030851 0.6797739 0.999738 0.49489057 0.5153582 0.50507015 0.99997246 0.50135535 0.43928573
0.62732816 0.5051692 0.6525123 0.9998586 0.49601796 0.5112039 0.5039626 0.99998343 0.5009135 0.43928573
0.6124778 0.5063727 0.6255999 0.9999511 0.4970811 0.5063511 0.5029125 0.99999124 0.5005216 0.43928573
0.59476703 0.5066153 0.59397435 0.99999654 0.49814832 0.4997601 0.5018516 0.99999654 0.4998652 0.43928573
0.57765347 0.50738275 0.5651852 0.999959 0.49939746 0.49362686 0.50059295 0.99999905 0.49924377 0.43928573
0.56314796 0.50805104 0.5402842 0.9998547 0.50023824 0.48794803 0.499727 0.99999785 0.49856094 0.43928573
0.5507083 0.5089336 0.52004814 0.9997598 0.50063187 0.48451492 0.4993072 0.9999957 0.49804312 0.43928573
0.53699243 0.50937074 0.49963138 0.9997077 0.5006802 0.48291805 0.49924275 0.9999944 0.49775812 0.43928573
0.52744836 0.50990325 0.4853636 0.9996706 0.50073755 0.48186982 0.499178 0.999994 0.49768585 0.43928573
0.5174772 0.5073359 0.46819568 0.9995931 0.5007001 0.4798443 0.49918506 0.9999913 0.497168 0.43928573
0.5037882 0.5052468 0.44517845 0.9994167 0.5011249 0.47588268 0.49870053 0.99998546 0.49641138 0.43928573
0.49187467 0.50438994 0.42505807 0.9992369 0.50180906 0.4724451 0.4979506 0.99997723 0.49569446 0.43928573
0.4772876 0.5028108 0.40067747 0.99895847 0.50241655 0.46783537 0.49724913 0.9999663 0.49488923 0.43928573
0.46337155 0.50176054 0.3764691 0.9986949 0.5028068 0.46400604 0.49676916 0.9999562 0.4942234 0.43928573
0.44425896 0.49986836 0.34110537 0.9982475 0.50311273 0.4582903 0.49631852 0.999942 0.49333268 0.43928573
0.4271366 0.49816665 0.31229672 0.9978098 0.5034453 0.45337906 0.49584857 0.99992824 0.49261674 0.43928573
0.40946734 0.4967711 0.2821456 0.99741316 0.5038263 0.44934875 0.4953455 0.99991524 0.49205616 0.43928573
0.39028496 0.49518135 0.2532271 0.99721944 0.50424397 0.44751352 0.49488208 0.9999088 0.49193814 0.43928573
0.37519044 0.49401617 0.2295725 0.9970039 0.5045769 0.4455373 0.49449286 0.99990165 0.49175438 0.43928573
0.3594001 0.49279153 0.20414071 0.996696 0.50493765 0.44282764 0.4940541 0.9998927 0.49151683 0.43928573
0.34519926 0.4916421 0.18105917 0.9962857 0.505276 0.43939695 0.49361646 0.9998826 0.49124342 0.43928573
0.3338967 0.49066868 0.16373004 0.99602646 0.5056392 0.43734255 0.49319026 0.999874 0.49107957 0.43928573
0.3202146 0.48924577 0.144273 0.99561214 0.5060044 0.43417773 0.4927235 0.99986255 0.49080932 0.43928573
0.3050422 0.48705947 0.12242392 0.9950746 0.50609934 0.43025833 0.49248168 0.9998503 0.49034482 0.43928573
0.29049224 0.4849582 0.10090593 0.99455696 0.5061539 0.426682 0.49229702 0.9998405 0.4899942 0.43928573
0.27631512 0.48158753 0.07924836 0.9941221 0.50590813 0.4237867 0.49240187 0.9998317 0.48948544 0.43928573
0.26133737 0.4805283 0.053945184 0.9934869 0.506381 0.41981283 0.4917347 0.99980855 0.48890647 0.43928573
0.24657156 0.47965807 0.030566752 0.9929639 0.5067895 0.41669068 0.49116877 0.9997891 0.48847473 0.43928573
0.23394021 0.4792258 0.009630322 0.9924966 0.5073349 0.414016 0.49048698 0.9997689 0.48814473 0.43928573
0.22168848 0.47899416 -0.013553724 0.9920395 0.5077467 0.4114726 0.48996672 0.9997544 0.48796633 0.43928573
0.21237335 0.47911814 -0.035036802 0.9916649 0.50867414 0.40949917 0.48896566 0.999733 0.487951 0.43928573
0.20755708 0.4794259 -0.049506947 0.9914682 0.5093138 0.4085001 0.48831552 0.99972194 0.48810685 0.43928573
0.1990437 0.47918326 -0.069224164 0.99107707 0.5103596 0.40653342 0.48714584 0.99968696 0.48784766 0.43928573
0.19136147 0.4787037 -0.08176427 0.9908699 0.51097775 0.40552106 0.48650438 0.9996723 0.48794088 0.43928573
0.1721111 0.47563043 -0.10985788 0.9901847 0.5115925 0.40209934 0.4857016 0.99964094 0.48757145 0.43928573
0.16543004 0.47390994 -0.12012545 0.9898912 0.5116613 0.4006489 0.48551387 0.9996265 0.4872136 0.43928573
0.15794712 0.47071204 -0.13222466 0.9895981 0.5115702 0.39920402 0.4854815 0.9996156 0.4868292 0.43928573
0.1464026 0.46036243 -0.15303771 0.9889461 0.5105261 0.39597642 0.48621482 0.999607 0.48576006 0.43928573
0.13997103 0.45465764 -0.163558 0.9886344 0.5099921 0.39446998 0.48659816 0.9996027 0.48525053 0.43928573
0.13427265 0.44608226 -0.17746839 0.9884663 0.50884813 0.39359346 0.4875933 0.9996085 0.48459068 0.43928573
0.1266282 0.4369264 -0.1962209 0.98817444 0.50776213 0.3921787 0.48853022 0.99961346 0.48403656 0.43928573
0.12054864 0.43070364 -0.21031033 0.98794806 0.506991 0.39110646 0.4891924 0.99961567 0.48364708 0.43928573
0.114162676 0.42503855 -0.22432189 0.98767185 0.50637037 0.38983846 0.48973235 0.99962014 0.4834383 0.43928573
0.1065794 0.42104408 -0.23661222 0.9873394 0.50638264 0.3883775 0.48966023 0.99961823 0.48342538 0.43928573
0.10219421 0.41757914 -0.24343866 0.9872742 0.5064064 0.38809478 0.4896637 0.9996239 0.4835949 0.43928573
0.09536497 0.4102618 -0.2540445 0.9867301 0.50554675 0.38570634 0.4903482 0.9996226 0.48314384 0.43928573
0.08943703 0.401904 -0.26276198 0.9861718 0.5042303 0.38329905 0.49144486 0.99961936 0.48247057 0.43928573
0.08316271 0.39335987 -0.2718157 0.9855591 0.5036431 0.3807563 0.49181458 0.99960643 0.48193294 0.43928573
0.07993046 0.3865581 -0.2763897 0.9852431 0.50294244 0.37945735 0.49230552 0.99958795 0.4812208 0.43928573
0.078985356 0.38042277 -0.2803665 0.985241 0.5019449 0.37942892 0.49317124 0.9995759 0.4805761 0.43928573
0.07834185 0.3771837 -0.2842587 0.9853991 0.5014141 0.38005978 0.49368605 0.99957335 0.48033744 0.43928573
0.07787522 0.37450108 -0.2883089 0.9854766 0.500987 0.38036948 0.49406853 0.9995667 0.48005077 0.43928573
0.074096285 0.37214425 -0.2962077 0.98531663 0.50059414 0.37971938 0.4943893 0.9995614 0.4798293 0.43928573
0.06779734 0.3700625 -0.3060263 0.984858 0.500507 0.37788332 0.49433047 0.99955 0.4795635 0.43928573
0.061723255 0.36889762 -0.31477454 0.98442036 0.50044554 0.3761585 0.49426973 0.9995419 0.47938272 0.43928573
0.051828697 0.36708874 -0.32777724 0.9837938 0.50039065 0.3737328 0.49415758 0.9995314 0.47916007 0.43928573
0.04296068 0.36566544 -0.34051654 0.9832394 0.5003143 0.37162733 0.4940665 0.9995188 0.47888738 0.43928573
0.033420064 0.3636067 -0.35504934 0.9825259 0.50005317 0.3689704 0.4940712 0.9994967 0.4783694 0.43928573
0.027051903 0.36371186 -0.3646322 0.98206425 0.4995544 0.36728293 0.4944308 0.99948883 0.4780941 0.43928573
0.024256408 0.36473042 -0.3691831 0.98196167 0.49922982 0.36691225 0.4947493 0.9994923 0.47809467 0.43928573
0.026012138 0.3650096 -0.36879617 0.98199177 0.49859577 0.36702645 0.4954167 0.9994997 0.478112 0.43928573
0.02937153 0.36524343 -0.36628667 0.9820874 0.4980179 0.367381 0.4960286 0.9995043 0.478098 0.43928573
0.03023535 0.36435306 -0.36703128 0.98187983 0.49755406 0.36663654 0.49644613 0.999503 0.4779978 0.43928573
0.042079426 0.3655961 -0.3556055 0.9825989 0.49738538 0.3692656 0.49688447 0.99952817 0.47850883 0.43928573
0.049093403 0.36650953 -0.34921157 0.9830899 0.4972257 0.37109536 0.49722102 0.9995441 0.47883415 0.43928573
0.0588293 0.36709642 -0.33662257 0.98360467 0.49670833 0.37305236 0.49780753 0.99954104 0.47869498 0.43928573
0.07166732 0.36689746 -0.32161397 0.9840883 0.49584505 0.37493497 0.49870324 0.9995309 0.47838515 0.43928573
0.08274078 0.3661382 -0.30879316 0.9844008 0.49466008 0.37619632 0.49985698 0.9995111 0.47789547 0.43928573
0.09494431 0.36568838 -0.29402193 0.9847889 0.49344513 0.37778378 0.50105745 0.9994881 0.47740525 0.43928573
0.10797575 0.36468568 -0.27536395 0.98550195 0.49189422 0.38074327 0.5026982 0.9994651 0.47703633 0.43928573
0.118836015 0.3593581 -0.2591281 0.9858924 0.48893198 0.3825858 0.50569 0.9994136 0.47646967 0.43928573
0.13000052 0.3558722 -0.24222474 0.9864011 0.48673028 0.38494396 0.5079657 0.9993641 0.47608194 0.43928573
0.14186527 0.348904 -0.22352661 0.987046 0.48377258 0.38809454 0.51107985 0.9992921 0.47582045 0.43928573
0.15219833 0.34287563 -0.2060129 0.9875064 0.48044237 0.3906608 0.5145422 0.99919 0.4755481 0.43928573
0.16053759 0.33736113 -0.1892409 0.9879217 0.4776282 0.39307994 0.5175428 0.9990973 0.47562474 0.43928573
0.16893946 0.33496132 -0.16814838 0.98866457 0.476026 0.39688748 0.5194326 0.9990485 0.4760634 0.43928573
0.17847362 0.33190852 -0.14386143 0.9894099 0.47393823 0.40101165 0.52184844 0.99897635 0.47665027 0.43928573
0.18793942 0.33052248 -0.120234825 0.9900642 0.47219667 0.40479475 0.5238772 0.9989092 0.47720736 0.43928573
0.19830741 0.32956302 -0.0940622 0.9906931 0.4707348 0.4085459 0.52559865 0.9988469 0.4777181 0.43928573
0.20911606 0.32859823 -0.06734114 0.9912516 0.46899876 0.4121887 0.5275389 0.9987552 0.47798118 0.43928573
0.2250231 0.3278142 -0.034342706 0.9920407 0.46604052 0.41788602 0.5307707 0.99857545 0.47818995 0.43928573
0.25240666 0.32763198 0.013528466 0.993039 0.4625343 0.42577854 0.5346592 0.99834144 0.47868043 0.43928573
0.2784222 0.32800943 0.054656826 0.9937949 0.4603321 0.43222794 0.5371713 0.998184 0.47924018 0.43928573
0.31931803 0.33115536 0.114847794 0.99450016 0.4586782 0.4386638 0.5390589 0.9980449 0.47936827 0.43928573
0.34897593 0.33251515 0.15919517 0.99481976 0.45753744 0.44211796 0.54026234 0.9979298 0.47890937 0.43928573
0.3795241 0.33538362 0.20615529 0.9951832 0.45659074 0.44606256 0.541321 0.99783397 0.478695 0.43928573
0.41622913 0.34458968 0.26679364 0.99582005 0.4566147 0.45224833 0.54156744 0.9978386 0.47929108 0.43928573
0.44682744 0.35105467 0.31368113 0.9961818 0.45652544 0.4562553 0.5417871 0.9978179 0.47923374 0.43928573
0.4776181 0.36045006 0.36503267 0.9966225 0.45713305 0.46090382 0.54137754 0.99787176 0.47971103 0.43928573
0.5130995 0.37152153 0.42778566 0.9970977 0.45732948 0.46724144 0.54143417 0.99788713 0.48021048 0.43928573
0.5431046 0.37953246 0.48019922 0.99741215 0.45719242 0.47263828 0.5417737 0.99786973 0.48048896 0.43928573
0.56857204 0.38663718 0.52599823 0.99767053 0.45724985 0.47771776 0.54190385 0.9978678 0.48071983 0.43928573
0.60654795 0.3930135 0.5886724 0.9978743 0.45666882 0.48439297 0.5427194 0.9977976 0.48069805 0.43928573
0.62928224 0.39806768 0.6269757 0.9979719 0.45649004 0.48856065 0.5430484 0.9977686 0.48068 0.43928573
0.66399556 0.40803835 0.6886379 0.9980597 0.45616862 0.4960813 0.5436508 0.9977218 0.48082736 0.43928573
0.6902049 0.41801003 0.73851204 0.99805677 0.45603767 0.5026091 0.5440296 0.9977014 0.48116714 0.43928573
0.7146839 0.4256267 0.7850046 0.99782753 0.45414296 0.5080528 0.5461296 0.99751985 0.4813971 0.43928573
0.73443216 0.4305783 0.8301914 0.997443 0.45109177 0.5125869 0.54935 0.9972211 0.48167768 0.43928573
0.75586915 0.43499923 0.88183844 0.99703443 0.44829226 0.51682407 0.5523037 0.99693406 0.48208594 0.43928573
0.7701093 0.43434396 0.93370044 0.9963354 0.44383824 0.5222948 0.55694664 0.9964491 0.48281297 0.43928573
0.7642494 0.4306339 0.9915705 0.9954032 0.4395953 0.5304467 0.56139916 0.9959884 0.48497945 0.43928573
0.7496941 0.42633024 1.0298761 0.9947901 0.43709058 0.5350029 0.5639609 0.99571645 0.4868016 0.43928573
0.7322714 0.42231566 1.0487984 0.9943818 0.4348001 0.53654677 0.5662312 0.9954475 0.48795068 0.43928573
0.7135755 0.41793767 1.0590879 0.99412775 0.43303907 0.5367969 0.5679416 0.99523693 0.48884997 0.43928573
0.6975013 0.414056 1.0708429 0.9938811 0.43133342 0.536964 0.5696015 0.99502337 0.4896305 0.43928573
0.6806269 0.4098097 1.0830462 0.9936352 0.42967117 0.5371232 0.57120794 0.9948131 0.490542 0.43928573
0.66086096 0.4053162 1.094939 0.9933984 0.42800695 0.5370809 0.57279706 0.9946015 0.49163806 0.43928573
0.6435449 0.40076566 1.1042124 0.99316883 0.42636168 0.5369039 0.57438207 0.9943791 0.4924756 0.43928573
0.62291783 0.39484262 1.109125 0.9929134 0.4241311 0.5357809 0.57653743 0.9940608 0.493223 0.43928573
0.60655755 0.38820836 1.1090989 0.99266 0.421045 0.5324384 0.5795392 0.9935887 0.49338773 0.43928573
0.6035021 0.38013658 1.1095674 0.99232984 0.4176853 0.5289069 0.58286846 0.9930289 0.4925588 0.43928573
0.6170887 0.37376687 1.1112889 0.99213576 0.41564807 0.5262132 0.5849237 0.99265164 0.49092585 0.43928573
0.6478059 0.37348554 1.1111951 0.9921026 0.4148332 0.5241177 0.585785 0.99245477 0.48863068 0.43928573
0.6776786 0.37501937 1.1196281 0.99204445 0.41478258 0.52510446 0.5859251 0.9923986 0.487332 0.43928573
0.707787 0.3765239 1.1315174 0.9919687 0.41513884 0.5276655 0.5856743 0.9924327 0.4869638 0.43928573
0.7332958 0.37863377 1.1451108 0.99189985 0.41578037 0.53068495 0.5851362 0.9925278 0.48703068 0.43928573
0.76859057 0.3825261 1.159439 0.9918792 0.41688633 0.53386706 0.5841599 0.99268925 0.4867926 0.43928573
0.7938796 0.38619554 1.174574 0.9918656 0.4181983 0.53710425 0.58295566 0.99289834 0.4869795 0.43928573
0.8197212 0.39107978 1.1846192 0.9919466 0.41986224 0.5395795 0.5813782 0.993163 0.48704484 0.43928573
0.845225 0.40117815 1.1945899 0.9922103 0.42284983 0.5421525 0.5784801 0.9936333 0.48707488 0.41428572
0.8699924 0.4103893 1.2065105 0.99231297 0.42531982 0.5452858 0.57611984 0.99400437 0.48713824 0.3845238
0.89852 0.4255337 1.2178243 0.99260855 0.4290226 0.54794776 0.5725144 0.99454486 0.48707452 0.35357141
0.91803324 0.4384273 1.224803 0.9929725 0.4329276 0.5497938 0.5686772 0.9950894 0.486964 0.32380953
0.9514187 0.4576041 1.2362503 0.9932015 0.4367698 0.55248064 0.56502527 0.995555 0.48596555 0.28928572
0.9671995 0.46845663 1.2429991 0.99321306 0.43773523 0.55351645 0.56414795 0.99565554 0.4854865 0.2595238
0.9759405 0.47737494 1.2436104 0.9934002 0.43878353 0.5529977 0.5631168 0.995775 0.48505127 0.22738095
0.9668411 0.48149988 1.245934 0.9933312 0.43879497 0.5536495 0.56313884 0.9957706 0.48500052 0.19642857
0.94105005 0.4790148 1.244679 0.9932401 0.4385154 0.55416477 0.56331223 0.9957846 0.4862452 0.16309524
0.90895593 0.47626543 1.2310692 0.99339664 0.43786407 0.55195093 0.56376386 0.9957564 0.48736152 0.13095239
0.87672126 0.47472152 1.2076946 0.9939511 0.43907464 0.54796284 0.56230474 0.9959662 0.48835424 0.09761905
0.83894074 0.4732481 1.1726738 0.99459445 0.44030583 0.54257846 0.560803 0.99617463 0.4893354 0.06309524
0.8008829 0.47116697 1.1370611 0.9950671 0.4408093 0.5374832 0.56006294 0.99628663 0.49040505 0.046428572
