0.5088246 0.9164321 0.3907337 0.99841285 0.52374506 0.5319503 0.4773733 0.9991632 0.48199672 0.0
0.50779545 0.9119627 0.39150077 0.9984442 0.5235736 0.5315864 0.47752565 0.9991741 0.48210868 0.0
0.5054151 0.8658233 0.44103137 0.99885666 0.521433 0.5261282 0.47942173 0.9992978 0.4833195 0.0
0.50153613 0.7955561 0.4626002 0.99924815 0.5167183 0.52172035 0.4838666 0.99955237 0.48632056 0.0
0.5024184 0.7244391 0.49070743 0.9996033 0.51187104 0.5159878 0.48846707 0.99975294 0.48932362 0.0
0.5030251 0.66372806 0.50284 0.99980414 0.5086286 0.51101506 0.49153545 0.9998721 0.49250302 0.0
0.5029747 0.6121756 0.5101865 0.99990624 0.50534415 0.5080746 0.49474323 0.99994284 0.49456733 0.0
0.50368124 0.5767676 0.50741833 0.9999646 0.5033758 0.5049015 0.49666387 0.99997246 0.49594623 0.0
0.5053696 0.56085974 0.51288825 0.99997175 0.50408757 0.50340325 0.49592865 0.9999777 0.49761367 0.0
0.50353914 0.54182726 0.5113433 0.99998444 0.5028161 0.5027618 0.4971922 0.99998987 0.49849746 0.0
0.5094898 0.5308808 0.5155813 0.999998 0.50141317 0.50010276 0.49858707 0.99999666 0.49882296 0.0
0.50707275 0.52043283 0.5300286 0.9999962 0.5014792 0.49873573 0.49851856 0.999997 0.4991 0.0
0.5057102 0.51257706 0.53723884 0.9999988 0.50083876 0.5007121 0.4991619 0.99999905 0.4995327 0.0
0.5036452 0.5070597 0.52506053 0.9999993 0.50031054 0.5007694 0.49969018 0.99999964 0.49952763 0.0
0.50363165 0.5048586 0.5186852 0.9999999 0.50034344 0.49990577 0.4996566 0.9999999 0.5000596 0.0
0.50278986 0.49959278 0.51365405 0.99999976 0.49950498 0.4999878 0.500495 0.99999976 0.50000197 0.0
0.5021132 0.4995973 0.5105814 0.9999999 0.49962363 0.5000974 0.50037634 0.9999999 0.5000087 0.0
0.508382 0.49433187 0.51511866 0.9999977 0.49901804 0.5011599 0.50098336 0.9999987 0.4994123 0.0
0.5284233 0.4893206 0.54295343 0.9999635 0.49839616 0.5058252 0.5016011 0.9999974 0.50024647 0.0
0.5254296 0.49157894 0.5391243 0.99996644 0.4987126 0.5056468 0.5012843 0.9999983 0.5002793 0.0
0.5527308 0.4905821 0.5644013 0.9998962 0.4982668 0.5100377 0.5017312 0.999997 0.5001171 0.0
0.54599655 0.49437633 0.53190124 0.9999937 0.49885985 0.5022384 0.5011407 0.9999987 0.49987084 0.0
0.5312083 0.49673325 0.51917315 0.99999905 0.4993433 0.5007077 0.50065684 0.9999995 0.4998982 0.0
0.53549117 0.49863994 0.51569986 0.999993 0.4984498 0.49786294 0.5015493 0.99999756 0.49978516 0.0
0.5366612 0.49585104 0.501918 0.9999571 0.49750647 0.4939408 0.50248855 0.9999936 0.4995731 0.0
0.55037785 0.49303633 0.5091206 0.99995124 0.49657616 0.493912 0.50341713 0.99998796 0.4994276 0.0
0.53761685 0.49535632 0.5083239 0.9999776 0.49769256 0.4958687 0.5023042 0.9999945 0.49959993 0.0
0.5478365 0.49192053 0.5183586 0.9999799 0.49676287 0.4968993 0.5032421 0.99998885 0.5007937 0.0
0.56772757 0.49358475 0.52671534 0.99998045 0.49682018 0.49693432 0.50318635 0.99998873 0.50106114 0.0
0.5509911 0.49582717 0.52140516 0.99999154 0.49777955 0.49812624 0.5022233 0.9999945 0.5007599 0.0
0.5665399 0.49770135 0.53221035 0.9999981 0.49865717 0.50033003 0.50134224 0.9999974 0.5009165 0.0
0.5797547 0.49529326 0.5265744 0.99999523 0.49847236 0.5015738 0.5015239 0.9999963 0.50118387 0.0
0.5592468 0.49654317 0.5180366 0.999998 0.49888358 0.50088036 0.50111485 0.999998 0.5008865 0.0
0.566184 0.4986483 0.5183088 0.99999213 0.4994986 0.5027626 0.50049555 0.9999986 0.50105697 0.0
0.55841446 0.49403667 0.5310465 0.999969 0.4992955 0.50552016 0.50069225 0.9999983 0.50111437 0.0
0.5555388 0.49207193 0.5305093 0.9999616 0.50098217 0.50611407 0.49900243 0.99999744 0.5012555 0.0
0.53912693 0.49342227 0.52096516 0.9999811 0.5008241 0.50426733 0.49916825 0.9999985 0.5008953 0.0
0.5357216 0.48428303 0.5188078 0.99998677 0.5000055 0.503634 0.49999762 0.9999998 0.49957156 0.0
0.5336398 0.47417825 0.5118884 0.999994 0.49883378 0.50215936 0.50116724 0.99999857 0.49976113 0.0
0.5259519 0.4803915 0.5089324 0.99999595 0.49903312 0.501776 0.5009678 0.999999 0.49973375 0.0
0.5288236 0.47736275 0.5087148 0.99999803 0.4988428 0.4992134 0.50115675 0.99999857 0.49969998 0.0
0.53505087 0.48429263 0.509203 0.99998313 0.4999614 0.4958915 0.5000361 0.9999999 0.49970058 0.0
0.52784306 0.48952293 0.5056159 0.999984 0.50014067 0.49600384 0.49985802 0.99999994 0.4998339 0.0
0.53001285 0.4939149 0.5131796 0.99999356 0.5017545 0.4981725 0.4982473 0.99999666 0.50049806 0.0
0.53487515 0.49327555 0.4983588 0.99999 0.5016838 0.49731594 0.4983207 0.9999965 0.50083876 0.0
0.52442294 0.49479648 0.49992165 0.9999962 0.50120366 0.4984751 0.49879822 0.99999815 0.50062835 0.0
0.5405858 0.48556876 0.4982501 0.9999989 0.5004917 0.5009107 0.49950802 0.99999976 0.5001655 0.0
0.5533778 0.46856612 0.49308565 0.999996 0.49852788 0.5013492 0.50147384 0.9999974 0.4993454 0.0
0.55539095 0.43371356 0.5043924 0.9999551 0.4940344 0.50304633 0.50597143 0.9999634 0.4990511 0.0
0.54035556 0.44865224 0.5051486 0.99997044 0.4951751 0.50249916 0.50482833 0.9999763 0.4993308 0.0
0.5373839 0.43237096 0.5160902 0.9999496 0.4940789 0.5039145 0.505927 0.99996436 0.49926084 0.0
0.5361786 0.41654697 0.5260596 0.99993825 0.4936355 0.5046105 0.50638086 0.99995625 0.49825028 0.0
0.5259397 0.43840748 0.5194209 0.99996555 0.49522504 0.50341773 0.50478446 0.9999752 0.4986207 0.0
0.5284653 0.43428782 0.52053076 0.999956 0.4943053 0.5033971 0.50570375 0.9999657 0.49868283 0.0
0.5303937 0.4433417 0.53160936 0.99994874 0.49455053 0.5046473 0.5054599 0.999969 0.4989006 0.0
0.5227271 0.45883524 0.52402323 0.999972 0.49601337 0.50348675 0.5039936 0.9999831 0.49902043 0.0
0.5192381 0.46375787 0.5235069 0.99997044 0.49588642 0.50355387 0.5041195 0.99998236 0.4991773 0.0
0.5204479 0.4730146 0.53104806 0.99996626 0.49693218 0.50493324 0.5030745 0.9999901 0.49933508 0.0
0.51884156 0.4814386 0.5301931 0.99997437 0.4987096 0.50489306 0.5012955 0.9999981 0.49948627 0.0
0.51422596 0.48630005 0.5230581 0.9999851 0.49913865 0.5037599 0.50086427 0.9999991 0.4996141 0.0
0.517572 0.48376507 0.52134544 0.9999828 0.49838233 0.503823 0.5016227 0.99999696 0.4993543 0.0
0.52162695 0.48391637 0.5198496 0.99998534 0.4979421 0.5032294 0.50205946 0.9999957 0.49976596 0.0
0.51750356 0.48689824 0.51661247 0.9999899 0.49829352 0.5026776 0.5017076 0.999997 0.49979678 0.0
0.52267295 0.49027967 0.5176904 0.9999994 0.49964243 0.50069106 0.50035703 0.99999976 0.5003701 0.0
0.54396075 0.4843071 0.51806146 0.9999893 0.4979896 0.49741232 0.5020068 0.99999547 0.49930525 0.0
0.5366467 0.48939857 0.5146132 0.9999922 0.49850798 0.49763572 0.5014887 0.99999726 0.4992863 0.0
0.54393446 0.49164763 0.52485764 0.99999636 0.49884745 0.4984842 0.5011507 0.99999833 0.49940577 0.0
0.54689795 0.49364403 0.5312123 0.9999988 0.49913916 0.5006762 0.5008615 0.99999905 0.49949884 0.0
0.5614502 0.49467912 0.54324746 0.99998724 0.49924818 0.5034891 0.50075597 0.99999905 0.4994123 0.0
0.5470767 0.4961544 0.5320662 0.99999267 0.49945328 0.5026506 0.50054914 0.9999995 0.49955103 0.0
0.5656224 0.4975748 0.5397114 0.99997544 0.49960917 0.50493795 0.5003966 0.9999995 0.49941674 0.0
0.59037894 0.5048164 0.5335313 0.99999917 0.50008196 0.5009082 0.4999199 0.9999989 0.49896973 0.0
0.56851906 0.50447166 0.52205044 0.99999964 0.50016946 0.49942455 0.49982974 0.99999946 0.4992889 0.0
0.5777401 0.49494666 0.5350458 0.99999857 0.49895886 0.49941367 0.50104 0.99999785 0.4989851 0.0
0.5792893 0.49468297 0.56362104 0.99999356 0.49903336 0.5023441 0.50097066 0.99999833 0.49914467 0.0
0.5589503 0.49587965 0.551382 0.9999946 0.49926594 0.50221264 0.50073683 0.99999905 0.49936858 0.0
0.5574569 0.49565244 0.5602236 0.9999869 0.49928814 0.5035492 0.5007158 0.99999917 0.49944475 0.0
0.55822873 0.49596268 0.56321436 0.9999852 0.49935976 0.5037908 0.50064415 0.9999993 0.49948633 0.0
0.53659976 0.497253 0.54231894 0.9999919 0.49956718 0.5028119 0.5004347 0.9999997 0.49966803 0.0
0.5447235 0.49672708 0.5534195 0.9999956 0.49952257 0.5020499 0.5004788 0.99999964 0.49966756 0.0
0.5534789 0.49629527 0.5596362 0.9999997 0.4994801 0.50012195 0.50052 0.99999964 0.49966002 0.0
0.5584102 0.49124616 0.55734384 0.99999785 0.4988323 0.49911925 0.5011665 0.9999982 0.49931383 0.0
0.5410598 0.49314395 0.54044485 0.99999887 0.4991048 0.49941894 0.5008946 0.9999989 0.49947497 0.0
0.54736555 0.4932876 0.56383216 0.99999195 0.4985593 0.50244606 0.5014431 0.9999977 0.49951792 0.0
0.56075776 0.49448714 0.5765165 0.9999796 0.49613082 0.5023239 0.5038746 0.99998367 0.49883586 0.0
0.54576457 0.49591303 0.5555035 0.99998885 0.49698657 0.5014323 0.5030161 0.99999 0.49905863 0.0
0.5553255 0.49186757 0.5754585 0.99996245 0.49433374 0.5023269 0.50567013 0.99996716 0.49917513 0.0
0.56355155 0.49306002 0.57446396 0.99992746 0.49148408 0.5001521 0.5085161 0.9999273 0.4995297 0.0
0.54792833 0.49537274 0.5554519 0.9999585 0.4935636 0.5002264 0.5064366 0.99995846 0.49965492 0.0
0.55462694 0.48723844 0.5702707 0.99985504 0.48812923 0.50199884 0.51187265 0.99985886 0.49955747 0.0
0.57147264 0.45377022 0.5735294 0.9996489 0.48156992 0.50336504 0.5184416 0.99965703 0.49832967 0.0
0.59236586 0.4135643 0.57445 0.9994693 0.47754955 0.5051368 0.5224823 0.99948514 0.4969731 0.0
0.5721552 0.43250862 0.5541574 0.9996952 0.4829989 0.50396484 0.51702064 0.99970436 0.49757752 0.0
0.5849041 0.41037267 0.5769421 0.99946463 0.4780233 0.50721776 0.52202195 0.99950576 0.49699575 0.0
0.5842169 0.4057024 0.59246993 0.9992642 0.47465828 0.509647 0.5254057 0.99934447 0.4968975 0.0
0.56319445 0.42951897 0.5700357 0.99958175 0.48092115 0.5073539 0.519115 0.999629 0.49767107 0.0
0.55977696 0.4474323 0.5873204 0.999606 0.48282975 0.50995094 0.51720226 0.9997019 0.49855784 0.0
0.55290294 0.46016127 0.60227185 0.9994087 0.47892272 0.5121112 0.52109814 0.9995543 0.49939197 0.0
0.539397 0.47188476 0.57450205 0.99966633 0.48402107 0.50884324 0.5159891 0.99974406 0.49956605 0.0
0.53655684 0.4788842 0.58494794 0.99960786 0.4833114 0.510653 0.5166893 0.9997214 0.5001442 0.0
0.5435067 0.47171712 0.59062517 0.99947596 0.4804544 0.51190674 0.5195437 0.9996178 0.5003121 0.0
0.5405625 0.4801192 0.5841771 0.9996009 0.4835218 0.51128894 0.5164707 0.9997284 0.50051796 0.0
0.5301703 0.48583946 0.5621634 0.99979365 0.48835072 0.5084009 0.5116445 0.9998642 0.5003831 0.0
0.5458871 0.4924877 0.5572599 0.99983233 0.48996845 0.50818634 0.51002735 0.9998993 0.50033975 0.0
0.56856436 0.50056094 0.5537262 0.99980277 0.48868796 0.508321 0.5113195 0.99987173 0.49964285 0.0
0.5472317 0.50178754 0.5393448 0.9999038 0.49227652 0.5060462 0.5077262 0.9999403 0.4998233 0.0
0.56358004 0.5056716 0.54743737 0.99976754 0.48665807 0.5073783 0.51334155 0.99982196 0.50012654 0.0
0.5790573 0.51027 0.56327105 0.99969566 0.48551133 0.5097121 0.5144908 0.99978995 0.5000329 0.0
0.56241316 0.50826776 0.5506992 0.9998183 0.48897776 0.5077568 0.51102304 0.99987847 0.50003165 0.0
0.5616936 0.5127088 0.54825306 0.9997527 0.48601958 0.50719666 0.51396835 0.99980396 0.50093573 0.0
0.5729896 0.51967573 0.57161033 0.9997345 0.48743358 0.51036936 0.51254904 0.9998416 0.5009661 0.0
0.55624163 0.5151525 0.55735064 0.99985325 0.49113747 0.50825936 0.50885093 0.9999211 0.5007749 0.0
0.56553453 0.51509696 0.5580963 0.9998512 0.4910369 0.5082735 0.50894064 0.999918 0.50142753 0.0
0.57632756 0.51590365 0.55927527 0.9998508 0.49122334 0.5084937 0.5087552 0.99992156 0.5013347 0.0
0.5903449 0.5182547 0.56669074 0.99981475 0.4901031 0.5093429 0.5098603 0.99989855 0.5020494 0.0
0.57114804 0.5146154 0.55222327 0.9998834 0.49205646 0.50731266 0.50792146 0.9999348 0.50156456 0.0
0.58672976 0.51782936 0.57134145 0.9998541 0.4924038 0.50939214 0.50757635 0.99994135 0.50112563 0.0
0.594915 0.5182174 0.5867372 0.9998212 0.49267796 0.5111871 0.5072762 0.99994254 0.5021287 0.0
0.5745148 0.51464194 0.5662351 0.9998971 0.49456185 0.50856245 0.5054112 0.9999681 0.50161886 0.0
0.58498156 0.51620066 0.58304125 0.99987423 0.49419913 0.5095967 0.5057688 0.99996376 0.5017267 0.0
0.60822237 0.5194443 0.60662264 0.9998877 0.4943077 0.50893676 0.5056568 0.9999639 0.5020353 0.0
0.5789888 0.51374674 0.5849791 0.9999305 0.4959832 0.50730443 0.50399023 0.9999807 0.501845 0.0
0.60043424 0.520465 0.57644606 0.9999701 0.4966575 0.5043271 0.5033408 0.9999888 0.5002135 0.0
0.60042274 0.5190876 0.5963264 0.9999354 0.49726993 0.50756097 0.502709 0.9999907 0.50141406 0.0
0.59205604 0.5169627 0.6013554 0.9999113 0.4978067 0.5091591 0.5021624 0.99999243 0.5017053 0.0
0.5657188 0.51171285 0.58058476 0.9999379 0.4981782 0.50767004 0.5018002 0.99999475 0.5014245 0.0
0.56238645 0.50053763 0.5860261 0.99993 0.497464 0.5079721 0.50251687 0.9999922 0.5012176 0.0
0.54928523 0.5040858 0.6035788 0.99989706 0.49849567 0.51003313 0.5014632 0.99999356 0.50206584 0.0
0.5388751 0.5033784 0.5837511 0.99993396 0.49885333 0.50804526 0.5011199 0.99999595 0.5016734 0.0
0.5363763 0.50092185 0.5825007 0.99994016 0.49963573 0.50772905 0.5003192 0.9999914 0.502918 0.0
0.54756325 0.49563965 0.61073416 0.99986583 0.4990715 0.51154464 0.5008433 0.9999856 0.50370044 0.0
0.54059726 0.49505502 0.5955308 0.9998963 0.49903563 0.5101398 0.5009023 0.99998975 0.5030705 0.0
0.5606006 0.49888927 0.59045714 0.9998984 0.49923372 0.5100512 0.50072294 0.9999948 0.5021621 0.0
0.5708022 0.5007866 0.5743642 0.9999318 0.5001431 0.5082559 0.49983552 0.99999833 0.5012926 0.0
0.54859936 0.50024015 0.5465503 0.99997365 0.5000043 0.50513357 0.49998793 0.9999994 0.5007603 0.0
0.55578226 0.47585985 0.53609985 0.99997044 0.4974684 0.5048078 0.5025376 0.9999932 0.49938598 0.0
0.5579656 0.4585146 0.5328698 0.999966 0.49631777 0.50451505 0.503696 0.999984 0.49848285 0.0
0.5532989 0.44850543 0.53451854 0.99994457 0.49486554 0.5053922 0.5051531 0.99997056 0.4982938 0.0
0.5389801 0.46141058 0.52267694 0.9999709 0.49607554 0.50370073 0.5039346 0.9999827 0.49864239 0.0
0.53104365 0.46168974 0.52338445 0.9999718 0.49616045 0.5036668 0.50385135 0.9999826 0.49839804 0.0
0.5279984 0.45514408 0.51401556 0.99996567 0.4948109 0.5027211 0.5052037 0.9999657 0.49731612 0.0
0.5187535 0.4680978 0.50907457 0.99998367 0.4963803 0.50179464 0.5036263 0.99998343 0.49816215 0.0
0.52172595 0.45083064 0.50073755 0.99997294 0.49499926 0.5014362 0.5050082 0.99996805 0.49738616 0.0
0.533597 0.43386018 0.524329 0.9999405 0.49349296 0.5041441 0.5065299 0.9999498 0.4972579 0.0
0.527056 0.44824815 0.52252036 0.9999597 0.49479875 0.50363725 0.5052166 0.9999684 0.497902 0.0
0.5304761 0.45745987 0.5484949 0.99993837 0.49549046 0.50642705 0.50452757 0.9999776 0.49862775 0.0
0.54033494 0.45697644 0.53260523 0.99996567 0.49592474 0.50421405 0.50408304 0.9999825 0.4990957 0.0
0.55921715 0.4988369 0.49962786 0.9999964 0.5005485 0.50180674 0.4994568 0.9999976 0.49854437 0.0
0.5447679 0.5038699 0.49502164 0.9999988 0.500929 0.5005932 0.4990723 0.999998 0.49891764 0.0
0.5513833 0.5146469 0.48152345 0.9999927 0.5026445 0.49945477 0.4973543 0.9999918 0.49888724 0.0
0.54524934 0.5130624 0.49653694 0.99998355 0.5035821 0.50190896 0.49641845 0.9999871 0.4998472 0.0
0.5341732 0.509199 0.5012153 0.9999887 0.5027761 0.5019049 0.49722397 0.99999225 0.49997815 0.0
0.5272831 0.5215916 0.4952925 0.9999813 0.50429356 0.50054795 0.4957063 0.9999815 0.5001376 0.0
0.51939255 0.5147043 0.5059181 0.9999902 0.5028016 0.50140065 0.49719748 0.999992 0.5003181 0.0
0.5122183 0.5095337 0.5067572 0.9999949 0.5018778 0.501279 0.49812144 0.9999964 0.50029135 0.0
0.5084063 0.50687325 0.5031913 0.9999976 0.5013531 0.50072795 0.49864665 0.9999981 0.5001858 0.0
0.50946116 0.5050153 0.5021857 0.9999982 0.50130403 0.50035584 0.49869552 0.99999785 0.50064033 0.0
0.5065723 0.5032354 0.50139546 0.99999917 0.50089544 0.5001993 0.49910438 0.999999 0.5004494 0.0
0.5037523 0.5027368 0.5008992 0.9999982 0.5011751 0.50061977 0.49882448 0.99999845 0.50036734 0.0
0.50586087 0.5024744 0.4943439 0.99999803 0.50132924 0.49955055 0.4986714 0.9999977 0.5007552 0.0
0.50742155 0.50297445 0.4895924 0.9999977 0.50114655 0.498993 0.49885446 0.99999845 0.5005102 0.005859375
0.50605613 0.50235105 0.49068215 0.9999984 0.5008309 0.49904677 0.49916968 0.9999992 0.5002902 0.005859375
0.499873 0.50795346 0.47960517 0.99999297 0.5013634 0.49773017 0.49863636 0.99999815 0.49995792 0.074916296
0.4985656 0.4989278 0.47046736 0.999988 0.50076574 0.49662566 0.49923432 0.9999994 0.5000083 0.17536272
0.49893087 0.49595472 0.47506586 0.9999919 0.5002649 0.49716848 0.4997344 0.9999999 0.49987736 0.17536272
0.5015443 0.49571222 0.47507703 0.99998236 0.501393 0.4960357 0.49860248 0.99999774 0.4994375 0.27580914
0.5059431 0.4981338 0.47201148 0.99995685 0.50104225 0.49351522 0.49894217 0.99999744 0.4988022 0.35532925
0.5059546 0.49894255 0.47783917 0.999969 0.50072265 0.49447775 0.49926457 0.9999981 0.49884772 0.35532925
0.50741416 0.49972966 0.48227954 0.99996674 0.50195134 0.4945701 0.49803668 0.999995 0.4989079 0.40764508
0.50346166 0.49364853 0.49527618 0.99999344 0.50054467 0.49748978 0.4994517 0.99999917 0.4992798 0.43484932
0.502329 0.48864475 0.49019185 0.99999475 0.49964458 0.49774355 0.50035137 0.99999905 0.49909434 0.44949776
0.5017981 0.49005237 0.491261 0.99999636 0.49957487 0.4981443 0.5004223 0.9999992 0.49922937 0.44949776
0.49857026 0.4853754 0.5002979 0.9999989 0.4989969 0.5001538 0.50100327 0.9999987 0.49948725 0.46623883
0.49754906 0.49004987 0.4936524 0.9999993 0.49936354 0.4994138 0.5006359 0.9999994 0.49952444 0.4892578
0.49778283 0.49391937 0.4932668 0.99999946 0.4997207 0.49933282 0.50027883 0.99999976 0.49965477 0.4892578
0.49711025 0.48919976 0.4927395 0.99999785 0.49920124 0.49878684 0.5007973 0.999999 0.4993837 0.516462
0.4935482 0.4916664 0.49405164 0.99999887 0.49945563 0.4990881 0.50054365 0.9999995 0.4996067 0.54785156
0.49466407 0.49413502 0.49494466 0.9999993 0.49963224 0.49923763 0.50036734 0.99999976 0.49971285 0.54785156
0.48933744 0.49607977 0.4818803 0.9999951 0.50056857 0.49786818 0.49942964 0.9999995 0.4995866 0.5750558
0.48883992 0.49224448 0.4587974 0.9999783 0.49996054 0.49534455 0.5000291 0.99999875 0.49888763 0.5897042
0.48503405 0.49431545 0.44386184 0.99996734 0.5000834 0.4942832 0.4999026 0.99999845 0.49877644 0.5917969
0.48785678 0.49647447 0.4546695 0.99997956 0.5001082 0.49548024 0.49988344 0.99999917 0.4990717 0.5917969
0.4797641 0.49807176 0.42513272 0.9999474 0.5006666 0.4927817 0.49932173 0.9999989 0.49919856 0.5917969
0.4591438 0.5039906 0.3871061 0.9999096 0.50163674 0.4906327 0.49834266 0.99999607 0.49891612 0.5917969
0.46643376 0.50378686 0.4067815 0.9999383 0.5013743 0.49226683 0.49861157 0.99999726 0.49909768 0.5917969
0.44708616 0.5021869 0.358292 0.99982893 0.502227 0.4871119 0.49772653 0.99999166 0.49822593 0.59388953
0.43287513 0.49859568 0.3269358 0.99967813 0.5030828 0.48232865 0.49684814 0.99998647 0.49810198 0.59388953
0.44803217 0.4981209 0.36583167 0.9997948 0.50244987 0.48588735 0.49750692 0.99999154 0.4985029 0.59388953
0.43675807 0.5032762 0.34047428 0.9997089 0.50273764 0.48316172 0.4971907 0.9999878 0.49791947 0.59388953
0.42506278 0.50860834 0.30053493 0.99955916 0.50309724 0.47923756 0.4967893 0.9999826 0.49733317 0.59388953
0.44409335 0.50730604 0.3476001 0.9997489 0.50216633 0.4843046 0.4977682 0.9999908 0.49794856 0.59388953
0.425753 0.50449866 0.30454385 0.99972165 0.50188226 0.48342544 0.49804252 0.9999912 0.4977626 0.59388953
0.40375233 0.5082116 0.27249262 0.9997958 0.5027744 0.4859844 0.49717948 0.9999895 0.49839386 0.59388953
0.3795196 0.5164596 0.25393134 0.9998858 0.5042337 0.49018764 0.49575594 0.99998176 0.49951535 0.59388953
0.4113762 0.5156583 0.32799378 0.99996006 0.50352234 0.49475408 0.49647805 0.9999876 0.5000543 0.59388953
0.39123014 0.5169558 0.28305733 0.9999335 0.50340253 0.49259087 0.49659514 0.9999884 0.49986625 0.59388953
0.3819531 0.5167016 0.2642641 0.9998614 0.5037424 0.48883966 0.4962423 0.99998546 0.49935663 0.59388953
0.41335672 0.5129697 0.32266966 0.99989796 0.50292695 0.49033222 0.49705896 0.9999908 0.49929765 0.59388953
0.4011926 0.50583124 0.2931923 0.9997685 0.5026324 0.48501736 0.49731737 0.9999901 0.4983628 0.59388953
0.38436246 0.51283985 0.26311964 0.9995923 0.5038541 0.48018402 0.4960607 0.9999802 0.4979272 0.59388953
0.41707358 0.50973916 0.32971457 0.99977636 0.5029034 0.4853319 0.49705014 0.9999889 0.4984584 0.59388953
0.40892628 0.49940032 0.31810394 0.9997675 0.5018543 0.484866 0.49809095 0.9999932 0.4982197 0.59388953
0.3977369 0.49612403 0.30885166 0.99977523 0.50097024 0.48504108 0.49897823 0.99999607 0.4982923 0.6001674
0.4318932 0.4980168 0.37162736 0.99989736 0.5006074 0.48988572 0.49936926 0.9999983 0.49884993 0.6001674
0.42410365 0.49612886 0.36125338 0.99991 0.5007268 0.49054366 0.49925408 0.99999845 0.49899498 0.60226005
0.40317944 0.49845448 0.34465587 0.9999422 0.5012462 0.49249816 0.49875772 0.9999984 0.5002731 0.60226005
0.39278403 0.49717873 0.32094052 0.9999236 0.50105524 0.49132216 0.49893042 0.9999982 0.49918222 0.6106306
0.42149818 0.49698532 0.36962664 0.9999673 0.5006274 0.49431407 0.4993646 0.9999991 0.49930313 0.6106306
0.4031028 0.49965724 0.3252431 0.99984676 0.5000576 0.48762134 0.49990258 0.9999974 0.49839085 0.62737167
0.3987859 0.4970654 0.30931866 0.99974656 0.5004311 0.48408815 0.49949887 0.99999493 0.49780846 0.6420201
0.4269819 0.49744552 0.36034495 0.99985874 0.5003384 0.4881186 0.49962223 0.99999714 0.49834713 0.6420201
0.40895543 0.50175023 0.31498656 0.99961835 0.5032782 0.48074523 0.49664345 0.99998486 0.49802867 0.6503906
0.39391577 0.5049849 0.29285043 0.9994434 0.5042971 0.47680914 0.4955772 0.99997365 0.49739012 0.6524833
0.4350813 0.50346875 0.37592483 0.99979985 0.50275934 0.4861263 0.49719447 0.9999895 0.49837217 0.6524833
0.41940427 0.50462526 0.3631211 0.99983793 0.50278354 0.48757857 0.49718335 0.99999034 0.49870148 0.6524833
0.40019035 0.5160498 0.350298 0.9999206 0.50369674 0.49189222 0.49629906 0.9999863 0.49977008 0.6524833
0.39565063 0.5211919 0.3457736 0.9999403 0.5041233 0.49346685 0.49586752 0.9999825 0.49932024 0.6524833
0.42297623 0.5169442 0.38788345 0.9999751 0.5030588 0.4960562 0.49693587 0.99999017 0.49933967 0.6524833
0.40913013 0.5190047 0.3718893 0.99994886 0.50385875 0.4939813 0.4961337 0.9999847 0.49939322 0.6524833
0.40935925 0.5097246 0.35410142 0.999856 0.50278217 0.4883261 0.49718016 0.9999895 0.49841824 0.6524833
0.43185115 0.50536984 0.38594064 0.9998969 0.5018602 0.49001646 0.49811146 0.9999945 0.49859983 0.6524833
0.42075604 0.5047328 0.35780072 0.9997568 0.50306875 0.48471346 0.49688464 0.9999881 0.49852335 0.6524833
0.413782 0.5059567 0.35821742 0.99976265 0.5031302 0.4849183 0.49682167 0.9999875 0.498451 0.6524833
0.4441767 0.5042387 0.40767017 0.99990034 0.5019502 0.4902114 0.49802944 0.9999951 0.49898136 0.6524833
0.43921623 0.5070302 0.4104079 0.99997807 0.50124305 0.49548474 0.49874914 0.99999774 0.49913874 0.6524833
0.4427783 0.50471824 0.40802225 0.99999905 0.49966496 0.49910536 0.50033474 0.9999999 0.49983197 0.6524833
0.44670776 0.49007908 0.4061598 0.9999916 0.4984087 0.49757725 0.50158864 0.99999714 0.49944648 0.6524833
0.46105123 0.48925403 0.42901254 0.9999932 0.4984303 0.49791676 0.5015675 0.99999726 0.49946338 0.6524833
0.45547625 0.50129217 0.4245418 0.99997926 0.50039786 0.49546236 0.49959716 0.9999995 0.49945387 0.6524833
0.45957628 0.4945555 0.43067682 0.999978 0.49976775 0.49531657 0.50022453 0.9999993 0.4991781 0.6524833
0.46986207 0.49461168 0.44793013 0.99998766 0.49970263 0.4964983 0.5002927 0.99999946 0.49933538 0.6524833
0.46852127 0.4952151 0.4430612 0.99997306 0.499858 0.49481177 0.50013274 0.99999917 0.4991048 0.6524833
0.45669365 0.50083363 0.43058917 0.9999554 0.5007797 0.493371 0.49921075 0.99999887 0.49928442 0.6524833
0.46570963 0.5011344 0.44861785 0.9999764 0.50069654 0.49518976 0.49929917 0.9999993 0.49955842 0.6524833
0.4589114 0.49308434 0.45650786 1.0 0.49998897 0.49983323 0.5000111 1.0 0.50019073 0.6524833
0.46052113 0.49428692 0.4540211 0.99999803 0.50011563 0.50139284 0.49988306 0.99999976 0.50046736 0.6524833
0.46984804 0.49653348 0.45209736 0.99999785 0.5001814 0.49854007 0.4998183 0.99999994 0.4998881 0.6524833
0.4792811 0.49766198 0.4660541 0.99999857 0.50012904 0.4988127 0.4998707 1.0 0.49988684 0.6524833
0.48518527 0.49844566 0.47434664 0.9999982 0.5001043 0.49866018 0.49989524 1.0 0.49983218 0.6524833
0.4765465 0.49760592 0.46358886 0.9999914 0.50018066 0.49707004 0.49981716 0.9999998 0.49962866 0.6524833
0.48035815 0.4979337 0.47092882 0.9999939 0.50014603 0.49753198 0.49985245 0.9999999 0.49969316 0.6524833
0.4675758 0.49694046 0.4485923 0.99996984 0.50027645 0.49451333 0.49971527 0.99999934 0.49924755 0.6524833
0.4586458 0.48931167 0.4460553 0.9999892 0.49961987 0.49673975 0.50037646 0.9999995 0.49943504 0.6524833
0.46694985 0.49058285 0.45943788 0.99999636 0.4996033 0.49813727 0.5003954 0.99999976 0.49965248 0.6524833
0.4614927 0.4987881 0.4500605 0.99999374 0.5007855 0.49762347 0.49921298 0.9999993 0.4996852 0.6524833
0.46971264 0.49852672 0.46787566 0.9999976 0.50055796 0.49854538 0.49944162 0.99999964 0.4998528 0.6524833
0.48044842 0.49869952 0.48049393 0.99999934 0.50030446 0.49924356 0.49969545 0.9999999 0.4999609 0.6524833
0.48776627 0.49804893 0.48848814 0.99999994 0.5000366 0.49973664 0.4999634 1.0 0.5000162 0.6524833
0.49912977 0.5042539 0.5069627 0.9999972 0.50049764 0.5015941 0.49950066 0.99999946 0.50052536 0.6524833
0.50862366 0.5050561 0.52089036 0.9999895 0.5000993 0.50324017 0.49990118 1.0 0.49992695 0.6524833
0.5080609 0.5044958 0.51797384 0.99999297 0.50007087 0.50265884 0.49992988 1.0 0.49986225 0.6524833
0.50500697 0.501205 0.5250066 0.9999937 0.5001518 0.5025131 0.499844 0.9999993 0.50083226 0.6524833
0.5120258 0.49503523 0.5323954 0.9999914 0.4985135 0.5025158 0.5014848 0.9999977 0.50033975 0.6524833
0.5106009 0.49439147 0.52526754 0.9999946 0.49854988 0.50182104 0.50144964 0.99999785 0.5001242 0.6524833
0.51293534 0.49661595 0.5374855 0.99998194 0.4986648 0.5040357 0.5013364 0.9999982 0.49986038 0.6524833
0.5210533 0.491984 0.5429678 0.99997544 0.4983567 0.5046786 0.5016367 0.9999968 0.50071555 0.6524833
0.5134825 0.49499515 0.5278555 0.9999897 0.4988574 0.50300086 0.50113976 0.99999845 0.50046957 0.6524833
0.5282308 0.49695954 0.56370294 0.9999356 0.49954614 0.5080114 0.5004335 0.9999982 0.5012741 0.6524833
0.53260726 0.49913105 0.56551087 0.99993575 0.49952027 0.5079988 0.50046015 0.9999983 0.5012276 0.6524833
0.5326538 0.49961433 0.5649075 0.99995184 0.49936652 0.5069081 0.5006193 0.99999857 0.50103235 0.6524833
0.52495724 0.49956903 0.5483146 0.99997616 0.49943444 0.504847 0.50055873 0.99999917 0.5007092 0.6524833
0.5204021 0.4989839 0.5537522 0.9999708 0.5008714 0.5053301 0.4991196 0.9999985 0.5008377 0.6524833
0.5169186 0.49859375 0.5534854 0.9999795 0.5004838 0.5044994 0.49950963 0.9999992 0.5007288 0.6503906
0.5106604 0.49886262 0.53647274 0.99999225 0.50015473 0.5027756 0.49984276 0.99999976 0.50045586 0.6503906
0.5139706 0.4992567 0.5433386 0.9999858 0.49988046 0.5037688 0.500115 0.99999964 0.50061005 0.6503906
0.5251087 0.5013881 0.56559056 0.9999495 0.49946493 0.50708574 0.50052994 0.9999996 0.50036573 0.6503906
0.5207251 0.50172335 0.5527756 0.9999645 0.4993161 0.505921 0.50068337 0.9999995 0.50004745 0.6503906
0.53224486 0.50289315 0.56611836 0.9999403 0.49931702 0.50769883 0.5006759 0.9999993 0.500466 0.64829797
0.5306127 0.5026978 0.561424 0.9999436 0.49941376 0.50748485 0.50057733 0.9999993 0.5005993 0.6441127
0.52051806 0.5018406 0.54077715 0.9999747 0.4996086 0.5050153 0.5003875 0.9999997 0.50039166 0.6441127
0.5190215 0.5022067 0.5250943 0.9999933 0.49978164 0.5025754 0.5002175 0.9999999 0.5001706 0.63783485
0.5152716 0.5017115 0.52107507 0.9999949 0.49982467 0.5022521 0.5001745 0.99999994 0.5001753 0.6336495
0.5102773 0.5011621 0.5137729 0.999998 0.49988496 0.5014117 0.50011474 1.0 0.50010526 0.62737167
0.5067762 0.5007725 0.5088509 0.9999993 0.49992555 0.5008654 0.5000743 1.0 0.5000596 0.62737167
0.51228833 0.50108606 0.52062184 0.9999933 0.49986497 0.5025764 0.5001333 0.9999999 0.50034106 0.62109375
0.5224611 0.5080604 0.5406764 0.99997044 0.4973856 0.5047633 0.50260514 0.99999225 0.50098485 0.61481583
0.5185346 0.5084243 0.5345751 0.9999771 0.49746856 0.5040543 0.502524 0.9999928 0.50092435 0.61481583
0.5349986 0.51058865 0.57824403 0.99989676 0.4983878 0.5100322 0.5015617 0.9999912 0.50253266 0.61481583
0.563822 0.5047908 0.61993575 0.9998324 0.49765134 0.5127298 0.5022836 0.9999881 0.50258374 0.61481583
0.55210114 0.50363266 0.5962102 0.99988747 0.4983222 0.5104745 0.5016362 0.9999933 0.50200343 0.61481583
0.5669459 0.5042715 0.6246255 0.999893 0.498592 0.51024616 0.5013723 0.999995 0.501756 0.61481583
0.57411724 0.50915664 0.6672698 0.99985975 0.49927095 0.5118192 0.5006818 0.99999547 0.50200593 0.61481583
0.57464147 0.5009521 0.67301095 0.99990875 0.49835178 0.50940925 0.50162166 0.99999535 0.50142455 0.6169085
0.55561155 0.49923804 0.6300644 0.9999608 0.4986737 0.50612175 0.5013156 0.9999975 0.50088155 0.6169085
0.56654423 0.50107306 0.6388253 0.99996316 0.49871293 0.50593215 0.50127876 0.99999785 0.5007102 0.6169085
0.56854767 0.5016632 0.6476108 0.9999338 0.498763 0.5080429 0.50122005 0.9999974 0.5010658 0.6169085
0.5514039 0.50123626 0.6121518 0.99995905 0.4990755 0.5063311 0.50091374 0.99999845 0.50085354 0.6169085
0.5539649 0.5032487 0.61706686 0.9999055 0.49892935 0.5096597 0.5010564 0.99999833 0.50074816 0.6169085
0.5567992 0.50404006 0.61511403 0.99989825 0.4982709 0.5099366 0.50171065 0.9999962 0.50094485 0.6169085
0.5412611 0.5030496 0.5860931 0.9999287 0.49862835 0.5083309 0.5013583 0.9999975 0.50081456 0.6169085
0.54676753 0.5099402 0.5871929 0.9999647 0.50023675 0.5059333 0.4997553 0.9999995 0.500671 0.6169085
0.5453835 0.50680935 0.6034355 0.99994767 0.49998543 0.5072333 0.5000003 0.99999905 0.5009853 0.6169085
0.53928655 0.5015689 0.6381437 0.99989295 0.49880913 0.51027524 0.5011538 0.99999535 0.50181544 0.6169085
0.527552 0.49991342 0.6065337 0.9999294 0.4988804 0.5083244 0.50109464 0.99999654 0.501509 0.6169085
0.5319783 0.49957332 0.61404973 0.99995327 0.49890274 0.5067502 0.50108135 0.9999974 0.50118816 0.6190011
0.5362612 0.49758077 0.6441045 0.9999448 0.49862427 0.5073016 0.5013571 0.99999654 0.5012868 0.6190011
0.5243284 0.497545 0.6064454 0.99997306 0.49898562 0.50509304 0.50100505 0.99999815 0.5009202 0.6190011
0.5278818 0.49683586 0.6319664 0.9999584 0.4977108 0.5060269 0.50228375 0.9999946 0.50046813 0.6190011
0.5443298 0.49830627 0.656691 0.999927 0.4964974 0.5077946 0.5034898 0.9999871 0.50084823 0.6190011
0.5374715 0.49888462 0.6230342 0.99995315 0.49709225 0.50619674 0.50289696 0.9999908 0.5008886 0.6190011
0.556955 0.5015733 0.64373744 0.99993074 0.49775052 0.50801265 0.5022299 0.9999935 0.5012377 0.6190011
0.5712549 0.50950086 0.67530864 0.9998451 0.49789324 0.51226544 0.5020546 0.9999912 0.50215226 0.6190011
0.5409975 0.5053666 0.6065921 0.99993265 0.498684 0.5081005 0.50129265 0.9999962 0.50145 0.6190011
0.5500176 0.5307467 0.6333218 0.99989474 0.5010382 0.5102082 0.49891007 0.99999243 0.502524 0.6190011
0.5572949 0.5452582 0.675101 0.9998001 0.5015401 0.51405454 0.49835375 0.9999832 0.5037548 0.6190011
0.55909014 0.5669742 0.6996584 0.9997957 0.50429964 0.5136312 0.49558324 0.9999625 0.5042412 0.6190011
0.5479712 0.5580445 0.66632414 0.9998611 0.50408274 0.51105434 0.49583766 0.99997 0.503559 0.6190011
0.5501808 0.55544174 0.6806957 0.9998679 0.50312483 0.5110574 0.49681684 0.9999831 0.5026044 0.6190011
0.55646724 0.5391328 0.67691827 0.9998795 0.50178945 0.51082987 0.49816707 0.9999927 0.50198853 0.6190011
0.5430435 0.5272383 0.6290794 0.9999397 0.501171 0.5076784 0.4988098 0.999997 0.5012388 0.6190011
0.54889077 0.5242872 0.64341915 0.9998823 0.50070614 0.51082605 0.49926984 0.9999982 0.50110054 0.6190011
0.54175365 0.54766756 0.6466112 0.99983835 0.50315475 0.5123145 0.49678692 0.99998426 0.5023295 0.6190011
0.52952105 0.54042363 0.6144632 0.99988556 0.5028285 0.5103149 0.497127 0.99998724 0.5021287 0.6190011
0.5260427 0.5508296 0.6157638 0.9998603 0.50391465 0.5111502 0.49602154 0.9999762 0.5028194 0.6190011
0.52439284 0.5528936 0.6201811 0.99983513 0.5024462 0.51260525 0.49746975 0.9999827 0.5033042 0.6190011
0.5170625 0.5376956 0.5838731 0.9999184 0.5018883 0.50883406 0.4980695 0.99999064 0.5023758 0.6190011
0.52149093 0.53773797 0.57840997 0.99995667 0.502422 0.50612175 0.4975474 0.9999878 0.5024879 0.6190011
0.5306109 0.52707106 0.58900434 0.99997056 0.5011075 0.505314 0.49888235 0.99999785 0.50094974 0.6190011
0.53508073 0.51969016 0.600129 0.999948 0.5009203 0.5071503 0.4990562 0.9999964 0.50163704 0.6190011
0.52848107 0.513331 0.5782193 0.9999663 0.5006408 0.505768 0.4993436 0.99999774 0.5013467 0.6190011
0.5322858 0.5093419 0.5985274 0.99991 0.4997626 0.50948393 0.5002168 0.9999988 0.50108886 0.6190011
0.5451151 0.50816077 0.6114364 0.99990296 0.49958345 0.5098433 0.50039953 0.99999905 0.5008685 0.6190011
0.53635114 0.50608635 0.58569276 0.9999433 0.49960315 0.5075173 0.5003875 0.99999946 0.500625 0.6190011
0.53821844 0.5097167 0.5993895 0.9999435 0.500106 0.5075181 0.4998831 0.99999946 0.50072616 0.6190011
0.53474855 0.5052861 0.62122893 0.9998915 0.50018203 0.5104129 0.49977794 0.9999963 0.50192046 0.6190011
0.5227221 0.50327414 0.5803992 0.9999517 0.5001341 0.50694996 0.4998474 0.9999982 0.50132847 0.6190011
0.5258301 0.50199103 0.591304 0.9999181 0.49982342 0.5090475 0.50015074 0.999998 0.5014301 0.6190011
0.53203297 0.50233185 0.61279505 0.9998529 0.49967897 0.5121241 0.5002781 0.9999968 0.5017737 0.6190011
0.54881555 0.50455844 0.629417 0.9998989 0.49948817 0.5100424 0.5004935 0.9999989 0.5009157 0.6190011
0.5414965 0.504108 0.60213804 0.9999493 0.49957702 0.50710934 0.50041604 0.9999996 0.5004917 0.6190011
0.537689 0.5091813 0.58418995 0.999983 0.5002147 0.50411505 0.49978364 0.9999999 0.5001973 0.6190011
0.53120875 0.5053134 0.57791454 0.9999752 0.5008622 0.504901 0.49912038 0.99999607 0.5017753 0.6169085
0.5198225 0.5040112 0.5522735 0.999987 0.500908 0.50349474 0.49908036 0.9999964 0.50166184 0.6169085
0.5100372 0.50364864 0.52992237 0.9999941 0.50121206 0.50210667 0.49878022 0.9999951 0.50183356 0.61272323
0.5062148 0.50835335 0.51606643 0.9999905 0.50270754 0.5014666 0.49728638 0.9999883 0.50208753 0.5897042
0.504408 0.5056047 0.5109326 0.99999535 0.50188756 0.5010354 0.4981094 0.9999943 0.50147384 0.5897042
0.50559413 0.51125884 0.48372838 0.99998915 0.5031008 0.4989029 0.49690214 0.9999886 0.5013393 0.49762836
0.5007578 0.53986937 0.47020513 0.99994624 0.5072918 0.49920863 0.49271074 0.9999443 0.5015975 0.34486607
0.49925393 0.5705986 0.46834594 0.99988705 0.5104137 0.49787778 0.48959622 0.9998863 0.50233346 0.13141741
0.49954003 0.5600066 0.47463718 0.9999225 0.5085365 0.4978522 0.49147126 0.99992394 0.50181925 0.13141741
0.50217533 0.5541983 0.47969475 0.99989176 0.5103146 0.49865577 0.48968875 0.9998921 0.5012301 0.0
0.508262 0.5389592 0.46161774 0.9999334 0.5071429 0.49605638 0.4928581 0.999949 0.50016046 0.0
0.5067055 0.52206993 0.46775487 0.99996984 0.5042912 0.49656987 0.4957083 0.9999816 0.49993402 0.0
0.51416737 0.52535146 0.4500573 0.9999398 0.5053687 0.49439508 0.49462348 0.9999707 0.49933192 0.0
0.51101893 0.5169644 0.44214785 0.99993753 0.50500876 0.49388704 0.49498045 0.9999741 0.49914798 0.0
0.50743043 0.5109012 0.45731625 0.999968 0.5034755 0.4955344 0.49651843 0.9999874 0.49933133 0.0
0.49049187 0.51260537 0.42315748 0.999905 0.50380635 0.4910289 0.49617955 0.99998486 0.49924925 0.0
0.45429602 0.51220995 0.36315194 0.99971753 0.5075423 0.4849837 0.49243787 0.99994254 0.49945366 0.0
0.40364242 0.50790274 0.30766618 0.99968386 0.5072191 0.48375398 0.49277753 0.99994785 0.50001335 0.0
0.29947668 0.4899726 0.20379648 0.99982387 0.50509983 0.4877487 0.49497935 0.999964 0.5032894 0.0
0.32717174 0.4893787 0.25704592 0.9999316 0.5034031 0.49246094 0.49664652 0.99997777 0.50331414 0.0
0.19564383 0.48155758 0.10692101 0.99995065 0.50406766 0.49427477 0.4960063 0.9999424 0.5064515 0.0
0.04694294 0.46998057 -0.044417493 0.9998972 0.50433433 0.49083346 0.49584413 0.99988806 0.5097284 0.0
0.08592833 0.47184783 0.009408109 0.9999184 0.50375825 0.49178526 0.49638814 0.9999077 0.5089039 0.0
-0.049061216 0.45094624 -0.123288594 0.99976057 0.5033654 0.4848989 0.49695492 0.9998778 0.51062745 0.0
-0.20917091 0.43448618 -0.26845035 0.9991902 0.5089764 0.47300783 0.4916774 0.9997797 0.51228774 0.0
-0.16702223 0.4372825 -0.21513413 0.9992738 0.5085805 0.47446433 0.49199694 0.9998044 0.51146865 0.0
-0.31522262 0.42243424 -0.3304008 0.9985964 0.5111964 0.46427444 0.48970437 0.9997269 0.5129248 0.0
-0.41057307 0.4148914 -0.40818068 0.9977702 0.5109526 0.45412132 0.49020946 0.9997331 0.5130764 0.0
-0.41383114 0.4158879 -0.4266444 0.99706787 0.51369447 0.44769326 0.48761177 0.9996749 0.5130954 0.0
-0.3489596 0.42133167 -0.35216692 0.9974532 0.51273626 0.45123416 0.4884114 0.9997144 0.51229763 0.0
-0.26020926 0.4316356 -0.28564203 0.99814624 0.5147847 0.459605 0.4861235 0.9996691 0.5117567 0.0
-0.049309544 0.47662994 -0.082655065 0.9992095 0.5243251 0.48592454 0.4759882 0.9992961 0.51126087 0.0
-0.0018883124 0.48064452 -0.025614612 0.99934644 0.522852 0.48855796 0.47738197 0.99938226 0.51028395 0.0
0.2228301 0.5069865 0.058718957 0.99932736 0.52493006 0.49288046 0.47514585 0.9993526 0.5054143 0.0
0.465788 0.529237 0.123588294 0.9990725 0.5294042 0.4921241 0.47057807 0.99913275 0.49910256 0.0
0.5041374 0.5276904 0.19467199 0.9992982 0.52574337 0.49378797 0.47423524 0.99933326 0.4984247 0.0
0.81456107 0.55220467 0.37716582 0.99936783 0.5233413 0.5093239 0.4768011 0.999402 0.4922879 0.0
0.96789867 0.5670596 0.50099385 0.999187 0.52212214 0.5179715 0.47821954 0.99942946 0.49021062 0.0
0.9363728 0.5561961 0.550707 0.9991869 0.5192711 0.5210012 0.48108312 0.9995651 0.4912343 0.0
1.057538 0.57082826 0.6156079 0.998916 0.52080303 0.52549654 0.47976348 0.9994573 0.4884724 0.0
1.1173337 0.57717425 0.69414955 0.9985144 0.5200826 0.5328643 0.48070356 0.9994709 0.48749027 0.0
1.0926456 0.5689469 0.72007906 0.99842966 0.5175859 0.5354771 0.48321003 0.9995798 0.4882482 0.0
1.0435059 0.56020045 0.7063794 0.99867296 0.5158572 0.5327686 0.4848187 0.9996536 0.4892392 0.0
0.9692107 0.56137854 0.6965151 0.9988049 0.51555926 0.5308478 0.48491046 0.9997074 0.49194974 0.0
0.77295387 0.56170994 0.6229394 0.9989419 0.51610446 0.52824175 0.48408315 0.9997324 0.49623477 0.0
0.71719617 0.5523775 0.6010371 0.99921894 0.5139003 0.52423286 0.4862181 0.99980235 0.49722633 0.0
0.43501592 0.55196655 0.56108993 0.99959445 0.51180255 0.5163109 0.48805115 0.99983865 0.5043054 0.0
0.1732973 0.53240025 0.51721966 0.9999602 0.50607276 0.5017147 0.4938909 0.9998412 0.5110204 0.0
0.1772315 0.51864886 0.49301565 0.99996686 0.50386953 0.49573857 0.4962167 0.9998847 0.51004654 0.0
-0.0067826733 0.49871883 0.4545429 0.999673 0.500048 0.48192078 0.50040925 0.9998401 0.51263785 0.0
-0.18797415 0.4786573 0.40777716 0.9991736 0.49671513 0.47145274 0.50395876 0.9998473 0.51170665 0.0
-0.13076666 0.4795794 0.41087723 0.9992398 0.49680266 0.4726241 0.5037827 0.9998733 0.5106002 0.0
-0.24371105 0.4680313 0.39095193 0.9991393 0.49494866 0.47111368 0.5057525 0.999823 0.5119964 0.0
-0.28695452 0.46221483 0.32304722 0.9987438 0.4930733 0.46526277 0.50773436 0.9998106 0.51138407 0.0
-0.2883536 0.4497049 0.27408224 0.9983703 0.49287474 0.46029758 0.5079685 0.9998299 0.51032275 0.0
-0.23152801 0.4514647 0.29162362 0.998582 0.49319512 0.4629905 0.50753367 0.99985135 0.50958425 0.0
-0.17737585 0.43541133 0.27792093 0.99859786 0.4918303 0.46348324 0.50879574 0.99985427 0.50826645 0.0
-0.07608853 0.43049833 0.30290624 0.99885374 0.4914829 0.46725264 0.50904167 0.9998585 0.50772977 0.0
-0.012061223 0.43650192 0.32691768 0.99907774 0.4922031 0.47066346 0.5082167 0.9998845 0.50692624 0.0
0.17644532 0.4339026 0.41873634 0.999819 0.49521637 0.48742652 0.5049329 0.999941 0.5058879 0.0
0.4522929 0.46055079 0.45638755 0.99998105 0.5036237 0.49758565 0.4963807 0.99998605 0.50091475 0.0
0.48557734 0.47465098 0.47361678 0.99998945 0.50318944 0.49939695 0.4968109 0.99998975 0.5002913 0.0
0.7600332 0.49364483 0.478259 0.9999562 0.50536805 0.4961282 0.49459463 0.9999474 0.49516883 0.0
1.0111048 0.5114214 0.5506055 0.9998512 0.5110066 0.49474278 0.48886997 0.9997324 0.4880143 0.0
1.1754634 0.51962155 0.6399901 0.999838 0.5119519 0.4956282 0.48791113 0.9995866 0.48365572 0.0
1.1092051 0.5155938 0.62818825 0.9998683 0.5104709 0.4953004 0.48939314 0.99966496 0.48508668 0.0
1.2223717 0.5226477 0.7534605 0.9998718 0.51081055 0.5033641 0.4893096 0.9995973 0.48302346 0.0
1.2602348 0.5206077 0.85639566 0.99976456 0.50965506 0.51192474 0.49079636 0.99956334 0.4812444 0.0
1.2043912 0.5161649 0.84218824 0.99978685 0.5086773 0.5117375 0.49173522 0.9996271 0.48255205 0.0
