-0.053689327575997536 -0.6887573737606529 -0.026077673394055978 0.4878058905476337 -0.04908738521234035 1.2839419194602817 -0.010737865515199285 0.0
-0.053689327575997536 -0.6887573737606529 -0.026077673394055978 0.4878058905476337 -0.05062136600022615 1.2839419194602817 -0.010737865515199285 0.0
-0.053689327575997536 -0.6918253353364241 -0.026077673394055978 0.4862719097597483 -0.05062136600022615 1.2839419194602817 -0.010737865515199285 0.0
-0.052155346788111734 -0.6948932969121953 -0.026077673394055978 0.4847379289718625 -0.05062136600022615 1.2839419194602817 -0.010737865515199285 0.0
-0.052155346788111734 -0.6948932969121953 -0.026077673394055978 0.4847379289718625 -0.05062136600022615 1.2839419194602817 -0.010737865515199285 0.0
-0.052155346788111734 -0.6994952392758522 -0.026077673394055978 0.48013598660820556 -0.05062136600022615 1.2824079386723959 -0.010737865515199285 0.0
-0.052155346788111734 -0.7025632008516238 -0.026077673394055978 0.4786020058203202 -0.05062136600022615 1.2824079386723959 -0.010737865515199285 0.0
-0.052155346788111734 -0.7025632008516238 -0.026077673394055978 0.4786020058203202 -0.05062136600022615 1.2824079386723959 -0.010737865515199285 0.0
-0.052155346788111734 -0.7025632008516238 -0.026077673394055978 0.4786020058203202 -0.04908738521234035 1.2824079386723959 -0.010737865515199285 0.0
-0.052155346788111734 -0.7025632008516238 -0.026077673394055978 0.4770680250324344 -0.05062136600022615 1.2839419194602817 -0.010737865515199285 0.0
-0.052155346788111734 -0.7025632008516238 -0.026077673394055978 0.4770680250324344 -0.04908738521234035 1.2824079386723959 -0.010737865515199285 0.0
-0.05062136600022615 -0.701029220063738 -0.026077673394055978 0.4786020058203202 -0.05062136600022615 1.2839419194602817 -0.010737865515199285 0.0
-0.05062136600022615 -0.701029220063738 -0.026077673394055978 0.4786020058203202 -0.05062136600022615 1.2839419194602817 -0.010737865515199285 0.0
-0.05062136600022615 -0.6964272777000811 -0.026077673394055978 0.4786020058203202 -0.04908738521234035 1.2839419194602817 -0.010737865515199285 0.0
-0.05062136600022615 -0.6918253353364241 -0.026077673394055978 0.4786020058203202 -0.04908738521234035 1.2839419194602817 -0.010737865515199285 0.0
-0.04908738521234057 -0.6902913545485387 -0.026077673394055978 0.4786020058203202 -0.04908738521234035 1.2824079386723959 -0.010737865515199285 0.0
-0.04908738521234057 -0.6902913545485387 -0.026077673394055978 0.4786020058203202 -0.04908738521234035 1.2824079386723959 -0.010737865515199285 0.0
-0.04908738521234057 -0.6902913545485387 -0.026077673394055978 0.4786020058203202 -0.04908738521234035 1.2824079386723959 -0.010737865515199285 0.0
-0.04601942363656919 -0.6887573737606529 -0.026077673394055978 0.4786020058203202 -0.04908738521234035 1.2824079386723959 -0.010737865515199285 0.0
-0.04295146206079803 -0.684155431396996 -0.026077673394055978 0.4786020058203202 -0.04908738521234035 1.2824079386723959 -0.010737865515199285 0.0
-0.04295146206079803 -0.6810874698212248 -0.026077673394055978 0.4786020058203202 -0.04908738521234035 1.2824079386723959 -0.010737865515199285 0.0
-0.04295146206079803 -0.6810874698212248 -0.026077673394055978 0.4786020058203202 -0.04908738521234035 1.2824079386723959 -0.010737865515199285 0.0
-0.04295146206079803 -0.6780195082454532 -0.026077673394055978 0.48013598660820556 -0.04908738521234035 1.28087395788451 -0.010737865515199285 0.0
-0.04141748127291223 -0.6734175658817967 -0.026077673394055978 0.48166996739609136 -0.04908738521234035 1.28087395788451 -0.012271846303085088 0.0
-0.04141748127291223 -0.6734175658817967 -0.026077673394055978 0.48166996739609136 -0.04908738521234035 1.28087395788451 -0.012271846303085088 0.0
-0.04141748127291223 -0.6688156235181397 -0.026077673394055978 0.48320394818397716 -0.04908738521234035 1.28087395788451 -0.01380582709097089 0.0
-0.04141748127291223 -0.6611457195787112 -0.026077673394055978 0.4847379289718625 -0.04908738521234035 1.2793399770966252 -0.015339807878856249 0.0
-0.04141748127291223 -0.6519418348513977 -0.026077673394055978 0.48320394818397716 -0.04908738521234035 1.2716700731571962 -0.015339807878856249 0.0
-0.04141748127291223 -0.6519418348513977 -0.026077673394055978 0.48320394818397716 -0.04908738521234035 1.2716700731571962 -0.015339807878856249 0.0
-0.04141748127291223 -0.6473398924877407 -0.026077673394055978 0.48166996739609136 -0.04908738521234035 1.264000169217768 -0.015339807878856249 0.0
-0.04141748127291223 -0.6427379501240837 -0.026077673394055978 0.48013598660820556 -0.04908738521234035 1.2593982268541115 -0.015339807878856249 0.0
-0.04141748127291223 -0.6381360077604268 -0.026077673394055978 0.48166996739609136 -0.04908738521234035 1.2593982268541115 -0.015339807878856249 0.0
-0.04141748127291223 -0.6381360077604268 -0.026077673394055978 0.48166996739609136 -0.04908738521234035 1.2593982268541115 -0.015339807878856249 0.0
-0.04141748127291223 -0.632000084608884 -0.026077673394055978 0.48166996739609136 -0.04908738521234035 1.2578642460662257 -0.01687378866674205 0.0
-0.04141748127291223 -0.6258641614573417 -0.026077673394055978 0.48166996739609136 -0.04908738521234035 1.2578642460662257 -0.018407769454627854 0.0
-0.04141748127291223 -0.6258641614573417 -0.026077673394055978 0.48166996739609136 -0.04908738521234035 1.2578642460662257 -0.018407769454627854 0.0
-0.039883500485026646 -0.6197282383057989 -0.026077673394055978 0.48166996739609136 -0.05062136600022615 1.25633026527834 -0.019941750242513212 0.0
-0.039883500485026646 -0.6166602767300278 -0.026077673394055978 0.48013598660820556 -0.05062136600022615 1.247126380551026 -0.019941750242513212 0.0
-0.039883500485026646 -0.6089903727905996 -0.026077673394055978 0.4770680250324344 -0.05062136600022615 1.237922495823712 -0.019941750242513212 0.0
-0.039883500485026646 -0.5982525072753999 -0.026077673394055978 0.4770680250324344 -0.05062136600022615 1.2317865726721697 -0.019941750242513212 0.0
-0.039883500485026646 -0.5875146417602006 -0.026077673394055978 0.4770680250324344 -0.05062136600022615 1.230252591884284 -0.019941750242513212 0.0
-0.039883500485026646 -0.5875146417602006 -0.026077673394055978 0.4770680250324344 -0.05062136600022615 1.230252591884284 -0.019941750242513212 0.0
-0.039883500485026646 -0.5798447378207725 -0.026077673394055978 0.4786020058203202 -0.05062136600022615 1.228718611096399 -0.019941750242513212 0.0
-0.039883500485026646 -0.5737088146692297 -0.026077673394055978 0.4786020058203202 -0.05062136600022615 1.2271846303085132 -0.019941750242513212 0.0
-0.039883500485026646 -0.5737088146692297 -0.026077673394055978 0.4786020058203202 -0.05062136600022615 1.2271846303085132 -0.019941750242513212 0.0
-0.039883500485026646 -0.5691068723055728 -0.026077673394055978 0.4770680250324344 -0.05062136600022615 1.2271846303085132 -0.021475731030399015 0.0
-0.039883500485026646 -0.5614369683661447 -0.026077673394055978 0.4770680250324344 -0.05062136600022615 1.2225826879448558 -0.021475731030399015 0.0
-0.038349519697141066 -0.5537670644267165 -0.026077673394055978 0.4755340442445486 -0.05062136600022615 1.2103108416417712 -0.021475731030399015 0.0
-0.038349519697141066 -0.5537670644267165 -0.026077673394055978 0.4755340442445486 -0.05062136600022615 1.2103108416417712 -0.021475731030399015 0.0
-0.038349519697141066 -0.5445631796994026 -0.024543692606170175 0.47246608266877743 -0.05062136600022615 1.2011069569144572 -0.021475731030399015 0.0
-0.036815538909255485 -0.5338253141842033 -0.024543692606170175 0.47246608266877743 -0.05062136600022615 1.1995729761265714 -0.021475731030399015 0.0
-0.036815538909255485 -0.5246214294568894 -0.024543692606170175 0.47400006345666323 -0.05062136600022615 1.1965050145507998 -0.021475731030399015 0.0
-0.036815538909255485 -0.5246214294568894 -0.024543692606170175 0.47400006345666323 -0.05062136600022615 1.1965050145507998 -0.021475731030399015 0.0
-0.036815538909255485 -0.5154175447295755 -0.024543692606170175 0.47400006345666323 -0.05062136600022615 1.1888351106113717 -0.023009711818284817 0.0
-0.036815538909255485 -0.5077476407901473 -0.024543692606170175 0.47246608266877743 -0.05062136600022615 1.1826991874598294 -0.023009711818284817 0.0
-0.036815538909255485 -0.5077476407901473 -0.024543692606170175 0.47246608266877743 -0.05062136600022615 1.1826991874598294 -0.023009711818284817 0.0
-0.03528155812136968 -0.4970097752749476 -0.023009711818284373 0.47246608266877743 -0.05062136600022615 1.176563264308287 -0.023009711818284817 0.0
-0.03528155812136968 -0.4847379289718625 -0.02147573103039857 0.47400006345666323 -0.05062136600022615 1.1750292835204013 -0.024543692606170175 0.0
-0.03528155812136968 -0.4755340442445486 -0.02147573103039857 0.47400006345666323 -0.052155346788111956 1.1734953027325155 -0.026077673394055978 0.0
-0.03528155812136968 -0.4755340442445486 -0.02147573103039857 0.47400006345666323 -0.052155346788111956 1.1734953027325155 -0.026077673394055978 0.0
-0.03528155812136968 -0.4663301595172351 -0.02147573103039857 0.47400006345666323 -0.05062136600022615 1.1642914180052015 -0.03067961575771294 0.0
-0.03528155812136968 -0.4571262747899212 -0.02147573103039857 0.47246608266877743 -0.05062136600022615 1.1581554948536592 -0.0322135965455983 0.0
-0.03528155812136968 -0.44638840927472145 -0.02147573103039857 0.47400006345666323 -0.052155346788111956 1.1566215140657734 -0.0337475773334841 0.0
-0.03528155812136968 -0.43871850533529333 -0.02147573103039857 0.47400006345666323 -0.052155346788111956 1.1550875332778876 -0.035281558121369905 0.0
-0.03528155812136968 -0.4295146206079794 -0.02147573103039857 0.47400006345666323 -0.052155346788111956 1.150485590914231 -0.038349519697141066 0.0
-0.03528155812136968 -0.4295146206079794 -0.02147573103039857 0.47400006345666323 -0.052155346788111956 1.150485590914231 -0.038349519697141066 0.0
-0.03528155812136968 -0.4233786974564371 -0.02147573103039857 0.47400006345666323 -0.052155346788111956 1.1443496677626879 -0.04448544284868339 0.0
-0.03528155812136968 -0.41570879351700896 -0.02147573103039857 0.47246608266877743 -0.05062136600022615 1.1366797638232597 -0.04755340442445499 0.0
-0.03528155812136968 -0.40650490878969503 -0.02147573103039857 0.47400006345666323 -0.052155346788111956 1.133611802247489 -0.04908738521234035 0.0
-0.03528155812136968 -0.40650490878969503 -0.02147573103039857 0.47400006345666323 -0.052155346788111956 1.133611802247489 -0.04908738521234035 0.0
-0.03528155812136968 -0.39423306248660994 -0.02147573103039857 0.4755340442445486 -0.052155346788111956 1.1320778214596032 -0.05062136600022615 0.0
-0.03528155812136968 -0.3834951969714102 -0.02147573103039857 0.4755340442445486 -0.052155346788111956 1.125941898308061 -0.053689327575997314 0.0
-0.03528155812136968 -0.3742913122440963 -0.02147573103039857 0.47400006345666323 -0.052155346788111956 1.1182719943686328 -0.06135923151542544 0.0
-0.03528155812136968 -0.363553446728897 -0.02147573103039857 0.47400006345666323 -0.052155346788111956 1.1136700520049754 -0.0674951546669682 0.0
-0.03528155812136968 -0.3497476196379261 -0.02147573103039857 0.47400006345666323 -0.052155346788111956 1.1121360712170896 -0.07209709703062517 0.0
-0.03528155812136968 -0.3497476196379261 -0.02147573103039857 0.47400006345666323 -0.052155346788111956 1.1121360712170896 -0.07209709703062517 0.0
-0.03528155812136968 -0.3390097541227268 -0.019941750242513656 0.4755340442445486 -0.052155346788111956 1.1106020904292038 -0.07516505860639633 0.0
-0.03528155812136968 -0.32673790781964174 -0.02147573103039857 0.4770680250324344 -0.052155346788111956 1.107534128853433 -0.07669903939428213 0.0
-0.03528155812136968 -0.32673790781964174 -0.02147573103039857 0.4770680250324344 -0.052155346788111956 1.107534128853433 -0.07669903939428213 0.0
-0.03528155812136968 -0.31906800388021317 -0.019941750242513656 0.4755340442445486 -0.052155346788111956 1.0967962633382333 -0.07669903939428213 0.0
-0.03528155812136968 -0.3052621767892427 -0.019941750242513656 0.47400006345666323 -0.052155346788111956 1.0875923786109194 -0.07823302018216749 0.0
-0.03528155812136968 -0.3052621767892427 -0.019941750242513656 0.47400006345666323 -0.052155346788111956 1.0875923786109194 -0.07823302018216749 0.0
-0.03528155812136968 -0.28992236891038603 -0.019941750242513656 0.4755340442445486 -0.052155346788111956 1.0829904362472629 -0.07823302018216749 0.0
-0.03528155812136968 -0.2745825610315298 -0.019941750242513656 0.48013598660820556 -0.052155346788111956 1.0829904362472629 -0.07823302018216749 0.0
-0.03528155812136968 -0.26537867630421585 -0.02147573103039857 0.48320394818397716 -0.052155346788111956 1.081456455459377 -0.07976700097005329 0.0
-0.03528155812136968 -0.26537867630421585 -0.02147573103039857 0.48320394818397716 -0.052155346788111956 1.081456455459377 -0.07976700097005329 0.0
-0.03528155812136968 -0.25464081078901657 -0.019941750242513656 0.48320394818397716 -0.052155346788111956 1.0722525707320631 -0.07976700097005329 0.0
-0.03528155812136968 -0.24390294527381684 -0.019941750242513656 0.48320394818397716 -0.052155346788111956 1.0661166475805208 -0.08897088569736722 0.0
-0.03528155812136968 -0.24390294527381684 -0.019941750242513656 0.48320394818397716 -0.052155346788111956 1.0661166475805208 -0.08897088569736722 0.0
-0.03528155812136968 -0.2285631373949606 -0.02147573103039857 0.48320394818397716 -0.052155346788111956 1.0615147052168634 -0.09510680884890954 0.0
-0.03528155812136968 -0.21322332951610434 -0.02147573103039857 0.4847379289718625 -0.052155346788111956 1.0599807244289776 -0.1012427320004523 0.0
-0.03528155812136968 -0.19788352163724765 -0.019941750242513656 0.4862719097597483 -0.052155346788111956 1.0584467436410927 -0.1012427320004523 0.0
-0.03528155812136968 -0.19788352163724765 -0.019941750242513656 0.4862719097597483 -0.052155346788111956 1.0584467436410927 -0.1012427320004523 0.0
-0.03528155812136968 -0.18407769454627676 -0.019941750242513656 0.4893398713355195 -0.052155346788111956 1.056912762853207 -0.1012427320004523 0.0
-0.03528155812136968 -0.1702718674553063 -0.019941750242513656 0.4908738521234053 -0.052155346788111956 1.0507768397016646 -0.10277671278833811 0.0
-0.03528155812136968 -0.1702718674553063 -0.019941750242513656 0.4908738521234053 -0.052155346788111956 1.0507768397016646 -0.10277671278833811 0.0
-0.03528155812136968 -0.15953400194010658 -0.019941750242513656 0.4908738521234053 -0.052155346788111956 1.0369710126106932 -0.10277671278833811 0.0
-0.0337475773334841 -0.14419419406125034 -0.019941750242513656 0.4908738521234053 -0.052155346788111956 1.0293011086712651 -0.10277671278833811 0.0
-0.0337475773334841 -0.14419419406125034 -0.019941750242513656 0.4908738521234053 -0.052155346788111956 1.0293011086712651 -0.10277671278833811 0.0
-0.0337475773334841 -0.13192234775816525 -0.018407769454627854 0.49240783291129064 -0.052155346788111956 1.0246991663076086 -0.10277671278833811 0.0
-0.0337475773334841 -0.12271846303085132 -0.018407769454627854 0.49394181369917645 -0.052155346788111956 1.021631204731837 -0.10277671278833811 0.0
-0.0337475773334841 -0.11044661672776623 -0.018407769454627854 0.5000777368507192 -0.053689327575997314 1.021631204731837 -0.10277671278833811 0.0
-0.0337475773334841 -0.11044661672776623 -0.018407769454627854 0.5000777368507192 -0.053689327575997314 1.021631204731837 -0.10277671278833811 0.0
-0.0337475773334841 -0.08590292412159606 -0.018407769454627854 0.5138835639416897 -0.053689327575997314 1.021631204731837 -0.10431069357622347 0.0
-0.0337475773334841 -0.06902913545485401 -0.018407769454627854 0.5215534678811178 -0.053689327575997314 1.021631204731837 -0.10431069357622347 0.0
-0.0337475773334841 -0.06902913545485401 -0.018407769454627854 0.5215534678811178 -0.053689327575997314 1.021631204731837 -0.10431069357622347 0.0
-0.0337475773334841 -0.053689327575997314 -0.018407769454627854 0.5276893910326605 -0.053689327575997314 1.0200972239439512 -0.10431069357622347 0.0
-0.0337475773334841 -0.0337475773334841 -0.018407769454627854 0.5414952181236314 -0.053689327575997314 1.021631204731837 -0.10584467436410927 0.0
-0.0337475773334841 -0.01380582709097089 -0.018407769454627854 0.5537670644267165 -0.053689327575997314 1.021631204731837 -0.10584467436410927 0.0
-0.0337475773334841 0.004601942363656963 -0.018407769454627854 0.5645049299419158 -0.053689327575997314 1.021631204731837 -0.10584467436410927 0.0
-0.03221359654559852 0.018407769454627854 -0.01687378866674205 0.5721748338813439 -0.053689327575997314 1.0231651855197228 -0.10737865515199507 0.0
-0.03221359654559852 0.018407769454627854 -0.01687378866674205 0.5721748338813439 -0.053689327575997314 1.0231651855197228 -0.10737865515199507 0.0
-0.023009711818284595 0.0322135965455983 -0.01687378866674205 0.5798447378207725 -0.053689327575997314 1.0246991663076086 -0.10891263593988043 0.0
-0.009203884727313927 0.04295146206079803 -0.018407769454627854 0.5859806609723148 -0.053689327575997314 1.0262331470954935 -0.10891263593988043 0.0
-0.0015339807878855805 0.04448544284868339 -0.01687378866674205 0.5859806609723148 -0.052155346788111956 1.0262331470954935 -0.10891263593988043 0.0037667410714287267
-0.0015339807878855805 0.04448544284868339 -0.01687378866674205 0.5859806609723148 -0.052155346788111956 1.0262331470954935 -0.10891263593988043 0.0037667410714287267
0.0 0.04448544284868339 -0.018407769454627854 0.5859806609723148 -0.053689327575997314 1.0277671278833793 -0.10891263593988043 0.01632254464285741
0.0 0.04295161545887682 -0.018407769454627854 0.5859806609723148 -0.053689327575997314 1.0293011086712636 -0.10891263593988043 0.06445312499995236
0.0 0.04295146206079803 -0.018407769454627854 0.5859806609723148 -0.053689327575997314 1.0293011086712651 -0.10891263593988043 0.0644531250000005
0.0 0.04141748127291223 -0.018407769454627854 0.5859806609723148 -0.053689327575997314 1.0277671278833793 -0.10891263593988043 0.16071428571428548
0.0 0.0337475773334841 -0.018407769454627854 0.5844466801844295 -0.053689327575997314 1.0231651855197228 -0.10891263593988043 0.2988281249999998
0.0 0.0337475773334841 -0.018407769454627854 0.5844466801844295 -0.053689327575997314 1.0231651855197228 -0.10891263593988043 0.2988281249999998
0.0 0.0322135965455983 -0.018407769454627854 0.5844466801844295 -0.053689327575997314 1.0200972239439512 -0.10891263593988043 0.43484933035714246
0.0 0.03067961575771294 -0.018407769454627854 0.5844466801844295 -0.052155346788111956 1.0170292623681805 -0.10891263593988043 0.5394810267857141
0.0 0.027611654181941336 -0.018407769454627854 0.5783107570328867 -0.052155346788111956 1.0016894544893233 -0.10891263593988043 0.5834263392857151
0.0 0.027611654181941336 -0.018407769454627854 0.5783107570328867 -0.052155346788111956 1.0016894544893233 -0.10891263593988043 0.5834263392857151
0.0 0.024543692606170175 -0.018407769454627854 0.5737088146692297 -0.052155346788111956 0.9909515889741245 -0.10891263593988043 0.5876116071428571
0.0 0.023009711818284817 -0.018407769454627854 0.5721748338813439 -0.052155346788111956 0.9909515889741245 -0.10737865515199507 0.5917968750000004
0.0 0.023009711818284817 -0.018407769454627854 0.5721748338813439 -0.052155346788111956 0.9909515889741245 -0.10737865515199507 0.5917968750000004
0.0 0.023009711818284817 -0.018407769454627854 0.5721748338813439 -0.052155346788111956 0.9909515889741245 -0.10737865515199507 0.5980747767857142
0.0 0.023009711818284817 -0.018407769454627854 0.5721748338813439 -0.052155346788111956 0.9909515889741245 -0.10737865515199507 0.5980747767857142
0.0 0.01994175024282001 -0.018407769454627854 0.5721748338813439 -0.052155346788111956 0.9909515889741245 -0.10737865515199507 0.6001674107140765
0.0 0.019941750242513212 -0.018407769454627854 0.5721748338813439 -0.052155346788111956 0.9909515889741245 -0.10737865515199507 0.6001674107142858
0.0 0.009203884727313927 -0.018407769454627854 0.5721748338813439 -0.052155346788111956 0.9986214929135526 -0.10737865515199507 0.6001674107142858
0.0 -0.018407769454627854 -0.019941750242513656 0.5706408530934586 -0.052155346788111956 1.0062913968529807 -0.10891263593988043 0.6043526785714292
0.0 -0.018407769454627854 -0.019941750242513656 0.5706408530934586 -0.052155346788111956 1.0062913968529807 -0.10891263593988043 0.6043526785714292
0.0 -0.053689327575997314 -0.019941750242513656 0.5675728915176874 -0.052155346788111956 1.0185632431560654 -0.10737865515199507 0.6210937499999999
0.0 -0.09664078963679534 -0.019941750242513656 0.5675728915176874 -0.052155346788111956 1.0461748973380072 -0.10737865515199507 0.6503906250000006
0.0 -0.09664078963679534 -0.019941750242513656 0.5675728915176874 -0.052155346788111956 1.0461748973380072 -0.10737865515199507 0.6503906250000006
0.0 -0.1365242901218222 -0.019941750242513656 0.5721748338813439 -0.05062136600022615 1.0753205323078348 -0.10737865515199507 0.6650390624999996
0.0 -0.1810097329705056 -0.02147573103039857 0.5783107570328867 -0.05062136600022615 1.1060001480655473 -0.10584467436410927 0.6650390624999996
0.0 -0.21935925266764666 -0.023009711818284373 0.5829126993965437 -0.04908738521234035 1.1320778214596032 -0.10737865515199507 0.6671316964285714
0.0 -0.25924275315267353 -0.024543692606170175 0.5875146417602006 -0.04755340442445499 1.1581554948536592 -0.10737865515199507 0.6650390624999996
0.0 -0.25924275315267353 -0.024543692606170175 0.5875146417602006 -0.04755340442445499 1.1581554948536592 -0.10737865515199507 0.6650390624999996
0.0 -0.294524311274043 -0.024543692606170175 0.5905826033359718 -0.044485442848683394 1.176563264308287 -0.10891263593988043 0.6650390624999996
0.0 -0.3313398501832987 -0.024543692606170175 0.5951845456996288 -0.04295146206079803 1.194971033762915 -0.10891263593988043 0.6650390624999996
0.0 -0.36048548515312584 -0.026077673394055978 0.6013204688511715 -0.04141748127291223 1.2087768608538854 -0.11044661672776623 0.6650390624999996
0.0 -0.39269908169872414 -0.02761165418194178 0.610524353578485 -0.03988350048502687 1.230252591884284 -0.11198059751565159 0.6650390624999996
0.0 -0.39269908169872414 -0.02761165418194178 0.610524353578485 -0.03988350048502687 1.230252591884284 -0.11198059751565159 0.6650390624999996
0.0 -0.4203107358806655 -0.02761165418194178 0.6227961998815705 -0.038349519697141066 1.25633026527834 -0.11198059751565159 0.6650390624999996
0.0 -0.44792239006260726 -0.029145634969827583 0.6381360077604268 -0.038349519697141066 1.2885438618239382 -0.11198059751565159 0.6650390624999996
0.0 -0.44792239006260726 -0.029145634969827583 0.6381360077604268 -0.038349519697141066 1.2885438618239382 -0.11198059751565159 0.6650390624999996
-0.0015339807878855805 -0.4755340442445486 -0.030679615757712497 0.6565437772150546 -0.03681553890925526 1.3238254199453081 -0.11198059751565159 0.6650390624999996
-0.0015339807878855805 -0.4970097752749476 -0.030679615757712497 0.674951546669682 -0.03681553890925526 1.3529710549151357 -0.1150485590914232 0.6629464285714293
-0.0015339807878855805 -0.5230874486690036 -0.0322135965455983 0.6918253353364241 -0.03681553890925526 1.3805827090970775 -0.11658253987930856 0.6629464285714293
-0.0015339807878855805 -0.5460971604872884 -0.0322135965455983 0.7040971816395092 -0.035281558121369905 1.4005244593395902 -0.11658253987930856 0.6608537946428577
-0.0015339807878855805 -0.5460971604872884 -0.0322135965455983 0.7040971816395092 -0.035281558121369905 1.4005244593395902 -0.11658253987930856 0.6608537946428577
-0.0015339807878855805 -0.5675728915176874 -0.0322135965455983 0.7148350471547089 -0.035281558121369905 1.41126232485479 -0.12425244381873712 0.6608537946428577
-0.0015339807878855805 -0.5829126993965437 -0.0322135965455983 0.7240389318820228 -0.035281558121369905 1.4158642672184465 -0.12885438618239364 0.6608537946428577
-0.0015339807878855805 -0.5829126993965437 -0.0322135965455983 0.7240389318820228 -0.035281558121369905 1.4158642672184465 -0.12885438618239364 0.6608537946428577
-0.0015339807878855805 -0.5982525072753999 -0.0322135965455983 0.7332428166093363 -0.035281558121369905 1.4158642672184465 -0.12732040539450828 0.6608537946428577
-0.0015339807878855805 -0.6059224112148285 -0.0322135965455983 0.7424467013366502 -0.035281558121369905 1.4173982480063323 -0.12732040539450828 0.6608537946428577
-0.0015339807878855805 -0.610524353578485 -0.0322135965455983 0.75318456685185 -0.035281558121369905 1.4250681519457604 -0.12885438618239364 0.6629464285714293
-0.0015339807878855805 -0.610524353578485 -0.0322135965455983 0.75318456685185 -0.035281558121369905 1.4250681519457604 -0.12885438618239364 0.6629464285714293
-0.0015339807878855805 -0.6120583343663708 -0.0322135965455983 0.7623884515791635 -0.035281558121369905 1.4404079598246167 -0.12885438618239364 0.6629464285714293
-0.0015339807878855805 -0.6166602767300278 -0.0322135965455983 0.7731263170943632 -0.035281558121369905 1.4557477677034738 -0.12885438618239364 0.6608537946428577
-0.0015339807878855805 -0.6166602767300278 -0.0322135965455983 0.7731263170943632 -0.035281558121369905 1.4557477677034738 -0.12885438618239364 0.6608537946428577
-0.0015339807878855805 -0.6258641614573417 -0.0322135965455983 0.7807962210337913 -0.035281558121369905 1.4680196140065584 -0.12885438618239364 0.6608537946428577
-0.0015339807878855805 -0.636602026972541 -0.0322135965455983 0.7869321441853341 -0.035281558121369905 1.4772234987338724 -0.13038836697027945 0.6608537946428577
-0.0015339807878855805 -0.6519418348513977 -0.0322135965455983 0.7884661249732194 -0.0337475773334841 1.4818254410975298 -0.13038836697027945 0.6608537946428577
-0.0015339807878855805 -0.6519418348513977 -0.0322135965455983 0.7884661249732194 -0.0337475773334841 1.4818254410975298 -0.13038836697027945 0.6608537946428577
-0.0015339807878855805 -0.6642136811544828 -0.0322135965455983 0.7900001057611052 -0.0337475773334841 1.4818254410975298 -0.13038836697027945 0.6608537946428577
-0.0015339807878855805 -0.6718835850939109 -0.0322135965455983 0.7900001057611052 -0.0337475773334841 1.4818254410975298 -0.13038836697027945 0.6608537946428577
-0.0015339807878855805 -0.6718835850939109 -0.0322135965455983 0.7900001057611052 -0.0337475773334841 1.4818254410975298 -0.13038836697027945 0.6608537946428577
-0.0015339807878855805 -0.6718835850939109 -0.0322135965455983 0.7900001057611052 -0.0337475773334841 1.4818254410975298 -0.13038836697027945 0.6608537946428577
-0.0015339807878855805 -0.6672816427302539 -0.0322135965455983 0.7869321441853341 -0.0337475773334841 1.480291460309644 -0.13192234775816525 0.6608537946428577
-0.0015339807878855805 -0.6672816427302539 -0.0322135965455983 0.7869321441853341 -0.0337475773334841 1.480291460309644 -0.13192234775816525 0.6608537946428577
-0.0015339807878855805 -0.65807775800294 -0.0322135965455983 0.7853981633974483 -0.0337475773334841 1.480291460309644 -0.13038836697027945 0.6608537946428577
-0.0015339807878855805 -0.6396699885483126 -0.0337475773334841 0.7838641826095625 -0.0337475773334841 1.4772234987338724 -0.12885438618239364 0.6608537946428577
-0.0015339807878855805 -0.6212622190936847 -0.0337475773334841 0.7823302018216771 -0.0337475773334841 1.47108757558233 -0.12885438618239364 0.6587611607142859
-0.0015339807878855805 -0.6212622190936847 -0.0337475773334841 0.7823302018216771 -0.0337475773334841 1.47108757558233 -0.12885438618239364 0.6587611607142859
-0.0015339807878855805 -0.5967185264875146 -0.03834951969714062 0.7792622402459055 -0.0337475773334841 1.463417671642902 -0.12885438618239364 0.6587611607142859
-0.0015339807878855805 -0.5737088146692297 -0.04141748127291223 0.774660297882249 -0.0337475773334841 1.4511458253398164 -0.12885438618239364 0.6566685267857143
-0.0015339807878855805 -0.5737088146692297 -0.04141748127291223 0.774660297882249 -0.0337475773334841 1.4511458253398164 -0.12885438618239364 0.6566685267857143
-0.0015339807878855805 -0.5583690067903735 -0.04295146206079803 0.770058355518592 -0.0337475773334841 1.4358060174609601 -0.12885438618239364 0.6566685267857143
-0.006135923151542544 -0.5430291989115168 -0.04295146206079803 0.7639224323670493 -0.0337475773334841 1.418932228794218 -0.12885438618239364 0.6566685267857143
-0.006135923151542544 -0.5430291989115168 -0.04295146206079803 0.7639224323670493 -0.0337475773334841 1.418932228794218 -0.12885438618239364 0.6566685267857143
-0.006135923151542544 -0.5276893910326605 -0.04755340442445455 0.7577865092155069 -0.035281558121369905 1.4081943632790184 -0.12885438618239364 0.6566685267857143
-0.006135923151542544 -0.5108156023659185 -0.05522330836388267 0.7516505860639642 -0.035281558121369905 1.394388536188048 -0.12885438618239364 0.6566685267857143
-0.006135923151542544 -0.4970097752749476 -0.05829126993965428 0.7470486437003072 -0.035281558121369905 1.3775147475213059 -0.12885438618239364 0.6545758928571427
-0.007669903939428124 -0.4862719097597483 -0.06289321230331169 0.7378447589729933 -0.035281558121369905 1.3621749396424496 -0.12885438618239364 0.6545758928571427
-0.007669903939428124 -0.4862719097597483 -0.06289321230331169 0.7378447589729933 -0.035281558121369905 1.3621749396424496 -0.12885438618239364 0.6545758928571427
-0.007669903939428124 -0.47093210188089163 -0.06289321230331169 0.7301748550335652 -0.035281558121369905 1.3453011509757076 -0.12885438618239364 0.6545758928571427
-0.007669903939428124 -0.4540583132141496 -0.06289321230331169 0.722504951094137 -0.03681553890925526 1.3284273623089655 -0.12885438618239364 0.6545758928571427
-0.007669903939428124 -0.4540583132141496 -0.06289321230331169 0.722504951094137 -0.03681553890925526 1.3284273623089655 -0.12885438618239364 0.6545758928571427
-0.007669903939428124 -0.4371845245474075 -0.06289321230331169 0.7163690279425943 -0.03681553890925526 1.3146215352179942 -0.12885438618239364 0.6545758928571427
-0.007669903939428124 -0.4187767550927801 -0.06289321230331169 0.7102331047910521 -0.03681553890925526 1.3023496889149095 -0.12885438618239364 0.6545758928571427
-0.007669903939428124 -0.4187767550927801 -0.06289321230331169 0.7102331047910521 -0.03681553890925526 1.3023496889149095 -0.12885438618239364 0.6545758928571427
-0.007669903939428124 -0.4034369472139234 -0.06289321230331169 0.7040971816395092 -0.03681553890925526 1.290077842611824 -0.13038836697027945 0.6545758928571427
-0.006135923151542544 -0.385029177759296 -0.06289321230331169 0.6964272777000811 -0.03681553890925526 1.273204053945082 -0.12885438618239364 0.6524832589285722
-0.006135923151542544 -0.3712233506683251 -0.06289321230331169 0.6872233929727671 -0.038349519697141066 1.2578642460662257 -0.13038836697027945 0.6524832589285722
-0.006135923151542544 -0.35895150436524004 -0.06289321230331169 0.6826214506091102 -0.038349519697141066 1.247126380551026 -0.13038836697027945 0.6524832589285722
-0.006135923151542544 -0.35895150436524004 -0.06289321230331169 0.6826214506091102 -0.038349519697141066 1.247126380551026 -0.13038836697027945 0.6524832589285722
-0.006135923151542544 -0.3451456772742692 -0.06289321230331169 0.6780195082454532 -0.03988350048502687 1.2348545342479413 -0.13038836697027945 0.6524832589285722
-0.006135923151542544 -0.32673790781964174 -0.06289321230331169 0.674951546669682 -0.04141748127291223 1.2241166687327416 -0.13038836697027945 0.6524832589285722
-0.006135923151542544 -0.32673790781964174 -0.06289321230331169 0.674951546669682 -0.04141748127291223 1.2241166687327416 -0.13038836697027945 0.6524832589285722
-0.006135923151542544 -0.3098641191528997 -0.06289321230331169 0.6734175658817967 -0.04141748127291223 1.2149127840054277 -0.13038836697027945 0.6524832589285722
-0.006135923151542544 -0.294524311274043 -0.06289321230331169 0.6672816427302539 -0.04295146206079803 1.2011069569144572 -0.13038836697027945 0.6524832589285722
-0.006135923151542544 -0.28532042654672907 -0.06289321230331169 0.662679700366597 -0.04295146206079803 1.1888351106113717 -0.13038836697027945 0.6503906250000006
-0.006135923151542544 -0.28532042654672907 -0.06289321230331169 0.662679700366597 -0.04295146206079803 1.1888351106113717 -0.13038836697027945 0.6503906250000006
-0.006135923151542544 -0.273048580243644 -0.06289321230331169 0.6565437772150546 -0.04448544284868339 1.1719613219446297 -0.13038836697027945 0.6503906250000006
-0.006135923151542544 -0.2607767339405589 -0.06289321230331169 0.6550097964271688 -0.04601942363656919 1.1627574372173157 -0.13038836697027945 0.6503906250000006
-0.006135923151542544 -0.24697090684958845 -0.06289321230331169 0.653475815639283 -0.04601942363656919 1.1566215140657734 -0.13038836697027945 0.6503906250000006
-0.006135923151542544 -0.24697090684958845 -0.06289321230331169 0.653475815639283 -0.04601942363656919 1.1566215140657734 -0.13038836697027945 0.6503906250000006
-0.006135923151542544 -0.23316507975861755 -0.06289321230331169 0.653475815639283 -0.04601942363656919 1.1520195717021169 -0.13038836697027945 0.6462053571428573
-0.006135923151542544 -0.21935925266764666 -0.06289321230331169 0.653475815639283 -0.04601942363656919 1.142815686974803 -0.13038836697027945 0.6441127232142856
-0.006135923151542544 -0.21935925266764666 -0.06289321230331169 0.653475815639283 -0.04601942363656919 1.142815686974803 -0.13038836697027945 0.6441127232142856
-0.006135923151542544 -0.20708740636456158 -0.06289321230331169 0.6519418348513977 -0.04755340442445499 1.133611802247489 -0.13038836697027945 0.6441127232142856
-0.006135923151542544 -0.1932815792735907 -0.06289321230331169 0.6519418348513977 -0.04755340442445499 1.125941898308061 -0.13038836697027945 0.6441127232142856
-0.006135923151542544 -0.18407769454627676 -0.06289321230331169 0.6519418348513977 -0.04755340442445499 1.1228739367322893 -0.13038836697027945 0.642020089285714
-0.006135923151542544 -0.18407769454627676 -0.06289321230331169 0.6519418348513977 -0.04755340442445499 1.1228739367322893 -0.13038836697027945 0.642020089285714
-0.006135923151542544 -0.17640779060684864 -0.06289321230331169 0.6519418348513977 -0.04755340442445499 1.1182719943686328 -0.13038836697027945 0.6399274553571436
-0.004601942363656963 -0.1702718674553063 -0.06289321230331169 0.6519418348513977 -0.04755340442445499 1.116738013580747 -0.13038836697027945 0.6148158482142861
-0.004601942363656963 -0.1702718674553063 -0.06289321230331169 0.6519418348513977 -0.04755340442445499 1.116738013580747 -0.13038836697027945 0.6148158482142861
-0.004601942363656963 -0.16566992509164935 -0.06289321230331169 0.6519418348513977 -0.04755340442445499 1.1182719943686328 -0.12885438618239364 0.5604073660714294
-0.004601942363656963 -0.15953400194010658 -0.06289321230331169 0.6519418348513977 -0.04755340442445499 1.1182719943686328 -0.12885438618239364 0.4829799107142856
-0.004601942363656963 -0.15033011721279266 -0.06289321230331169 0.653475815639283 -0.04755340442445499 1.1213399559444035 -0.12425244381873712 0.4013671874999997
-0.004601942363656963 -0.15033011721279266 -0.06289321230331169 0.653475815639283 -0.04755340442445499 1.1213399559444035 -0.12425244381873712 0.4013671874999997
-0.004601942363656963 -0.14419419406125034 -0.06289321230331169 0.6565437772150546 -0.04755340442445499 1.124407917520175 -0.12118448224296552 0.33231026785714257
-0.004601942363656963 -0.14112623248547917 -0.06135923151542588 0.65807775800294 -0.04755340442445499 1.125941898308061 -0.12118448224296552 0.28417968750000067
-0.004601942363656963 -0.14112623248547917 -0.06135923151542588 0.65807775800294 -0.04755340442445499 1.125941898308061 -0.12118448224296552 0.28417968750000067
-0.004601942363656963 -0.14112623248547917 -0.06135923151542588 0.6596117387908258 -0.04755340442445499 1.1290098598838316 -0.11965050145508016 0.2590680803571433
-0.004601942363656963 -0.14266021327336453 -0.06135923151542588 0.6596117387908258 -0.04755340442445499 1.1305438406717174 -0.11965050145508016 0.244419642857143
-0.004601942363656963 -0.14112623248547917 -0.06135923151542588 0.6611457195787112 -0.04755340442445499 1.1290098598838316 -0.11965050145508016 0.2423270089285713
-0.004601942363656963 -0.14112623248547917 -0.06135923151542588 0.6611457195787112 -0.04755340442445499 1.1290098598838316 -0.11965050145508016 0.2423270089285713
-0.004601942363656963 -0.13959225169759337 -0.06289321230331169 0.6611457195787112 -0.04755340442445499 1.1274758790959458 -0.11965050145508016 0.2423270089285713
-0.004601942363656963 -0.13805827090970757 -0.06135923151542588 0.662679700366597 -0.04755340442445499 1.1274758790959458 -0.11965050145508016 0.2423270089285713
-0.004601942363656963 -0.13959225169759337 -0.06135923151542588 0.662679700366597 -0.04755340442445499 1.1290098598838316 -0.11965050145508016 0.2423270089285713
-0.004601942363656963 -0.13959225169759337 -0.06135923151542588 0.662679700366597 -0.04755340442445499 1.1290098598838316 -0.11965050145508016 0.2423270089285713
-0.004601942363656963 -0.14112623248547917 -0.06289321230331169 0.6642136811544828 -0.04755340442445499 1.1290098598838316 -0.11965050145508016 0.2423270089285713
-0.006135923151542544 -0.14266021327336453 -0.06289321230331169 0.6642136811544828 -0.04755340442445499 1.1305438406717174 -0.11965050145508016 0.24023437499999967
-0.006135923151542544 -0.14266021327336453 -0.06289321230331169 0.6642136811544828 -0.04755340442445499 1.1305438406717174 -0.11965050145508016 0.24023437499999967
-0.006135923151542544 -0.1457281748491357 -0.06289321230331169 0.6657476619423681 -0.04755340442445499 1.1320778214596032 -0.11965050145508016 0.24023437499999967
-0.006135923151542544 -0.1487961364249073 -0.06289321230331169 0.6672816427302539 -0.04755340442445499 1.1351457830353748 -0.11965050145508016 0.24023437499999967
-0.006135923151542544 -0.15646604036433542 -0.06135923151542588 0.6688156235181397 -0.04755340442445499 1.1351457830353748 -0.11965050145508016 0.23814174107142924
-0.006135923151542544 -0.15646604036433542 -0.06135923151542588 0.6688156235181397 -0.04755340442445499 1.1351457830353748 -0.11965050145508016 0.23814174107142924
-0.006135923151542544 -0.1672039058795347 -0.06135923151542588 0.674951546669682 -0.04601942363656919 1.1366797638232597 -0.11965050145508016 0.23814174107142924
-0.006135923151542544 -0.1810097329705056 -0.06289321230331169 0.6810874698212248 -0.04601942363656919 1.1382137446111456 -0.11965050145508016 0.23814174107142924
-0.006135923151542544 -0.1810097329705056 -0.06289321230331169 0.6810874698212248 -0.04601942363656919 1.1382137446111456 -0.11965050145508016 0.23814174107142924
-0.006135923151542544 -0.19788352163724765 -0.06289321230331169 0.6856894121848818 -0.04601942363656919 1.1397477253990314 -0.12271846303085132 0.23814174107142924
-0.006135923151542544 -0.2162912910918755 -0.06289321230331169 0.6887573737606529 -0.04601942363656919 1.1412817061869172 -0.12425244381873712 0.23814174107142924
-0.006135923151542544 -0.2162912910918755 -0.06289321230331169 0.6887573737606529 -0.04601942363656919 1.1412817061869172 -0.12425244381873712 0.23814174107142924
-0.009203884727313927 -0.23316507975861755 -0.0644271930911966 0.6902913545485387 -0.04601942363656919 1.1458836485505737 -0.12578642460662248 0.2360491071428576
-0.012271846303085088 -0.24390294527381684 -0.0644271930911966 0.6964272777000811 -0.04755340442445499 1.1566215140657734 -0.13192234775816525 0.2360491071428576
-0.013805827090970668 -0.24543692606170264 -0.07056311624273981 0.7163690279425943 -0.04908738521234035 1.1704273411567439 -0.1349903093339364 0.22558593750000056
-0.013805827090970668 -0.24543692606170264 -0.07056311624273981 0.7163690279425943 -0.04908738521234035 1.1704273411567439 -0.1349903093339364 0.22558593750000056
-0.013805827090970668 -0.24390294527381684 -0.09203884727313838 0.743980682124536 -0.04755340442445499 1.2087768608538854 -0.1487961364249073 0.1962890624999999
-0.013805827090970668 -0.24083498369804568 -0.11504855909142275 0.7669903939428204 -0.04755340442445499 1.2394564766115979 -0.15493205957644962 0.16908482142857206
-0.013805827090970668 -0.24083498369804568 -0.11504855909142275 0.7669903939428204 -0.04755340442445499 1.2394564766115979 -0.15493205957644962 0.16908482142857206
-0.013805827090970668 -0.22242721424341783 -0.15033011721279266 0.8176117599430466 -0.04755340442445499 1.299281727339138 -0.16566992509164935 0.10839843750000029
-0.013805827090970668 -0.22242721424341783 -0.15033011721279266 0.8176117599430466 -0.04755340442445499 1.299281727339138 -0.16566992509164935 0.10839843750000029
-0.013805827090970668 -0.21322332951610434 -0.15953400194010658 0.8314175870340175 -0.04755340442445499 1.3115535736422235 -0.17487380981896328 0.09793526785714327
-0.013805827090970668 -0.2009514832130188 -0.1687378866674205 0.8436894333371026 -0.04601942363656919 1.3146215352179942 -0.18407769454627676 0.0958426339285716
-0.01533980787885647 -0.18867963690993372 -0.17794177139473444 0.8513593372765307 -0.04601942363656919 1.3146215352179942 -0.18561167533416256 0.09374999999999996
-0.01533980787885647 -0.1794757521826198 -0.19174759848570488 0.8620972027917304 -0.04601942363656919 1.3130875544301093 -0.18867963690993372 0.09374999999999996
-0.01533980787885647 -0.16413594430376355 -0.20862138715244694 0.8789709914584725 -0.04601942363656919 1.3146215352179942 -0.18867963690993372 0.09374999999999996
-0.01533980787885647 -0.16413594430376355 -0.20862138715244694 0.8789709914584725 -0.04601942363656919 1.3146215352179942 -0.18867963690993372 0.09374999999999996
-0.01533980787885647 -0.15646604036433542 -0.22089323345553247 0.8897088569736717 -0.04755340442445499 1.3146215352179942 -0.18867963690993372 0.09374999999999996
-0.01533980787885647 -0.14266021327336453 -0.23623304133438872 0.9019807032767568 -0.04755340442445499 1.3146215352179942 -0.19021361769781953 0.09374999999999996
-0.01533980787885647 -0.13038836697027945 -0.24850488763747425 0.9127185687919566 -0.04755340442445499 1.3146215352179942 -0.19021361769781953 0.09374999999999996
-0.01533980787885647 -0.13038836697027945 -0.24850488763747425 0.9127185687919566 -0.04755340442445499 1.3146215352179942 -0.19021361769781953 0.09374999999999996
-0.01533980787885647 -0.11811652066719436 -0.2607767339405589 0.9219224535192705 -0.04755340442445499 1.3130875544301093 -0.19021361769781953 0.09374999999999996
-0.01533980787885647 -0.10891263593988043 -0.2715145994557586 0.9295923574586986 -0.04755340442445499 1.3130875544301093 -0.19021361769781953 0.09165736607142831
-0.01533980787885647 -0.0997087512125665 -0.27611654181941514 0.9357282806102409 -0.04601942363656919 1.3115535736422235 -0.18867963690993372 0.09374999999999996
-0.01533980787885647 -0.0997087512125665 -0.27611654181941514 0.9357282806102409 -0.04601942363656919 1.3115535736422235 -0.18867963690993372 0.09374999999999996
-0.01533980787885647 -0.08897088569736722 -0.28378644575884326 0.9449321653375549 -0.04601942363656919 1.3115535736422235 -0.18867963690993372 0.09374999999999996
-0.01533980787885647 -0.07669903939428213 -0.28838838812250067 0.9541360500648688 -0.044485442848683394 1.3115535736422235 -0.18867963690993372 0.09165736607142831
-0.01533980787885647 -0.07669903939428213 -0.28838838812250067 0.9541360500648688 -0.044485442848683394 1.3115535736422235 -0.18867963690993372 0.09165736607142831
-0.01687378866674205 -0.06902913545485401 -0.2929903304861572 0.9587379924285258 -0.044485442848683394 1.3115535736422235 -0.18867963690993372 0.09165736607142831
-0.01533980787885647 -0.06135923151542544 -0.2975922728498146 0.9602719732164116 -0.044485442848683394 1.306951631278566 -0.18867963690993372 0.09165736607142831
-0.01533980787885647 -0.053689327575997314 -0.3021942152134711 0.9602719732164116 -0.044485442848683394 1.299281727339138 -0.19021361769781953 0.09165736607142831
-0.01687378866674205 -0.04141748127291223 -0.3067961575771285 0.9602719732164116 -0.044485442848683394 1.2977477465512521 -0.1948155600614765 0.09165736607142831
-0.01687378866674205 -0.04141748127291223 -0.3067961575771285 0.9602719732164116 -0.044485442848683394 1.2977477465512521 -0.1948155600614765 0.09165736607142831
-0.01687378866674205 -0.02914563496982714 -0.31293208072867085 0.9602719732164116 -0.04601942363656919 1.290077842611824 -0.1948155600614765 0.09165736607142831
-0.01687378866674205 -0.018407769454627854 -0.3236699462438706 0.9602719732164116 -0.04601942363656919 1.2747380347329678 -0.2009514832130188 0.09165736607142831
-0.01687378866674205 -0.006135923151542766 -0.3344078117590694 0.9602719732164116 -0.04601942363656919 1.254796284490454 -0.20862138715244738 0.09165736607142831
-0.01687378866674205 -0.006135923151542766 -0.3344078117590694 0.9602719732164116 -0.04601942363656919 1.254796284490454 -0.20862138715244738 0.09165736607142831
-0.01533980787885647 0.009203884727313927 -0.34361169648638334 0.9602719732164116 -0.04601942363656919 1.2333205534600555 -0.2162912910918755 0.09165736607142831
-0.01533980787885647 0.024543692606170175 -0.34667965806215495 0.9602719732164116 -0.04601942363656919 1.219514726369085 -0.22549517581918943 0.09165736607142831
-0.01533980787885647 0.024543692606170175 -0.34667965806215495 0.9602719732164116 -0.04601942363656919 1.219514726369085 -0.22549517581918943 0.09165736607142831
-0.01687378866674205 0.035281558121369905 -0.34667965806215495 0.9602719732164116 -0.04601942363656919 1.2103108416417712 -0.23316507975861755 0.09165736607142831
-0.01687378866674205 0.04601942363656919 -0.34667965806215495 0.9602719732164116 -0.04601942363656919 1.204174918490228 -0.23930100291015988 0.09165736607142831
-0.01840776945462763 0.05829126993965428 -0.34821363885004075 0.9602719732164116 -0.044485442848683394 1.1995729761265714 -0.24390294527381684 0.09165736607142831
-0.01840776945462763 0.05829126993965428 -0.34821363885004075 0.9602719732164116 -0.044485442848683394 1.1995729761265714 -0.24390294527381684 0.09165736607142831
-0.019941750242513434 0.06902913545485401 -0.34974761963792655 0.9618059540042969 -0.044485442848683394 1.1980389953386856 -0.2485048876374738 0.09165736607142831
-0.019941750242513434 0.0813009817579391 -0.3589515043652396 0.9618059540042969 -0.044485442848683394 1.1888351106113717 -0.25157284921324496 0.09165736607142831
-0.019941750242513434 0.09664078963679534 -0.3666214083046686 0.9618059540042969 -0.04295146206079803 1.176563264308287 -0.25310683000113077 0.09165736607142831
-0.019941750242513434 0.09664078963679534 -0.3666214083046686 0.9618059540042969 -0.04295146206079803 1.176563264308287 -0.25310683000113077 0.09165736607142831
-0.019941750242513434 0.11811652066719436 -0.3666214083046686 0.9618059540042969 -0.03988350048502687 1.1642914180052015 -0.25310683000113077 0.09165736607142831
-0.01840776945462763 0.1365242901218222 -0.3666214083046686 0.9618059540042969 -0.035281558121369905 1.1535535524900018 -0.25924275315267353 0.09165736607142831
-0.01840776945462763 0.15493205957644962 -0.3666214083046686 0.9618059540042969 -0.0337475773334841 1.1458836485505737 -0.25924275315267353 0.09165736607142831
-0.01840776945462763 0.17487380981896328 -0.3666214083046686 0.9618059540042969 -0.0322135965455983 1.1382137446111456 -0.25924275315267353 0.09165736607142831
-0.01840776945462763 0.17487380981896328 -0.3666214083046686 0.9618059540042969 -0.0322135965455983 1.1382137446111456 -0.25924275315267353 0.09165736607142831
-0.01840776945462763 0.1948155600614765 -0.3666214083046686 0.9618059540042969 -0.0322135965455983 1.1305438406717174 -0.25924275315267353 0.09165736607142831
-0.01840776945462763 0.21015536794033274 -0.3666214083046686 0.9618059540042969 -0.0322135965455983 1.1213399559444035 -0.25924275315267353 0.09165736607142831
-0.01840776945462763 0.21015536794033274 -0.3666214083046686 0.9618059540042969 -0.0322135965455983 1.1213399559444035 -0.25924275315267353 0.09165736607142831
-0.01840776945462763 0.2270291566070748 -0.3666214083046686 0.9618059540042969 -0.0322135965455983 1.1136700520049754 -0.2638446955163305 0.09165736607142831
-0.01840776945462763 0.24236896448593148 -0.3666214083046686 0.9618059540042969 -0.0322135965455983 1.1106020904292038 -0.2638446955163305 0.09165736607142831
-0.01840776945462763 0.25924275315267353 -0.3666214083046686 0.9618059540042969 -0.0322135965455983 1.1090681096413189 -0.2638446955163305 0.09165736607142831
-0.01840776945462763 0.25924275315267353 -0.3666214083046686 0.9618059540042969 -0.0322135965455983 1.1090681096413189 -0.2638446955163305 0.09165736607142831
-0.01840776945462763 0.2745825610315298 -0.3666214083046686 0.9618059540042969 -0.03067961575771294 1.1090681096413189 -0.2638446955163305 0.09165736607142831
-0.01840776945462763 0.28992236891038603 -0.3666214083046686 0.9618059540042969 -0.0322135965455983 1.107534128853433 -0.26537867630421585 0.09165736607142831
-0.01840776945462763 0.28992236891038603 -0.3666214083046686 0.9618059540042969 -0.0322135965455983 1.107534128853433 -0.26537867630421585 0.09165736607142831
-0.01840776945462763 0.2975922728498146 -0.3666214083046686 0.9618059540042969 -0.0322135965455983 1.099864224914005 -0.26537867630421585 0.09165736607142831
-0.01840776945462763 0.30066023442558576 -0.3666214083046686 0.9618059540042969 -0.03067961575771294 1.0891263593988052 -0.26537867630421585 0.09165736607142831
-0.01840776945462763 0.3021942152134711 -0.3666214083046686 0.9618059540042969 -0.0322135965455983 1.0829904362472629 -0.26537867630421585 0.09165736607142831
-0.01840776945462763 0.3021942152134711 -0.3666214083046686 0.9618059540042969 -0.0322135965455983 1.0829904362472629 -0.26537867630421585 0.09165736607142831
-0.01840776945462763 0.3052621767892427 -0.3666214083046686 0.9618059540042969 -0.0322135965455983 1.0829904362472629 -0.26537867630421585 0.09165736607142831
-0.01840776945462763 0.31293208072867085 -0.3666214083046686 0.9618059540042969 -0.0322135965455983 1.0829904362472629 -0.26537867630421585 0.09165736607142831
-0.01840776945462763 0.31293208072867085 -0.3666214083046686 0.9618059540042969 -0.0322135965455983 1.0829904362472629 -0.26537867630421585 0.09165736607142831
-0.01840776945462763 0.3175340230923278 -0.3666214083046686 0.9618059540042969 -0.03067961575771294 1.0829904362472629 -0.26537867630421585 0.09165736607142831
-0.019941750242513434 0.32366994624387013 -0.3666214083046686 0.9618059540042969 -0.0322135965455983 1.081456455459377 -0.26537867630421585 0.09165736607142831
-0.019941750242513434 0.32366994624387013 -0.3666214083046686 0.9618059540042969 -0.0322135965455983 1.081456455459377 -0.26537867630421585 0.09165736607142831
-0.019941750242513434 0.32520392703175593 -0.3666214083046686 0.9633399347921827 -0.0322135965455983 1.0829904362472629 -0.26691265709210166 0.09374999999999996
-0.019941750242513434 0.3298058693954129 -0.3666214083046686 0.9633399347921827 -0.0322135965455983 1.0829904362472629 -0.26691265709210166 0.09374999999999996
-0.019941750242513434 0.3313398501832987 -0.3666214083046686 0.9633399347921827 -0.0322135965455983 1.0829904362472629 -0.2699806186678728 0.09793526785714327
-0.019941750242513434 0.3313398501832987 -0.3666214083046686 0.9633399347921827 -0.0322135965455983 1.0829904362472629 -0.2699806186678728 0.09793526785714327
-0.01840776945462763 0.3359417925469552 -0.3666214083046686 0.9633399347921827 -0.0322135965455983 1.0829904362472629 -0.2699806186678728 0.104213169642857
-0.01840776945462763 0.3436116964863838 -0.3666214083046686 0.9664078963679539 -0.0322135965455983 1.0829904362472629 -0.268446637879987 0.11258370535714239
-0.01840776945462763 0.3436116964863838 -0.3666214083046686 0.9664078963679539 -0.0322135965455983 1.0829904362472629 -0.268446637879987 0.11258370535714239
-0.01840776945462763 0.35281558121369727 -0.3666214083046686 0.974077800307382 -0.03067961575771294 1.0845244170351487 -0.2699806186678728 0.14188058035714304
-0.01840776945462763 0.35741752357735423 -0.3666214083046686 0.9802137234589248 -0.03067961575771294 1.0845244170351487 -0.2699806186678728 0.21930803571428562
-0.01840776945462763 0.35741752357735423 -0.3666214083046686 0.9802137234589248 -0.03067961575771294 1.0845244170351487 -0.2699806186678728 0.21930803571428562
-0.01840776945462763 0.35741752357735423 -0.3666214083046686 0.9802137234589248 -0.03067961575771294 1.0829904362472629 -0.2699806186678728 0.3113839285714285
-0.019941750242513434 0.35741752357735423 -0.3666214083046686 0.9817477042468106 -0.03067961575771294 1.081456455459377 -0.2699806186678728 0.4097377232142863
-0.019941750242513434 0.35741752357735423 -0.3666214083046686 0.9817477042468106 -0.03067961575771294 1.081456455459377 -0.2699806186678728 0.4097377232142863
-0.019941750242513434 0.35741752357735423 -0.3666214083046686 0.9817477042468106 -0.03067961575771294 1.081456455459377 -0.2699806186678728 0.4683314732142865
-0.019941750242513434 0.35895150436524004 -0.3666214083046686 0.9832816850346959 -0.03067961575771294 1.081456455459377 -0.2699806186678728 0.47879464285714346
-0.01840776945462763 0.35741752357735423 -0.3666214083046686 0.9817477042468106 -0.03067961575771294 1.081456455459377 -0.2699806186678728 0.4808872767857139
-0.01840776945462763 0.35741752357735423 -0.3666214083046686 0.9817477042468106 -0.03067961575771294 1.081456455459377 -0.2699806186678728 0.4808872767857139
-0.01840776945462763 0.35741752357735423 -0.3666214083046686 0.9817477042468106 -0.03067961575771294 1.0829904362472629 -0.2699806186678728 0.4850725446428572
-0.01840776945462763 0.3558835427894689 -0.3666214083046686 0.9817477042468106 -0.03067961575771294 1.0845244170351487 -0.2699806186678728 0.4871651785714289
-0.01840776945462763 0.3558835427894689 -0.3666214083046686 0.9817477042468106 -0.03067961575771294 1.0845244170351487 -0.2699806186678728 0.4871651785714289
-0.01840776945462763 0.342077715698498 -0.3666214083046686 0.9817477042468106 -0.0322135965455983 1.0860583978230336 -0.2699806186678728 0.4871651785714289
-0.01840776945462763 0.342077715698498 -0.3666214083046686 0.9817477042468106 -0.0322135965455983 1.0860583978230336 -0.2699806186678728 0.4871651785714289
-0.01687378866674205 0.3221359654559848 -0.36508742751678286 0.9817477042468106 -0.0337475773334841 1.0921943209745768 -0.2699806186678728 0.4871651785714289
-0.01533980787885647 0.29299033048615764 -0.363553446728897 0.974077800307382 -0.0337475773334841 1.099864224914005 -0.2699806186678728 0.4892578125000005
-0.010737865515199507 0.2638446955163305 -0.3604854851531254 0.9664078963679539 -0.0337475773334841 1.107534128853433 -0.268446637879987 0.4892578125000005
-0.010737865515199507 0.2638446955163305 -0.3604854851531254 0.9664078963679539 -0.0337475773334841 1.107534128853433 -0.268446637879987 0.4892578125000005
-0.007669903939428124 0.2285631373949606 -0.3589515043652396 0.9618059540042969 -0.0337475773334841 1.1274758790959458 -0.268446637879987 0.4892578125000005
-0.006135923151542544 0.19174759848570533 -0.3574175235773547 0.9618059540042969 -0.0337475773334841 1.1627574372173157 -0.2699806186678728 0.4892578125000005
-0.006135923151542544 0.19174759848570533 -0.3574175235773547 0.9618059540042969 -0.0337475773334841 1.1627574372173157 -0.2699806186678728 0.4892578125000005
-0.006135923151542544 0.1487961364249073 -0.3574175235773547 0.9633399347921827 -0.0322135965455983 1.2057088992781138 -0.2699806186678728 0.4892578125000005
-0.006135923151542544 0.1135145783035374 -0.3574175235773547 0.9633399347921827 -0.024543692606170175 1.2271846303085132 -0.2699806186678728 0.4892578125000005
-0.006135923151542544 0.0813009817579391 -0.3574175235773547 0.9633399347921827 -0.018407769454627854 1.2394564766115979 -0.2699806186678728 0.4892578125000005
-0.004601942363656963 0.05062136600022615 -0.3574175235773547 0.9618059540042969 -0.01687378866674205 1.2486603613389118 -0.2699806186678728 0.4892578125000005
-0.004601942363656963 0.05062136600022615 -0.3574175235773547 0.9618059540042969 -0.01687378866674205 1.2486603613389118 -0.2699806186678728 0.4892578125000005
-0.004601942363656963 0.024543692606170175 -0.3574175235773547 0.9618059540042969 -0.01687378866674205 1.264000169217768 -0.2715145994557586 0.4892578125000005
-0.004601942363656963 0.0 -0.3574175235773547 0.9633399347921827 -0.01687378866674205 1.28087395788451 -0.2715145994557586 0.4892578125000005
-0.004601942363656963 -0.023009711818284817 -0.3574175235773547 0.9633399347921827 -0.01687378866674205 1.2931458041875956 -0.2715145994557586 0.4892578125000005
-0.004601942363656963 -0.023009711818284817 -0.3574175235773547 0.9633399347921827 -0.01687378866674205 1.2931458041875956 -0.2715145994557586 0.4892578125000005
-0.006135923151542544 -0.052155346788111956 -0.3574175235773547 0.9633399347921827 -0.01687378866674205 1.3054176504906803 -0.2715145994557586 0.4892578125000005
-0.004601942363656963 -0.07516505860639633 -0.3574175235773547 0.9633399347921827 -0.01687378866674205 1.3146215352179942 -0.273048580243644 0.4892578125000005
-0.004601942363656963 -0.07516505860639633 -0.3574175235773547 0.9633399347921827 -0.01687378866674205 1.3146215352179942 -0.273048580243644 0.4892578125000005
-0.004601942363656963 -0.09817477042468115 -0.3574175235773547 0.9633399347921827 -0.01687378866674205 1.3207574583695374 -0.2745825610315298 0.4892578125000005
-0.004601942363656963 -0.12425244381873712 -0.3574175235773547 0.9633399347921827 -0.01687378866674205 1.3299613430968513 -0.2745825610315298 0.4892578125000005
-0.003067961575771383 -0.14419419406125034 -0.3574175235773547 0.9633399347921827 -0.01687378866674205 1.3376312470362794 -0.2761165418194156 0.4892578125000005
-0.003067961575771383 -0.14419419406125034 -0.3574175235773547 0.9633399347921827 -0.01687378866674205 1.3376312470362794 -0.2761165418194156 0.4892578125000005
-0.003067961575771383 -0.1610679827279924 -0.3574175235773547 0.9648739155800681 -0.01687378866674205 1.3468351317635934 -0.2761165418194156 0.4892578125000005
-0.0015339807878855805 -0.1702718674553063 -0.3574175235773547 0.9648739155800681 -0.01687378866674205 1.3545050357030215 -0.2761165418194156 0.4892578125000005
-0.0015339807878855805 -0.1702718674553063 -0.3574175235773547 0.9648739155800681 -0.01687378866674205 1.3545050357030215 -0.2761165418194156 0.4892578125000005
-0.0015339807878855805 -0.17640779060684864 -0.3574175235773547 0.9648739155800681 -0.01687378866674205 1.3560390164909064 -0.27765052260730094 0.4892578125000005
0.0 -0.17794177139473444 -0.3574175235773547 0.9633399347921827 -0.01687378866674205 1.3560390164909064 -0.27765052260730094 0.4892578125000005
0.0 -0.17640779060684864 -0.3574175235773547 0.9618059540042969 -0.01687378866674205 1.3560390164909064 -0.27918450339518674 0.4892578125000005
0.0 -0.17640779060684864 -0.3574175235773547 0.9618059540042969 -0.01687378866674205 1.3560390164909064 -0.27918450339518674 0.4892578125000005
0.0015339807878855805 -0.17333982903107747 -0.3543495620015831 0.95720401164064 -0.01687378866674205 1.3560390164909064 -0.2822524649709579 0.4892578125000005
0.004601942363656963 -0.17333982903107747 -0.34821363885004075 0.9433981845496695 -0.015339807878856249 1.3560390164909064 -0.28838838812250067 0.4892578125000005
0.009203884727313927 -0.17640779060684864 -0.3390097541227268 0.9249904150950417 -0.010737865515199285 1.3545050357030215 -0.2975922728498146 0.4892578125000005
0.009203884727313927 -0.17640779060684864 -0.3390097541227268 0.9249904150950417 -0.010737865515199285 1.3545050357030215 -0.2975922728498146 0.4892578125000005
0.013805827090970668 -0.1810097329705056 -0.3252039270317555 0.9081166264282996 -0.0015339807878858025 1.3545050357030215 -0.3052621767892427 0.4892578125000005
0.012271846303085088 -0.18867963690993372 -0.3021942152134711 0.8912428377615575 0.01380582709097089 1.3545050357030215 -0.32366994624387013 0.4892578125000005
0.012271846303085088 -0.18867963690993372 -0.3021942152134711 0.8912428377615575 0.01380582709097089 1.3545050357030215 -0.32366994624387013 0.4892578125000005
0.007669903939428124 -0.19941750242513345 -0.2699806186678728 0.8713010875190443 0.0322135965455983 1.3545050357030215 -0.3359417925469552 0.4892578125000005
0.004601942363656963 -0.20708740636456158 -0.25157284921324496 0.8605632220038446 0.038349519697141066 1.3545050357030215 -0.337475773334841 0.4892578125000005
0.004601942363656963 -0.22089323345553247 -0.2285631373949606 0.8467573949128737 0.03988350048502687 1.3545050357030215 -0.337475773334841 0.4892578125000005
0.004601942363656963 -0.22089323345553247 -0.2285631373949606 0.8467573949128737 0.03988350048502687 1.3545050357030215 -0.337475773334841 0.4892578125000005
0.004601942363656963 -0.2270291566070748 -0.21475731030399015 0.8390874909734456 0.04141748127291223 1.3545050357030215 -0.3359417925469552 0.4892578125000005
0.004601942363656963 -0.2285631373949606 -0.2009514832130188 0.8360195293976744 0.04141748127291223 1.3545050357030215 -0.33287383097118406 0.4871651785714289
0.004601942363656963 -0.2285631373949606 -0.2009514832130188 0.8360195293976744 0.04141748127291223 1.3545050357030215 -0.33287383097118406 0.4871651785714289
0.004601942363656963 -0.23163109897073175 -0.1963495408493623 0.8360195293976744 0.04141748127291223 1.3545050357030215 -0.3313398501832987 0.4871651785714289
0.004601942363656963 -0.2346990605465029 -0.19174759848570488 0.8360195293976744 0.04141748127291223 1.3545050357030215 -0.3298058693954129 0.4871651785714289
0.006135923151542544 -0.23623304133438872 -0.19021361769781908 0.8360195293976744 0.04141748127291223 1.3529710549151357 -0.3282718886075271 0.4871651785714289
0.006135923151542544 -0.23776702212227452 -0.18867963690993417 0.8360195293976744 0.04141748127291223 1.3529710549151357 -0.32673790781964174 0.4871651785714289
0.006135923151542544 -0.23776702212227452 -0.18867963690993417 0.8360195293976744 0.04141748127291223 1.3529710549151357 -0.32673790781964174 0.4871651785714289
0.007669903939428124 -0.24083498369804568 -0.18867963690993417 0.8360195293976744 0.04141748127291223 1.3545050357030215 -0.32673790781964174 0.4871651785714289
0.009203884727313927 -0.24543692606170264 -0.18867963690993417 0.8360195293976744 0.04141748127291223 1.3545050357030215 -0.32673790781964174 0.4871651785714289
0.009203884727313927 -0.24543692606170264 -0.18867963690993417 0.8360195293976744 0.04141748127291223 1.3545050357030215 -0.32673790781964174 0.4871651785714289
0.010737865515199507 -0.2485048876374738 -0.18714565612204836 0.8360195293976744 0.04141748127291223 1.3545050357030215 -0.32673790781964174 0.4871651785714289
0.010737865515199507 -0.2485048876374738 -0.18714565612204836 0.8360195293976744 0.04141748127291223 1.3545050357030215 -0.32673790781964174 0.4871651785714289
0.009203884727313927 -0.2485048876374738 -0.18561167533416256 0.8360195293976744 0.04141748127291223 1.3529710549151357 -0.32673790781964174 0.4871651785714289
