0.5 0.5 0.5 0.9999990139422309 0.4999999991502398 0.5000000009501804 0.5000000013934763 0.9999990131726744 0.5000000008857304 0.0
0.5 0.5 0.5 0.9999990139422309 0.4999999991502398 0.5000000009501804 0.5000000013934763 0.9999990131726744 0.5000000008857304 0.0
0.4999942359729729 0.5005486134006916 0.49999965555990594 0.9999989667862275 0.4997829964091827 0.5000080690570282 0.5002170157717023 0.9999984249615583 0.4992643964311434 0.0
0.4944920104864505 0.4983666293196449 0.49870982182651274 0.999995687848048 0.49903548657135677 0.4984521675432568 0.500962038234255 0.9999974463175643 0.4991991682879263 0.0
0.4944920104864505 0.4983666293196449 0.49870982182651274 0.999995687848048 0.49903548657135677 0.4984521675432568 0.500962038234255 0.9999974463175643 0.4991991682879263 0.0
0.4896969688944168 0.4979978805340597 0.5021389909979165 0.999992627477585 0.4989912307276105 0.4976829361010851 0.5010052227027394 0.9999974136311269 0.4992324957667674 0.0
0.4869162531663716 0.49792267369603693 0.5015580089020893 0.9999884967622388 0.4989985028904544 0.4969155172926369 0.5009968333576328 0.9999974434442949 0.4992410232592352 0.0
0.4869162531663716 0.49792267369603693 0.5015580089020893 0.9999884967622388 0.4989985028904544 0.4969155172926369 0.5009968333576328 0.9999974434442949 0.4992410232592352 0.0
0.4869211817979176 0.4973752159060991 0.5015584759620751 0.9999888362385287 0.49921663317497456 0.49690744474634774 0.5007832439743041 0.9999983992002857 0.4999776277023104 0.0
0.4869211817979176 0.4973752159060991 0.5015584759620751 0.9999888362385287 0.49921663317497456 0.49690744474634774 0.5007832439743041 0.9999983992002857 0.4999776277023104 0.0
0.48527449521948013 0.49774202591428907 0.5054154546970999 0.9999955320802283 0.4989635577861963 0.4984483475398176 0.5010341760519752 0.9999974083160815 0.49926833717098723 0.0
0.48602107303613834 0.49720016999902317 0.504830086193521 0.9999929290775502 0.49918056785846654 0.497673342303832 0.5008194246785693 0.9999983417018292 0.4999963727735904 0.0
0.48720172790200006 0.49585378488756393 0.5040033580783504 0.999993358870688 0.4982155019277589 0.4984281892884108 0.5017819016604672 0.9999951521806516 0.4991718718702859 0.0
0.48720172790200006 0.49585378488756393 0.5040033580783504 0.999993358870688 0.4982155019277589 0.4984281892884108 0.5017819016604672 0.9999951521806516 0.4991718718702859 0.0
0.4900031365187617 0.4951520447063902 0.5097834368828452 0.9999958314931487 0.498367853537974 0.5007200884948847 0.5016322592571519 0.9999963429967316 0.4999232211011812 0.0
0.49277376707871845 0.4949984963541616 0.5155760668876799 0.9999870136882489 0.4983031692119187 0.50302007120308 0.5016972332453307 0.9999961287878507 0.49993858385217843 0.0
0.49452336172886696 0.49293010128043835 0.5168666705896244 0.999983868196622 0.4975197786623359 0.5029989942225543 0.5024811491625808 0.9999928353630096 0.4998528240804528 0.0
0.49452336172886696 0.49293010128043835 0.5168666705896244 0.999983868196622 0.4975197786623359 0.5029989942225543 0.5024811491625808 0.9999928353630096 0.4998528240804528 0.0
0.49452336172886696 0.49293010128043835 0.5168666705896244 0.999983868196622 0.4975197786623359 0.5029989942225543 0.5024811491625808 0.9999928353630096 0.4998528240804528 0.0
0.49559757527144976 0.4888301803611901 0.5186732585191991 0.999968942529477 0.4959751929220328 0.50372442522109 0.5040272087866493 0.9999826999335748 0.4996925357232064 0.0
0.4984728448389596 0.4846117970281223 0.5243616864163386 0.9999317264722096 0.49438940877332815 0.5059836439759312 0.5056164633390507 0.9999672583704677 0.4995427513545903 0.0
0.5002771186130596 0.48449809098866936 0.5282463084192682 0.9999105535780988 0.49434766901945915 0.5075168741001397 0.505659681352369 0.9999667807037826 0.49955348124069654 0.0
0.5037985706455835 0.4845458108237195 0.5283150064771542 0.999910463490951 0.49434035067051185 0.5075173587262407 0.5056672555613206 0.9999666794897584 0.49953654161392846 0.0
0.5075360880146045 0.4824970534351165 0.5308559037061558 0.9998653706291782 0.49278549933092364 0.5090319429692451 0.5072253530242818 0.9999465175513842 0.4994642362573761 0.0
0.5075360880146045 0.4824970534351165 0.5308559037061558 0.9998653706291782 0.49278549933092364 0.5090319429692451 0.5072253530242818 0.9999465175513842 0.4994642362573761 0.0
0.5112029305063338 0.48248255218948 0.533480555982622 0.9998231941426611 0.4919915258782192 0.510566581543621 0.5080212595405837 0.9999343973850013 0.4994795305103321 0.0
0.5112029305063338 0.48248255218948 0.533480555982622 0.9998231941426611 0.4919915258782192 0.510566581543621 0.5080212595405837 0.9999343973850013 0.4994795305103321 0.0
0.5173947234043517 0.4823479099397405 0.53949679828527 0.999755155965592 0.49115513976627656 0.5128672502806365 0.5088605019420616 0.9999202542904493 0.4995059976321097 0.0
0.5254000927988044 0.48182266927462813 0.5517794822326011 0.9997104618883746 0.4909907358839103 0.5143979495646913 0.5090266382758892 0.9999173018878951 0.4995264415206714 0.0
0.5254000927988044 0.48182266927462813 0.5517794822326011 0.9997104618883746 0.4909907358839103 0.5143979495646913 0.5090266382758892 0.9999173018878951 0.4995264415206714 0.0
0.5307242287505762 0.481471917323248 0.5581649147626061 0.9997301549394026 0.49088838426207476 0.5136295362508273 0.509128086035612 0.9999154536906736 0.49952001068200247 0.0
0.5380783330137535 0.4811084310768994 0.5684584399669641 0.999659848482833 0.4907611015581639 0.5159277113339469 0.5092581620685126 0.9999130828482519 0.4995425990366253 0.0
0.5380783330137535 0.4811084310768994 0.5684584399669641 0.999659848482833 0.4907611015581639 0.5159277113339469 0.5092581620685126 0.9999130828482519 0.4995425990366253 0.0
0.5421683233535208 0.48086838923162856 0.575920098645777 0.9995648156769048 0.48991059885505633 0.51822668872857 0.5101107680663193 0.9998966133009722 0.49959805001004354 0.0
0.5421683233535208 0.48086838923162856 0.575920098645777 0.9995648156769048 0.48991059885505633 0.51822668872857 0.5101107680663193 0.9998966133009722 0.49959805001004354 0.0
0.5454472103779412 0.48063128648689624 0.5839615636459952 0.9994257103282826 0.4890614001503552 0.5212913107138522 0.5109623694011703 0.9998787194351602 0.499675194568595 0.0
0.5495156036771488 0.47882347593822994 0.5914100955475868 0.9992788416874956 0.48721673929095893 0.5235847258954099 0.5128472035933765 0.9998328250248849 0.4989466373128374 0.0
0.5495156036771488 0.47882347593822994 0.5914100955475868 0.9992788416874956 0.48721673929095893 0.5235847258954099 0.5128472035933765 0.9998328250248849 0.4989466373128374 0.0
0.5607873752317777 0.4778563343751181 0.6086513225113322 0.9993419559826833 0.4869410931886796 0.5220474237834448 0.5131178735686324 0.9998258040277669 0.4989510925456802 0.0
0.5692320167594692 0.47740515148461626 0.6207594982876854 0.999231264502515 0.48678842488544416 0.524343614346283 0.5132763392544086 0.9998217047344795 0.49899229046564353 0.0
0.575230481281516 0.4769724838268059 0.6345939126742813 0.99898227862013 0.4866435608775533 0.5289361953150918 0.5134320936253457 0.9998177143159372 0.49908103124299974 0.0
0.575230481281516 0.4769724838268059 0.6345939126742813 0.99898227862013 0.4866435608775533 0.5289361953150918 0.5134320936253457 0.9998177143159372 0.49908103124299974 0.0
0.5809175867569573 0.4768155366612543 0.6411866354841614 0.998841939252362 0.48657346063153095 0.5312323493957202 0.5135084393993674 0.9998157101205791 0.4991105234085162 0.0
0.5845764179885637 0.476564036977974 0.6489329672426345 0.9986907162920673 0.48648979109311247 0.5335269355407137 0.5135973719009643 0.9998133773545067 0.4991559134523775 0.0
0.5845764179885637 0.476564036977974 0.6489329672426345 0.9986907162920673 0.48648979109311247 0.5335269355407137 0.5135973719009643 0.9998133773545067 0.4991559134523775 0.0
0.5845764179885637 0.476564036977974 0.6489329672426345 0.9986907162920673 0.48648979109311247 0.5335269355407137 0.5135973719009643 0.9998133773545067 0.4991559134523775 0.0
0.5912214067297115 0.4758984203524004 0.6671388431566877 0.9983338916467746 0.4855195831523502 0.5381137897877951 0.5145744129010319 0.9997860952551315 0.4993227502888253 0.0
0.5912214067297115 0.4758984203524004 0.6671388431566877 0.9983338916467746 0.4855195831523502 0.5381137897877951 0.5145744129010319 0.9997860952551315 0.4993227502888253 0.0
0.599621537037559 0.47321991202353875 0.6764719003061737 0.998422786411602 0.48460944980514625 0.5365632081350215 0.5154886547699205 0.9997584556237218 0.4992248898672123 0.0
0.599621537037559 0.47321991202353875 0.6764719003061737 0.998422786411602 0.48460944980514625 0.5365632081350215 0.5154886547699205 0.9997584556237218 0.4992248898672123 0.0
0.6056019712843076 0.47042515444159005 0.6921225316638411 0.9982844279200895 0.48383399244648756 0.5380828058670872 0.516302476580563 0.9997317988537963 0.4988288208240193 0.0
0.6109219213103929 0.4670066702014265 0.7062486748499642 0.9978926361329754 0.48309227583376385 0.5426152780389888 0.5170043176520159 0.9997096212097483 0.49959234832663674 0.0
0.6225194937538502 0.4690753191943471 0.7164673448870135 0.9975704886774437 0.48373085495318874 0.5464536012487967 0.5163628314246842 0.999731155840621 0.4997532165959589 0.0
0.6225194937538502 0.4690753191943471 0.7164673448870135 0.9975704886774437 0.48373085495318874 0.5464536012487967 0.5163628314246842 0.999731155840621 0.4997532165959589 0.0
0.6391357032038106 0.4685248842503918 0.7352771366500471 0.9972421729559727 0.48272240233269154 0.5495048070309337 0.5173712925511543 0.9996971634135303 0.499915716160096 0.0
0.6415508167185449 0.4686064017114251 0.7360891877294486 0.9971653135489141 0.4827148601517172 0.5502682304841463 0.5173798384301647 0.9996968614474577 0.4999339098666515 0.0
0.6487329880248557 0.4638174867434509 0.7489632738213742 0.9968774742152466 0.4812242093820687 0.5525287055335181 0.5189335226310069 0.9996401541909412 0.4994954862439396 0.0
0.6553803799062559 0.4621893385417143 0.7626374714638664 0.9963051693781815 0.47960382198944795 0.5571330940350296 0.5206979685277916 0.9995683125738655 0.49854332379318045 0.0
0.6592848043810918 0.46225581576686614 0.7751624161494481 0.9957996782944795 0.478419599922939 0.560958839456938 0.5219759887957375 0.9995122227058453 0.49809684061012754 0.0
0.6618105480341671 0.46158995437017913 0.7707642237535955 0.9959960598061292 0.47858650817494874 0.5594003069142764 0.521717131128527 0.9995255803298353 0.49873695910737037 0.0
0.6684715571700581 0.46151592881382275 0.7817883300005982 0.9957978305930084 0.47630455488045725 0.5601834772872764 0.5239875521277265 0.9994223218942208 0.49902061512489254 0.0
0.6723051291043108 0.4621310587545642 0.7965138691284552 0.9956105642358148 0.4762251918715946 0.5616760881784282 0.5239548177362006 0.9994248605672278 0.5000238199816546 0.0
0.6723051291043108 0.4621310587545642 0.7965138691284552 0.9956105642358148 0.4762251918715946 0.5616760881784282 0.5239548177362006 0.9994248605672278 0.5000238199816546 0.0
0.6797311753848759 0.4630126044005757 0.8123274798391139 0.9949063916452104 0.47411187682440237 0.566305982627151 0.526254349631157 0.9993082115578403 0.49898512951658297 0.0
0.6835134444349803 0.46276353562655703 0.8175011120551356 0.9948195760786661 0.4725101948396492 0.5663091663121764 0.5278450812214736 0.9992223797793307 0.499174089080561 0.0
0.6817905771082158 0.4650537119534943 0.8162227909294734 0.9948592374764309 0.4732735050208339 0.566325290468431 0.5270629040389632 0.9992655444940286 0.4992655946146085 0.0
0.6817905771082158 0.4650537119534943 0.8162227909294734 0.9948592374764309 0.4732735050208339 0.566325290468431 0.5270629040389632 0.9992655444940286 0.4992655946146085 0.0
0.6867968085568107 0.4647396470216548 0.8231515582570444 0.9946778780614107 0.47010601810003316 0.5663261743574548 0.5302005276758427 0.9990860271367481 0.4997005102542453 0.0
0.6907375228375658 0.46835285736106635 0.8327825437233303 0.9946867429607582 0.47024199027509933 0.5663212174665369 0.5299205704424507 0.9991023953978961 0.5007687377032575 0.0
0.6952210103494868 0.47322733062190964 0.8356241692205464 0.9946995691559815 0.47060040339456743 0.5663853104564186 0.5296105115372637 0.9991213304287245 0.5003864898374799 0.0
0.6943880166111525 0.4733478545970816 0.8311674859314846 0.9949033600093541 0.4706446462089217 0.5648685129977019 0.5295682560865321 0.9991238963461535 0.5002856209124226 0.0
0.696691350423101 0.472893754178995 0.8455213383280064 0.9942315523312136 0.4697440992678979 0.5694173972245247 0.5304579452679561 0.9990700360600431 0.500670370958649 0.0
0.7000362782366062 0.47497485539203865 0.8562271514344714 0.9941127020095826 0.4695710047064281 0.570183574549183 0.5305829082779289 0.9990616993615757 0.501062111664207 0.0
0.7045811560026477 0.4744108318028296 0.8703372386888995 0.9936342065841143 0.4655619036276427 0.5716819878081721 0.5345426014682553 0.9988012866238387 0.5017627469796363 0.0
0.7070007982579253 0.4742449673841427 0.8815271876055281 0.9932383570377878 0.46312479851648464 0.5731788144214951 0.5369294915131899 0.9986278440504086 0.5023498346733491 0.0
0.7108100074371799 0.473686041996222 0.901409914288808 0.9921133662609671 0.4606346027335851 0.5792072900344836 0.5393564627331219 0.9984374328018937 0.5031984873279447 0.0
0.7063525310372337 0.47407797097322524 0.8945811650475978 0.9925380105137622 0.4614625301939949 0.5769426805611577 0.5385335661662309 0.9985028684634347 0.5030125364151964 0.0
0.7042228250504793 0.47211637985788435 0.8942578347521658 0.9920091719274146 0.4593615786702077 0.5792117281534765 0.5406650321047582 0.9983331060297083 0.5030791148177695 0.0
0.7101210250207275 0.4739282752483352 0.9086937928903511 0.9913658239763516 0.45906251643047447 0.5829623571554219 0.5408596357225275 0.9983115298683773 0.5038884068108394 0.0
0.7039959031108498 0.47422280255254173 0.9027783997824412 0.9912459524562234 0.45916045486944124 0.583717051255482 0.5407526974859129 0.9983197189424973 0.5039603916795334 0.0
0.7035991044263921 0.47184409694552937 0.9028408167995774 0.9916941149445045 0.4585012947713039 0.5807078757109927 0.5414910789042475 0.9982627685930441 0.5034239499291688 0.0
0.7090488318707139 0.47108584043598256 0.9236371512911709 0.99110541976606 0.45748294042604054 0.5837064621887704 0.5424645740287951 0.9981772477757611 0.5038999194194497 0.0
0.7135994628898109 0.47114635792886284 0.9340972124804098 0.9907707207477094 0.4581257529362454 0.5859630440504972 0.5417900910377084 0.9982325605184061 0.5041152329617999 0.0
0.7135994628898109 0.47114635792886284 0.9340972124804098 0.9907707207477094 0.4581257529362454 0.5859630440504972 0.5417900910377084 0.9982325605184061 0.5041152329617999 0.0
0.7209564317045083 0.4715777954664167 0.9393128610075441 0.9904300502954008 0.4588449530804589 0.5882248732147102 0.5410477539447158 0.9982929921364673 0.5042643236999202 0.0
0.7247016358660544 0.47555926649503877 0.9388054485919164 0.9905641217486814 0.46030640522728 0.588149146430079 0.5393352557900463 0.9984186560677367 0.5055311137698316 0.0
0.7247016358660544 0.47555926649503877 0.9388054485919164 0.9905641217486814 0.46030640522728 0.588149146430079 0.5393352557900463 0.9984186560677367 0.5055311137698316 0.0
0.7225189347736045 0.4732281285632629 0.9509500111714361 0.9892839709774437 0.4549937732615453 0.5925993801539993 0.5445565607479377 0.997966096474659 0.5065957571241505 0.0
0.715564911464244 0.4735814302671069 0.9382424240413442 0.98971885666548 0.45515685013805995 0.5903523220395137 0.5444267214883624 0.997980806740085 0.5063575788089495 0.0
0.7171001380837599 0.47558163455397356 0.9449565390868719 0.98935569436826 0.45266719103423325 0.5910472962505082 0.5467857934928687 0.9977517079604905 0.5073048740107845 0.0
0.7215772091792356 0.4750913813384025 0.9651791406887417 0.9878866206123398 0.44940730614524144 0.5969846550722522 0.5498825830656419 0.9974310409662536 0.5085511264450974 0.0
0.7220224139978515 0.47242892878508674 0.9781503032871569 0.9870472964044027 0.44864014307298 0.6007278623666269 0.5506453272664831 0.9973512110562058 0.5087087752515246 0.0
0.7200484279130956 0.4726726041394162 0.9696435121949579 0.98751477015222 0.4487374007279854 0.5984911428561716 0.5505935185084243 0.9973611915895219 0.5084366763250324 0.0
0.7200484279130956 0.4726726041394162 0.9696435121949579 0.98751477015222 0.4487374007279854 0.5984911428561716 0.5505935185084243 0.9973611915895219 0.5084366763250324 0.0
0.726212317576569 0.4724033063359012 0.9848961196708556 0.9865728591569818 0.44858456162692806 0.6029675391745338 0.5506603751263676 0.9973454642725657 0.5089471819119782 0.0
0.7292447552425158 0.473005119679652 0.9820109253150316 0.986891038762989 0.448608653685875 0.6014644561772797 0.5506340823927008 0.9973484155000303 0.5089304347491868 0.0
0.7375206072531383 0.4725120702174698 0.9948954145619102 0.9871824312055705 0.44841920199227736 0.5999584439503343 0.5508368342033505 0.9973289599737066 0.5088617846211407 0.0
0.726890022455783 0.47520769218187914 0.986939031340503 0.986961569938622 0.44926719482654376 0.601457489487893 0.5499087064119288 0.9974171196347251 0.509183591883327 0.0
0.7318341558565794 0.47215124302037126 1.0086944299264617 0.9860729734695484 0.4483088419471112 0.6051669980810386 0.5508197664749783 0.9973178765592337 0.5095545395781498 0.0
0.7313605822832455 0.4720033135358879 1.0079612142068333 0.9857390948695428 0.44814625522428253 0.6066195141267055 0.5508935242545278 0.99730163557832 0.5099979371315637 0.0
0.7294803524414529 0.4748492941632501 0.9921592606580683 0.9867893828852126 0.44903005503248383 0.6021623526640213 0.5500694607717801 0.9973934860313471 0.509581145509218 0.0
0.7284876232019558 0.47472470080282475 0.9940439784556283 0.9867886034295528 0.4490172631796444 0.6021596909639472 0.5500780126396028 0.99739221027356 0.5096026729044059 0.0
0.737674398964864 0.475189098238831 1.0024591462481687 0.9860903883059791 0.44854517109795217 0.605202281761476 0.5506198008230465 0.9973419639413215 0.509361420270495 0.0
0.725746728212893 0.4763062133696953 0.9806529045503365 0.9866764793944576 0.44959373343792663 0.6029767357824978 0.5496043272324374 0.9974497735261868 0.5090634544775182 0.0
0.7463329171523638 0.4767777703595928 0.9951970289517776 0.9854531487000509 0.4487119229158503 0.6081839496149036 0.5503728573152515 0.997359525134949 0.5097514433678477 0.0
0.7514414726272097 0.4815681402955388 0.99557756392608 0.9850837540339166 0.4499127991136244 0.6103812404117475 0.5489534737080367 0.9974836904876818 0.5106089479882665 0.0
0.7578224103804937 0.48419934256520886 0.9940368465669387 0.9853873533120527 0.451156095802216 0.6096009620659155 0.5475953067565527 0.9976075145659049 0.5109755450169516 0.0
0.7759433103009403 0.4848321338278247 0.9886283895736522 0.9854290347741299 0.45138542643548574 0.6095182648592622 0.5471964515138504 0.9976289676430193 0.5117011372438484 0.0
0.7759433103009403 0.4848321338278247 0.9886283895736522 0.9854290347741299 0.45138542643548574 0.6095182648592622 0.5471964515138504 0.9976289676430193 0.5117011372438484 0.0
0.7851772365492286 0.4879562557841535 0.990922775645186 0.9847644061779834 0.45353907478925726 0.6133306668825593 0.5450611623284991 0.9978351101187168 0.5113458063459124 0.0
0.7971373089567735 0.48950486797544907 0.9879589023662058 0.9844913915965654 0.4543809269608865 0.6148302590915212 0.5441780635418588 0.9979127360273515 0.5114118288536557 0.0
0.8079059153930587 0.48479487822486134 0.9980195496368527 0.9833881594492673 0.45215848656350516 0.6185161255719622 0.5464039701036562 0.9977048803614685 0.5116424844953338 0.0
0.8144595631500295 0.4706357574791997 0.98249006117274 0.983820679408312 0.44917530083553014 0.6154702819483561 0.5496450990686288 0.9974083410759071 0.5109231703790679 0.0
0.8193434897430347 0.4519666358784453 0.9772600483837164 0.9832204734961595 0.4453894902554033 0.6162524873967 0.5539128683968586 0.9969955942240734 0.5093707727996152 0.0
0.8199167398871277 0.43634195608428167 0.9793785635042337 0.9826204701047876 0.4417030852595364 0.616952665232543 0.5578232609223379 0.996564395376155 0.5089051192526034 0.0037667410714287267
0.8199167398871277 0.43634195608428167 0.9793785635042337 0.9826204701047876 0.4417030852595364 0.616952665232543 0.5578232609223379 0.996564395376155 0.5089051192526034 0.0037667410714287267
0.8144210210119179 0.43840206105897517 0.97317974754735 0.9829800975575793 0.44476996043911293 0.6169566131085589 0.5546711893650546 0.9969215471928098 0.5088913076106409 0.0037667410714287267
0.8083714636098155 0.44101909942101875 0.9621948958220535 0.9830636014813134 0.4459089393071433 0.6171440664383349 0.5538227800454081 0.997036228176188 0.5075581344542973 0.01632254464285741
0.8027489031736775 0.4407627275155951 0.9499620513393873 0.9837362911889976 0.4469722440565087 0.6148314307791827 0.552630940975934 0.9971589850390941 0.5078700486935832 0.06445312499995236
0.8027488468462282 0.44076273184279824 0.9499618350794973 0.9837363093689391 0.4469722457817283 0.6148313549915894 0.5526309407865578 0.9971589852131594 0.5078700389641692 0.0644531250000005
0.8000822562926372 0.4417474928955821 0.9191746776948312 0.9863537810701657 0.4480145416431628 0.6037136325364639 0.5517966040929777 0.9972682572454479 0.5063563895458846 0.2988281249999998
0.7942798950869858 0.44296914979505897 0.9050171089015974 0.986999965143152 0.44971606578895035 0.6014967085457221 0.5501170557226092 0.9974450567844158 0.5059754892794397 0.2988281249999998
0.7910188137766112 0.44572782957318424 0.8873596900269474 0.9881516751291782 0.45368014720985683 0.5977825378272122 0.5461491138571201 0.9978350154364568 0.5054393778417285 0.43484933035714246
0.7866935903482644 0.4478199589632438 0.8721146380390778 0.9890310050054658 0.4569002704463166 0.5948161754273815 0.5429435880976858 0.998126947840168 0.5049400049378463 0.43484933035714246
0.7855867166372844 0.4489686199756802 0.8475861388864803 0.9918295202304372 0.4597715896202537 0.5805259657534177 0.5401584016966464 0.9983700102346083 0.503695051950685 0.5834263392857151
0.7855867166372844 0.4489686199756802 0.8475861388864803 0.9918295202304372 0.4597715896202537 0.5805259657534177 0.5401584016966464 0.9983700102346083 0.503695051950685 0.5834263392857151
0.7813835873699778 0.4521225945135394 0.8339795858916967 0.9926126963879706 0.46201033755636833 0.5767369058040852 0.5378940383412161 0.9985483359950742 0.5035523980364741 0.5834263392857151
0.7727533056901756 0.4498419061416321 0.8188707431463701 0.9939088725837315 0.4631309479051773 0.5685107874338685 0.5369485326958436 0.9986280801885355 0.5019666686906773 0.5917968750000004
0.7727533056901756 0.4498419061416321 0.8188707431463701 0.9939088725837315 0.4631309479051773 0.5685107874338685 0.5369485326958436 0.9986280801885355 0.5019666686906773 0.5917968750000004
0.7650025727200518 0.4521236451933245 0.8092182828055015 0.9938624045854398 0.46384598284043344 0.569222950309105 0.5361586025655911 0.9986836692000975 0.5024853457601942 0.5917968750000004
0.758082759958781 0.4529990273874255 0.7880416859928374 0.9943495017917374 0.4649177383215226 0.5662330922522142 0.5351326084429358 0.9987593362715226 0.5019600257185023 0.5980747767857142
0.7506805205738456 0.4530989987165441 0.768443497114474 0.9949517759303597 0.4651973045769682 0.5617294276724918 0.5349172322640805 0.9987767814970243 0.5012381505690366 0.5980747767857142
0.7502419376109818 0.4531991620293188 0.7632345009082554 0.9951410549966626 0.46524308021931443 0.5602187917138353 0.5348845596357054 0.9987794981567171 0.5010505259922305 0.6001674107140765
0.7365353701218244 0.4530496868592366 0.7321597419995509 0.9959456083729786 0.4656335434556774 0.5534408981012908 0.5345635565161487 0.9988029443314625 0.5000083674911192 0.6001674107142858
0.7304342936606532 0.4507257505193922 0.7245289557216864 0.996199185163761 0.46591785682570164 0.5512231296343407 0.5343403533157363 0.9988177932005082 0.49924106985831257 0.6001674107142858
0.7186068870686735 0.45364915508178794 0.6836250522655318 0.997075794497564 0.4662288407211927 0.5421212248067528 0.5340254211388468 0.9988374236225527 0.4984118692906434 0.6043526785714292
0.7037716181493736 0.4578479452813997 0.6566738371135373 0.9976717753768931 0.4717991411729084 0.5390708168155693 0.5284196163365106 0.9991878353127144 0.4983078141709478 0.6043526785714292
0.6846020995921914 0.45784023529765766 0.6081295684740179 0.9984171710370463 0.4730415764891265 0.5291989985730555 0.5271782042658104 0.9992509259767115 0.4970182014587596 0.6210937499999999
0.6497023490085618 0.4566158706551497 0.524731708274014 0.9991765252710629 0.4764569647596035 0.5163564280147033 0.523726667536052 0.9994079225090975 0.4947288704603737 0.6503906250000006
0.6157073397245723 0.4569808318737344 0.44131675457574476 0.9996250358513512 0.4808432448558844 0.5026203659781933 0.5191896957984591 0.99958764917719 0.49344553877111175 0.6650390624999996
0.5746129194695524 0.46135766119308125 0.3501686978592778 0.9995600959935605 0.4839128314778593 0.48658602681105356 0.5158801199599702 0.999684948876202 0.4921393979629241 0.6650390624999996
0.5746129194695524 0.46135766119308125 0.3501686978592778 0.9995600959935605 0.4839128314778593 0.48658602681105356 0.5158801199599702 0.999684948876202 0.4921393979629241 0.6650390624999996
0.5440724009863238 0.46287425620104194 0.2917016359007742 0.9992874211049482 0.4847592539503716 0.4781182406626364 0.5149144512117058 0.9997165229341418 0.4922558885957108 0.6671316964285714
0.49852255972979465 0.4631832919215276 0.21857126476104424 0.9985408843873098 0.48645997509371897 0.464325664977678 0.5129874548781171 0.9997632677363812 0.49181402890856274 0.6650390624999996
0.4558939358511015 0.46046565235421316 0.15275318202883248 0.9974663438919598 0.4876635201300341 0.45127561879839656 0.5115873932175613 0.9997968549789114 0.4917619325127782 0.6650390624999996
0.4462840503647376 0.4599453130708107 0.14165091172487507 0.9976180694550042 0.4878586669495518 0.4527998335921099 0.511426855991097 0.9998028996873523 0.4919054899523345 0.6650390624999996
0.4129962020888345 0.45834880554054 0.08656870883878308 0.9964148579087317 0.4885692768349444 0.4413430665217756 0.5105037421681607 0.9998162861804497 0.4914921140113094 0.6650390624999996
0.3393422669596384 0.4622263019655439 -0.03576569333682465 0.992965660225836 0.4905013986111539 0.4169720170057955 0.508208205162988 0.9998602106430963 0.4915497464281189 0.6650390624999996
0.3275879461740244 0.46382931142550654 -0.048444455054659566 0.9924625298265721 0.4913335684325142 0.41395038288990577 0.5073178384331652 0.9998738185197755 0.49153559318673457 0.6650390624999996
0.2947165751224666 0.4624182521233333 -0.10035857049910106 0.9912297879041978 0.49199739463557407 0.4071116879479108 0.5065703847832546 0.9998866272839866 0.4916800663120862 0.6650390624999996
0.2856444718119578 0.46166750007837876 -0.10915108543145785 0.9908025039060047 0.49207280280056487 0.4048734515349338 0.5064038806741181 0.9998837679085225 0.49138372910059475 0.6650390624999996
0.23330054409842857 0.4616967468378422 -0.16829231904281663 0.9891354481353593 0.4937041846390726 0.3965308323021641 0.5047128896065212 0.9999105644265813 0.491861334395511 0.6650390624999996
0.23330054409842857 0.4616967468378422 -0.16829231904281663 0.9891354481353593 0.4937041846390726 0.3965308323021641 0.5047128896065212 0.9999105644265813 0.491861334395511 0.6650390624999996
0.16077863381994836 0.46067840946060395 -0.23268363885611987 0.9868080482146449 0.4965380230596061 0.38596083343220833 0.501826081721755 0.999941178003677 0.49261804675693577 0.6650390624999996
0.10406442724413476 0.4574054931074398 -0.2918649957346142 0.9844481162715891 0.4954551563136491 0.37635386049545316 0.5024894132314338 0.9999184861453871 0.49137815876988195 0.6629464285714293
0.04167784820299926 0.4561787594511911 -0.3524572142474891 0.9814841747030157 0.4957082328223266 0.3652648639222922 0.5018839512283069 0.9999109675863194 0.4908085848977506 0.6629464285714293
-0.024021581471299486 0.4495762859509834 -0.3944794798845706 0.9782524589470145 0.4967988864213029 0.3541804656480094 0.5004943641658174 0.9999112774053903 0.49064707244802735 0.6608537946428577
-0.05840436071522154 0.44800475048645577 -0.4346721915866659 0.9750158848632886 0.49310446692054366 0.3440790169877506 0.5034897960032164 0.9998551517366449 0.488525878861813 0.6608537946428577
-0.08572359848279289 0.4447016525934741 -0.437259813282954 0.9738119009325119 0.49308120393533844 0.3404587750350835 0.5033089177937339 0.999847637235783 0.48815017459196136 0.6608537946428577
-0.13647005457267145 0.4406736684313245 -0.4731945667002811 0.9692394602972683 0.4908098547024313 0.32757946520958464 0.5046484968924873 0.9997816909454826 0.48601208150951397 0.6608537946428577
-0.18212539252094276 0.44084181937671785 -0.5098228463541217 0.963508867643251 0.49373015667266384 0.31259888762622084 0.5008233277593498 0.9997826634461298 0.4853152765934147 0.6608537946428577
-0.20419118634470199 0.45088310213053495 -0.5114713620479346 0.9620651022839941 0.4989578956099416 0.3089667413646205 0.4957668046982334 0.9998129473724255 0.48703438450746706 0.6608537946428577
-0.253707163070984 0.46618341330652663 -0.5599733269361307 0.9562795612394779 0.5043563826206914 0.29557657396521153 0.48994864525852083 0.9997590392778679 0.4882152377367011 0.6629464285714293
-0.25799026559932464 0.4788923386556161 -0.5606486631813379 0.955908917295281 0.5083082661863424 0.2948732661007107 0.48621614497375687 0.9997008427101797 0.4896038306628686 0.6629464285714293
-0.26985300944133883 0.4783225617665422 -0.5727897102290997 0.956835846227165 0.5085487122264556 0.296955975607618 0.4861769748079203 0.9997066038294857 0.489938127550224 0.6629464285714293
-0.2873582451872798 0.47735608022282394 -0.5906839525399089 0.9568300402725214 0.5087704458501529 0.29695236937356173 0.48598432123519064 0.9997034937794427 0.4900508156219083 0.6608537946428577
-0.2883881788469293 0.4777834541161552 -0.5899716917696161 0.9564821610672718 0.5093627992216976 0.2961978610805135 0.48558679091912943 0.9997042115619845 0.4906736061817651 0.6608537946428577
-0.3089934052931915 0.4762240927557255 -0.6049720334764656 0.9555399201940227 0.5094750599171188 0.29410551808194585 0.4853443777067251 0.9996952015506084 0.490570044433875 0.6608537946428577
-0.3089931103436534 0.47622412410175213 -0.6049719458878758 0.9555399450680471 0.509475062967608 0.294105593900238 0.48534438147006886 0.9996952020283729 0.49057005213782867 0.6608537946428577
-0.31409847587417494 0.4762345460118085 -0.6183188723340288 0.9568062768167349 0.5089756120220306 0.2969078490173631 0.48598345318457686 0.9997133320723138 0.4905579258075785 0.6608537946428577
-0.3394804971318167 0.4730169101293997 -0.6317533193871833 0.9542500943743817 0.5090000912430296 0.2912542125124963 0.4858494971008714 0.9997131932496366 0.4907523858905535 0.6608537946428577
-0.3548822689955684 0.47164551434285923 -0.6450406224840018 0.9523233803647992 0.5089877268351918 0.28711102179371006 0.485503122815883 0.9996945711673704 0.49029468033010976 0.6608537946428577
-0.36662259210494247 0.4704496064996276 -0.6512003958994662 0.9506880703231151 0.5089218883300727 0.28366785482740453 0.4852798078322933 0.9996810451815772 0.4899408675655459 0.6608537946428577
-0.34779511165748217 0.4722712305541511 -0.6635579361799255 0.9542927349054768 0.5086902250881099 0.291333876223125 0.4858056035910891 0.9996955828400247 0.4899076067990038 0.6608537946428577
-0.34779511165748217 0.4722712305541511 -0.6635579361799255 0.9542927349054768 0.5086902250881099 0.291333876223125 0.4858056035910891 0.9996955828400247 0.4899076067990038 0.6608537946428577
-0.3383648865858589 0.47293503639289175 -0.6543588025849556 0.9555769690259386 0.5079329197970642 0.29412222920530634 0.48672502512489285 0.9997202907430903 0.4898797796155919 0.6608537946428577
-0.3247461311169365 0.4759454668636731 -0.66268027324936 0.9574562987547988 0.5074571634608912 0.2983144070140822 0.4875321079779429 0.9997474235989501 0.490198539227431 0.6608537946428577
-0.3099999597227032 0.477246861845195 -0.6516888267124008 0.9595618712226135 0.5082839143199053 0.3031924286545674 0.4871481024822861 0.999753223643615 0.4910251142556627 0.6608537946428577
-0.3099999597227032 0.477246861845195 -0.6516888267124008 0.9595618712226135 0.5082839143199053 0.3031924286545674 0.4871481024822861 0.999753223643615 0.4910251142556627 0.6608537946428577
-0.28123398663977794 0.4826808115307199 -0.6338709309262835 0.9627461404648042 0.5097081170226646 0.31086849887144063 0.48655845738495396 0.9997659395859283 0.4927657068725292 0.6608537946428577
-0.2515126384688505 0.4856253790381068 -0.6173050955683292 0.965301214467734 0.5097276194876252 0.31724573674552203 0.48693858588279765 0.999784101042939 0.4933474626631502 0.6587611607142859
-0.24704067492178586 0.48605772947829623 -0.6144752533955181 0.9658564830437016 0.5097423640924468 0.318666642476517 0.48701401430339664 0.9997879432972563 0.49348996513100557 0.6587611607142859
-0.19799263172489853 0.4985915273389944 -0.5755215743651777 0.9697947508728566 0.5114179014250066 0.3292325957218709 0.48658910995357124 0.9998070391608027 0.49652382782666266 0.6587611607142859
-0.16016524539837748 0.5073587119613369 -0.5490998682241311 0.9722905816334592 0.5125400221663043 0.33634383061882855 0.48618008653575534 0.9998054711601007 0.49841470978951247 0.6566685267857143
-0.12546809714416282 0.5073064736303721 -0.521238782863177 0.9752130609941279 0.5124226796479563 0.34502513834567816 0.4865955042475779 0.9998182276773903 0.49896170476892276 0.6566685267857143
-0.07055059004898341 0.5219623097904234 -0.48162786711427097 0.9765295349433443 0.5150617977420204 0.3493622517639785 0.4843977933858385 0.9997551550554175 0.5006127179442381 0.6566685267857143
-0.02901938693302797 0.5265848434271366 -0.44531240193418375 0.9794538624407535 0.5141427206685901 0.35885134603691826 0.48570433384806094 0.9997923174883665 0.5015183214403115 0.6566685267857143
0.03926973796519996 0.5404019738004116 -0.36743820350302075 0.982915244253372 0.5152409209439767 0.3713160464844848 0.4852401181515799 0.9997666743063741 0.5038010273239917 0.6566685267857143
0.10429046886652318 0.5576661557381394 -0.2839750826722437 0.985824647717499 0.5170878937417974 0.38303245434302147 0.48415369982284195 0.9996962159302267 0.5071834488823035 0.6566685267857143
0.1726954420295944 0.5656067078333858 -0.20027649481873896 0.9882380852986773 0.5161408390140336 0.3934071435721381 0.4853888432352998 0.9997089889934705 0.5087435346212233 0.6545758928571427
0.1726954420295944 0.5656067078333858 -0.20027649481873896 0.9882380852986773 0.5161408390140336 0.3934071435721381 0.4853888432352998 0.9997089889934705 0.5087435346212233 0.6545758928571427
0.22943159219848938 0.5754477855997832 -0.11850179080114105 0.9903517089421932 0.5176143849382822 0.4038545699264712 0.4840961525190677 0.9996372622767793 0.5104250882515682 0.6545758928571427
0.2945414094925109 0.5763044167273098 -0.03261570908847697 0.9926307954921783 0.5157759939093199 0.4159463016996951 0.48572798920005467 0.999692409656026 0.5101400947148138 0.6545758928571427
0.3546994075746716 0.5798117373060927 0.04919789005020228 0.9948126597385852 0.5149583183038001 0.4297454390753723 0.48615631677847193 0.9997281361802448 0.5088971250447918 0.6545758928571427
0.3546994075746716 0.5798117373060927 0.04919789005020228 0.9948126597385852 0.5149583183038001 0.4297454390753723 0.48615631677847193 0.9997281361802448 0.5088971250447918 0.6545758928571427
0.39180340403836644 0.5818749431139294 0.10468985944345005 0.9963238208664893 0.5141574811440321 0.44116756216222375 0.4868230600200818 0.9997426006634267 0.5090947564868921 0.6545758928571427
0.47118777068192674 0.5802982594230189 0.24412778496347995 0.9987099638491648 0.5126838062677934 0.46643632874579233 0.48787435305681637 0.9997763059628547 0.5086964653284598 0.6545758928571427
0.4907144373989261 0.5812425320830087 0.27953491168498934 0.9990887521515313 0.512472639799549 0.4725431534044282 0.48801184885709475 0.9997721266061874 0.5091170998449025 0.6545758928571427
0.5165263748391813 0.5822294048229221 0.3365636078865404 0.9994401284432815 0.511711994104134 0.4794718489600118 0.48864753495473223 0.9997900403929176 0.5089467703163169 0.6545758928571427
0.5321573055559959 0.5828599050736597 0.36796891211574645 0.9996286634135827 0.5107534960233052 0.48404446461809403 0.48953706230901234 0.9998045435945433 0.5092169825367191 0.6545758928571427
0.5905635511641978 0.5795223099465125 0.5022045968049279 0.9999284929393932 0.5081340508732317 0.497913234583546 0.49190391140694084 0.9998557864827462 0.5088120683220239 0.6524832589285722
0.5905635511641978 0.5795223099465125 0.5022045968049279 0.9999284929393932 0.5081340508732317 0.497913234583546 0.49190391140694084 0.9998557864827462 0.5088120683220239 0.6524832589285722
0.6298484243456942 0.5758416778245512 0.5936875275494117 0.999923634091808 0.5058466496115351 0.506418434691282 0.4940502098130816 0.9998987090867435 0.5080561288569581 0.6524832589285722
0.6625230995593803 0.5772678098631525 0.6811725968639667 0.9997349182492934 0.5064511883752062 0.5149131291609238 0.49330968819122134 0.9998911211246264 0.5079454702797225 0.6524832589285722
0.6876098034259117 0.5754758075492166 0.746137852568794 0.9994518194711177 0.5060998798860515 0.5225758959698292 0.4935290588765579 0.999891691234351 0.5080901891280537 0.6524832589285722
0.7220057126877901 0.5782910262350375 0.832357693594802 0.9986952984631285 0.5051233587301592 0.5357179467090653 0.49431787496782204 0.9999085457645678 0.5076275346123776 0.6524832589285722
0.7344174007969373 0.5799563435540287 0.8861292812793375 0.9977713190441524 0.5085157015281999 0.5463704006810601 0.49064916353375987 0.9998378343595535 0.5085853873429127 0.6524832589285722
0.7553920065046122 0.5814031266862909 0.9471599930463238 0.9969216573291482 0.5078220518947028 0.5548333610687002 0.4911988346710172 0.9998500314694058 0.5084553657214678 0.6524832589285722
0.764599723560267 0.5817978394738311 1.0123911203522657 0.9956051790775895 0.5095569677319464 0.56544611420876 0.4891246341340685 0.9997928751500038 0.5093723314166645 0.6503906250000006
0.7627072811588534 0.5798180596777197 1.0601913785590775 0.9938819406285571 0.5083235380276501 0.5775265497114631 0.4899192412174344 0.9997858384084743 0.5105604825231715 0.6503906250000006
0.7627072811588534 0.5798180596777197 1.0601913785590775 0.9938819406285571 0.5083235380276501 0.5775265497114631 0.4899192412174344 0.9997858384084743 0.5105604825231715 0.6503906250000006
0.7712974810098513 0.5786941794382452 1.1716688158881945 0.9914071215309277 0.5074627495834877 0.5919909594794934 0.4904430868811291 0.9997972638044068 0.5105061700470506 0.6503906250000006
0.77666528090325 0.5788431178899337 1.1963989981347938 0.9905462903424853 0.5072369077571782 0.5964932682020068 0.4904861876683175 0.9997900466506955 0.5108818992553784 0.6503906250000006
0.7857912675752535 0.5791470706723337 1.2110007306509116 0.9909847813575332 0.5071231625008754 0.594245496793457 0.49070741167582976 0.9997995175127279 0.5106356939265847 0.6503906250000006
0.8006933123935648 0.5795904103976457 1.2567760653350684 0.9901052855382322 0.5067150144350497 0.5987456709185949 0.4909424199040932 0.999796647344421 0.5109678298896422 0.6462053571428573
0.8006933123935648 0.5795904103976457 1.2567760653350684 0.9901052855382322 0.5067150144350497 0.5987456709185949 0.4909424199040932 0.999796647344421 0.5109678298896422 0.6462053571428573
0.8185619849918819 0.580595301677854 1.3039031345587704 0.9891815809324449 0.5063321312799498 0.6032487138535587 0.4911654536844893 0.9997953700607045 0.5112052168413017 0.6441127232142856
0.8242346056384359 0.581291929167734 1.3254415876627512 0.9886900287757876 0.5058380752502154 0.6055792764528123 0.49171445897493243 0.9998155600909144 0.5107132509825718 0.6441127232142856
0.8316328193684664 0.5819001238664702 1.3524693520531343 0.9878636872598258 0.5063210596044897 0.6093072379820241 0.4910509387359761 0.9997970373921554 0.5110392661552747 0.6441127232142856
0.8449772223521734 0.5847535121773513 1.4013482957317218 0.9857586817678239 0.5059769727696167 0.6183290773918078 0.49117554260794355 0.9998005573330961 0.51098005993049 0.6441127232142856
0.8476082466230792 0.5844350310665927 1.4417207086982815 0.9833193245276318 0.5055390676095257 0.6279481841756558 0.49112972784205583 0.9997793786458631 0.5118708999037472 0.642020089285714
0.848365283536336 0.5843422825899549 1.4550745124373428 0.9823303286018088 0.5053828658835385 0.6316338364202838 0.4910879097176421 0.9997702592882253 0.5122185407020802 0.642020089285714
0.8534251863874538 0.5819922341175333 1.477668032598296 0.9813209571684796 0.5044406076483477 0.635312244383869 0.49188207266114503 0.999777455956074 0.5124749318699875 0.6148158482142861
0.8534251863874538 0.5819922341175333 1.477668032598296 0.9813209571684796 0.5044406076483477 0.635312244383869 0.49188207266114503 0.999777455956074 0.5124749318699875 0.6148158482142861
0.8544189102929353 0.583065435139974 1.463160115297654 0.982128021825565 0.5053534077126839 0.6323741287802314 0.4911090143598935 0.9997717959933303 0.5121708670222531 0.6148158482142861
0.8539041115025333 0.5828782932313482 1.4715560812595565 0.9812988380248377 0.505999697947265 0.6353308132367657 0.49031777738695526 0.9997544596858854 0.5122785294323069 0.5604073660714294
0.8567042618805066 0.5828223967467334 1.4764669694135018 0.9804260677113892 0.5074881959445271 0.6383246321210967 0.48877719696569344 0.999730782404403 0.511925877231354 0.4013671874999997
0.8567042618805066 0.5828223967467334 1.4764669694135018 0.9804260677113892 0.5074881959445271 0.6383246321210967 0.48877719696569344 0.999730782404403 0.511925877231354 0.4013671874999997
0.8531614868355012 0.5802185113299098 1.4426583889844402 0.9826843744774953 0.5066878502016717 0.6302691290744102 0.49018104971823334 0.9997875575402209 0.5107235515443157 0.4013671874999997
0.8475186358903989 0.5802199081657079 1.4172039484960164 0.9836286725448817 0.5084717597024101 0.6266117567952447 0.48862327332713756 0.9997692082875853 0.5100163226188331 0.33231026785714257
0.8495430830967261 0.5778804863456151 1.4201075807276387 0.9832492481078051 0.5077594286464779 0.6280974446162237 0.48933331346571657 0.9997858739225778 0.5099659524821623 0.28417968750000067
0.8405658001303418 0.5708826958370913 1.3748191753148868 0.9856869218314666 0.5068155268607913 0.6185779945656685 0.4911018372836678 0.9998602847500551 0.5077156774875852 0.28417968750000067
0.8268629952013062 0.5655857874429534 1.329865607491006 0.9872519684799862 0.5069909561050505 0.6119626909331017 0.4914276819543143 0.9998884125994565 0.506092918052686 0.2590680803571433
0.8257476935164939 0.5654709132661069 1.3275929627381649 0.9872523565390786 0.5070026241305663 0.6119602729509251 0.49141047746858096 0.9998878367102837 0.5061158931927812 0.244419642857143
0.7958552931449375 0.5527496392095791 1.269450676745824 0.9884442904755751 0.504696613160316 0.606766628608063 0.4940677026074621 0.9999373420911035 0.5051475163970716 0.2423270089285713
0.7958552931449375 0.5527496392095791 1.269450676745824 0.9884442904755751 0.504696613160316 0.606766628608063 0.4940677026074621 0.9999373420911035 0.5051475163970716 0.2423270089285713
0.7884081384737512 0.5465381556795762 1.2370337726394756 0.9895619380739873 0.5040841810715191 0.6015452008106766 0.4949449635312486 0.9999552824856879 0.5042625761983387 0.2423270089285713
0.77944998715988 0.5317880496321457 1.201117684701352 0.9904486552971679 0.501078984762133 0.5972520092698913 0.49861748295921965 0.9999950341245301 0.50142480357938 0.2423270089285713
0.7612276231628387 0.525268183843782 1.1745212598886257 0.9905873392286929 0.5001118440902875 0.5965558914751297 0.4997490954774886 0.9999984765254176 0.5006956375973012 0.2423270089285713
0.7612276231628387 0.525268183843782 1.1745212598886257 0.9905873392286929 0.5001118440902875 0.5965558914751297 0.4997490954774886 0.9999984765254176 0.5006956375973012 0.2423270089285713
0.7538902394601811 0.5181077800118102 1.1377235912386863 0.9912886414035158 0.49871168246511094 0.5929129545014397 0.5014679843538479 0.9999961654382503 0.4991707417344557 0.2423270089285713
0.7382205747616628 0.5196460820951215 1.101111759204595 0.9918541828369578 0.4995802272285411 0.5898792604027383 0.5005716967105639 0.9999980670315755 0.4992066517078359 0.24023437499999967
0.7243099583513432 0.5173308823407226 1.063931705694065 0.992545873208154 0.4997774678833669 0.5860087870861688 0.5002641585303512 0.9999989106232989 0.4997809082586468 0.24023437499999967
0.7237690914719569 0.5175562514032446 1.0487280257680645 0.992934675308454 0.4998869556402718 0.5837519674855765 0.500187803336589 0.9999988078351243 0.4995695369254045 0.24023437499999967
0.7237690914719569 0.5175562514032446 1.0487280257680645 0.992934675308454 0.4998869556402718 0.5837519674855765 0.500187803336589 0.9999988078351243 0.4995695369254045 0.24023437499999967
0.7111491210410448 0.5141977151427449 0.996928525349558 0.9943853606621562 0.49943423724950914 0.5747114160036009 0.5007787205474459 0.999996549666405 0.4986333044560813 0.23814174107142924
0.6996431738600811 0.5135487069803469 0.9578814906416196 0.9952630594747405 0.4996059161871782 0.5686538796561929 0.5006478871050322 0.9999953482849102 0.4981962669173075 0.23814174107142924
0.7018592042811223 0.5139354683555947 0.9277022091004861 0.99626270316879 0.5001096760337297 0.5610108831654174 0.5001315601630654 0.9999951275919953 0.49803109415466446 0.23814174107142924
0.690809083923786 0.5169915588759023 0.858386682452752 0.9977508385556367 0.501886018448825 0.5473238404555373 0.498383801806422 0.9999878558770813 0.4970728603095098 0.23814174107142924
0.6662945399957444 0.5178514042936514 0.7819062635173265 0.9984789842042237 0.5031556575678718 0.538829746186714 0.49703241497389233 0.9999837847257715 0.4974633050294648 0.23814174107142924
0.6621154492991217 0.518041526665726 0.7440593090624223 0.9991576321223541 0.5017812347395991 0.5289394531259245 0.49841188318323276 0.9999850667200536 0.49661809221517517 0.23814174107142924
0.645031727945465 0.5172541447354241 0.6810137898966004 0.9997424153337607 0.5012405486587322 0.5159682678473443 0.4989006863583673 0.9999781279730111 0.4955616079201186 0.23814174107142924
0.6218900558382474 0.5232665366955892 0.6234968476781725 0.9999547368589599 0.5030942793332858 0.505890259278403 0.4969498502673143 0.9999756028563715 0.49624328219248515 0.2360491071428576
0.6144988540011457 0.5291444952491545 0.5966517882781607 0.9999884736710383 0.5013939450412023 0.5029311783277487 0.49863155691025424 0.9999782640607184 0.4956545875197769 0.2360491071428576
0.5996467358845464 0.5275388048814901 0.5641168872992728 0.9999895682783557 0.5017574094980533 0.49747869568674846 0.4982226293575749 0.9999801524169973 0.4960346188289308 0.2360491071428576
0.6049967071488975 0.5446375612282279 0.5252500158747573 0.9999445437380505 0.5038436961770844 0.49369976157777984 0.496108325749432 0.9999695095739249 0.4962078414477588 0.22558593750000056
0.5729102375818359 0.5839159717083277 0.4259576254328512 0.9998518366778686 0.5079993298568287 0.4908788367913049 0.49204691008591994 0.999929005740011 0.50260174765212 0.1962890624999999
0.5585134907281437 0.6282322769256763 0.37675677930446627 0.9997263399023287 0.5157788769494317 0.4951366533240318 0.4843050716564913 0.9996807017294765 0.5084781055469425 0.16908482142857206
0.5585134907281437 0.6282322769256763 0.37675677930446627 0.9997263399023287 0.5157788769494317 0.4951366533240318 0.4843050716564913 0.9996807017294765 0.5084781055469425 0.16908482142857206
0.5597556879645239 0.7013759461909753 0.32771898955588136 0.9991962499028249 0.5270028127405543 0.5085435168422723 0.47271215130637956 0.998949306583394 0.5174348817987633 0.10839843750000029
0.5364745160942687 0.6999738084470195 0.28220500985675623 0.9991939267095016 0.5278514681443807 0.5053610248375302 0.4719635446761435 0.9988502709604664 0.5190104396419365 0.10839843750000029
0.5243875516667199 0.6992394442078921 0.2585135796697926 0.9992157114427693 0.5279665338388195 0.5007600837210815 0.472024738127732 0.9988576155028361 0.5189072723332002 0.10839843750000029
0.5292998270048902 0.7194606865094967 0.25076662975290304 0.999209970901801 0.5277301730735533 0.50441290850919 0.47210797333279714 0.9987773954764432 0.5210277251039815 0.09793526785714327
0.5275205713349467 0.739206266358642 0.2269728342182319 0.9992188247414788 0.5279003261301363 0.5010823254478031 0.47207949319421993 0.9986816596263737 0.5231532690117252 0.0958426339285716
0.5431889685771182 0.7924564400186609 0.2282115268386542 0.9985963912016482 0.537376123694069 0.5019231692885303 0.4625745443192347 0.9978717594063107 0.526871405125583 0.09374999999999996
0.5294290781083764 0.7913759943201083 0.20897191411751798 0.9985936981135151 0.537459459863281 0.4996168929207816 0.4626157927376338 0.9978681575737718 0.5269952858255808 0.09374999999999996
0.5289822796841517 0.8290378982995223 0.18374393963342242 0.9978563476714435 0.5461732043568742 0.49752376815178917 0.45405773982425435 0.9969770104331684 0.530036217469163 0.09374999999999996
0.5289822796841517 0.8290378982995223 0.18374393963342242 0.9978563476714435 0.5461732043568742 0.49752376815178917 0.45405773982425435 0.9969770104331684 0.530036217469163 0.09374999999999996
0.5198402356000736 0.8561404832594572 0.15668913719860364 0.9972301948233478 0.5521132785905067 0.4932632155204416 0.44839799525262286 0.9963611639178518 0.531013852021649 0.09374999999999996
0.5272000345500993 0.918312425052906 0.14473833124266658 0.9956949501224774 0.5650060839282225 0.49226957461529125 0.43566734995720946 0.9946491731002105 0.5343880237513989 0.09374999999999996
0.5272000345500993 0.918312425052906 0.14473833124266658 0.9956949501224774 0.5650060839282225 0.49226957461529125 0.43566734995720946 0.9946491731002105 0.5343880237513989 0.09374999999999996
0.5128090519796564 0.9201974220791098 0.1240709605065464 0.9955118633631439 0.5658318946836435 0.48845917742577505 0.4351083815603856 0.9945438322961497 0.5348494785845908 0.09374999999999996
0.524220755815737 0.9724570275131764 0.13058846980167071 0.993916740674144 0.577180100178206 0.4905914346732925 0.4237134789331809 0.992739117073707 0.537249689102236 0.09165736607142831
0.524220755815737 0.9724570275131764 0.13058846980167071 0.993916740674144 0.577180100178206 0.4905914346732925 0.4237134789331809 0.992739117073707 0.537249689102236 0.09165736607142831
0.5294189762746733 0.983888522807675 0.12544087534835088 0.9934456785322021 0.5798498604046657 0.48840739546230366 0.4212320526530702 0.9922860985878994 0.538065491525711 0.09374999999999996
0.5168808527666027 0.982642883048689 0.1008649542552556 0.9935302922405309 0.5776311381187805 0.47999288611718327 0.42406577753863006 0.9926897781221586 0.5385977277267583 0.09374999999999996
0.5249667454341574 1.0018852415171042 0.10191641192404774 0.9929305208633066 0.581600793286399 0.4810305573614426 0.4200459099602863 0.9920287299103467 0.5389111886076466 0.09374999999999996
0.536864115691257 1.0149130361140768 0.10490115537860528 0.9925261228909402 0.5843564240160772 0.48264950443623145 0.4171960652128161 0.9915314637689171 0.5392343809601748 0.09165736607142831
0.5315108044279666 1.0139977309664556 0.09950395506065607 0.9926705241134735 0.5828151996275704 0.4795937826246754 0.4189665521881216 0.9918048823004318 0.5395039208525904 0.09165736607142831
0.5313258414042398 1.030733941565118 0.10249312847802457 0.9920392238508873 0.5865415729929823 0.4798264691892122 0.4152781585646308 0.9911101748820352 0.5403982698024694 0.09165736607142831
0.5458990063146412 1.0495061597712958 0.12351667389108305 0.9915084709295259 0.5897295346014514 0.48084153676065733 0.41199992307659417 0.9905686638899481 0.5399673244447865 0.09165736607142831
0.54637884231997 1.049229646289056 0.1254035887596676 0.9916215534675128 0.5889401191028154 0.4800765480998669 0.41284598650914495 0.9907149250090519 0.540025903982824 0.09165736607142831
0.5552653549967632 1.0620581138617555 0.15003763082271837 0.9917091875285158 0.5894862372713338 0.4853943600888905 0.4119285802443384 0.9905232860730844 0.5403651536878284 0.09165736607142831
0.5529230459721174 1.0617034058274804 0.15151284264146433 0.9917344976156328 0.589469076912345 0.4861618371146266 0.4118884437679236 0.9905163053252963 0.5403625863994124 0.09165736607142831
0.5697310095535069 1.1004711460612964 0.18828301485758905 0.990763360017011 0.5947240902959099 0.486669661704173 0.4065619467157917 0.9896215092312155 0.5392318555517663 0.09165736607142831
0.5693420214496276 1.0974155839290372 0.1858101566979252 0.9908908138935801 0.5940550290461675 0.48662551155735856 0.40721968376246986 0.9897717423851286 0.5389163606008248 0.09165736607142831
0.5762196526452241 1.1254196199577595 0.2043288781925963 0.9902904851539103 0.5965710883387803 0.4830207644334518 0.40493717193902606 0.9893776786813393 0.5383608097874677 0.09165736607142831
0.5934295298096673 1.1455822376990814 0.22778541222189982 0.9900972101633666 0.5969909339650629 0.4800874631899968 0.40461403294991644 0.9894634593989535 0.5364152078035471 0.09165736607142831
0.5934295298096673 1.1455822376990814 0.22778541222189982 0.9900972101633666 0.5969909339650629 0.4800874631899968 0.40461403294991644 0.9894634593989535 0.5364152078035471 0.09165736607142831
0.6110009375379573 1.15198602030967 0.25702078147439095 0.9908541467391233 0.5935168945542966 0.4822283353197381 0.4078294219935218 0.9902515616538494 0.5340147181886216 0.09165736607142831
0.6139712292029115 1.1491393072265665 0.258542864688688 0.9909920909518455 0.5927825302358314 0.4821898803822411 0.40855238184293885 0.9904055541776877 0.5337454537653633 0.09165736607142831
0.6252054941632518 1.1545478583287228 0.2752131549462307 0.9915463448242107 0.5899274232318749 0.48284537550843565 0.41130022383679266 0.9910047418090413 0.532337648058189 0.09165736607142831
0.6492675211387325 1.1630761597981405 0.3305400893314596 0.9923941377009946 0.5864021470485848 0.49096098559755985 0.414300482888138 0.991627039381704 0.5309429554186756 0.09165736607142831
0.6492675211387325 1.1630761597981405 0.3305400893314596 0.9923941377009946 0.5864021470485848 0.49096098559755985 0.414300482888138 0.991627039381704 0.5309429554186756 0.09165736607142831
0.6592473797720719 1.1734373368132678 0.3663089282319118 0.9925107759410114 0.5862078153963863 0.4993791941399812 0.4139903350354647 0.991598578477324 0.5305319506068978 0.09165736607142831
0.6592473797720719 1.1734373368132678 0.3663089282319118 0.9925107759410114 0.5862078153963863 0.4993791941399812 0.4139903350354647 0.991598578477324 0.5305319506068978 0.09165736607142831
0.6673169901681726 1.1929267851924386 0.42104529922484457 0.9919865454012498 0.5887253091496474 0.508723457778225 0.41091467526890046 0.9911609541392283 0.5287006809710723 0.09165736607142831
0.6815732224439776 1.206661531852778 0.48683733664115036 0.9912199498018439 0.5912280304632329 0.5194787871434734 0.40780540792625564 0.9906916522618554 0.5268492983986726 0.09165736607142831
0.6815732224439776 1.206661531852778 0.48683733664115036 0.9912199498018439 0.5912280304632329 0.5194787871434734 0.40780540792625564 0.9906916522618554 0.5268492983986726 0.09165736607142831
0.7040659909186189 1.2091128356031262 0.5669710097825017 0.990070697219384 0.5931981743142172 0.53382072606785 0.4050553781764903 0.9902782463672996 0.524734471269705 0.09165736607142831
0.7381796626384979 1.2092045135387228 0.6759661812533002 0.9888033468837727 0.5913031513007297 0.552288133273237 0.40596852268032063 0.9905650268149789 0.5224289022101894 0.09165736607142831
0.7612781739697309 1.2022952154671114 0.7464651275558634 0.9874998979692404 0.5900764394235349 0.5650315197414062 0.40667607479689977 0.9908151421187441 0.5197522388133142 0.09165736607142831
0.7649819587194907 1.1967346584982619 0.7756043953653496 0.9867996480600895 0.5916295057905535 0.5680376829093547 0.40491344581717226 0.9904754217624689 0.5197843518638957 0.09165736607142831
0.7649819587194907 1.1967346584982619 0.7756043953653496 0.9867996480600895 0.5916295057905535 0.5680376829093547 0.40491344581717226 0.9904754217624689 0.5197843518638957 0.09165736607142831
0.7698424774188911 1.1800906994875158 0.8541127921105199 0.9857209198893462 0.5895356846699871 0.5778302911888351 0.4067736286475455 0.9909355551838146 0.5170338167135068 0.09165736607142831
0.7913806195961895 1.1434983575279518 0.9105520929567068 0.9867202560400212 0.5870080428937238 0.5743773438784563 0.41051347796608306 0.9918191143745254 0.5102542819872525 0.09165736607142831
0.81813299354343 1.1014675360440336 0.9623836205473272 0.9883988907597918 0.5781228624147066 0.5732280882325991 0.42043384516649024 0.9936109066715313 0.5040657289847563 0.09165736607142831
0.81813299354343 1.1014675360440336 0.9623836205473272 0.9883988907597918 0.5781228624147066 0.5732280882325991 0.42043384516649024 0.9936109066715313 0.5040657289847563 0.09165736607142831
0.8515170382589372 1.0336057080463883 1.0586991673076565 0.9899479805903929 0.5682379767867722 0.5727569789264262 0.43174467729123506 0.9952941133185854 0.49510273859779164 0.09165736607142831
0.8515170382589372 1.0336057080463883 1.0586991673076565 0.9899479805903929 0.5682379767867722 0.5727569789264262 0.43174467729123506 0.9952941133185854 0.49510273859779164 0.09165736607142831
0.8555412749102849 1.034141237268533 1.0901036449712036 0.9887337020044055 0.5686914579068716 0.5801241119703741 0.43121116723507524 0.995219609305819 0.49503351434759063 0.09165736607142831
0.8580185235906892 1.0188172770059334 1.124775326772235 0.9882854132885814 0.5681553836737967 0.5832539315281571 0.43221076047676193 0.9953192220375775 0.4920943502521861 0.09165736607142831
0.8476564328020959 1.0015651335930518 1.1252501630426999 0.9885140025638982 0.5683815319726353 0.5817132770910197 0.43233007399416234 0.9952990627264036 0.4900676932096975 0.09165736607142831
0.8380385529342134 0.9476045785526858 1.1228666107053298 0.9897932535599765 0.5596712400401027 0.5808760647698769 0.44176941610764153 0.9964101850601986 0.48639319873796266 0.09165736607142831
0.8498452079137927 0.9514424261049772 1.1393444056182767 0.9903340456161513 0.5600992894883539 0.5771986150330769 0.4416618943316305 0.9963308443426453 0.48414515739636416 0.09165736607142831
0.8422048223451373 0.9116670501647612 1.1452552172870796 0.9912320075549292 0.552287603510085 0.5771759717931846 0.44992452392224375 0.9971560020320573 0.48190608812420416 0.09165736607142831
0.845500197485495 0.9131924239654255 1.1464939072217968 0.9915799063866418 0.5519022091314946 0.5751955202310418 0.45049874377908183 0.9971585247013943 0.48045364087388637 0.09165736607142831
0.8416020788293729 0.8834545588294452 1.1618178889376722 0.9916701992735343 0.5463918143398176 0.5781489205177176 0.45631673405888906 0.9976610980645646 0.47940292362593184 0.09165736607142831
0.8306004945773733 0.8190143809401458 1.1758570044234258 0.9922923175381575 0.5342482890420513 0.5804632514158498 0.46922632821165533 0.9984788689716089 0.4761083111149434 0.09165736607142831
0.8306004945773733 0.8190143809401458 1.1758570044234258 0.9922923175381575 0.5342482890420513 0.5804632514158498 0.46922632821165533 0.9984788689716089 0.4761083111149434 0.09165736607142831
0.8306004945773733 0.8190143809401458 1.1758570044234258 0.9922923175381575 0.5342482890420513 0.5804632514158498 0.46922632821165533 0.9984788689716089 0.4761083111149434 0.09165736607142831
0.8222554014716883 0.7684491354072555 1.1923394022358442 0.9923722673562052 0.5241669082163927 0.5835735381648802 0.47999859325665434 0.9988992900936737 0.47357162250587986 0.09165736607142831
0.8222554014716883 0.7684491354072555 1.1923394022358442 0.9923722673562052 0.5241669082163927 0.5835735381648802 0.47999859325665434 0.9988992900936737 0.47357162250587986 0.09165736607142831
0.8161138616996384 0.756880514044325 1.1893684101039403 0.9925265709394684 0.5201245502724142 0.5837353213742442 0.48418977433698945 0.9990224582718665 0.4730622459667398 0.09374999999999996
0.8161138616996384 0.756880514044325 1.1893684101039403 0.9925265709394684 0.5201245502724142 0.5837353213742442 0.48418977433698945 0.9990224582718665 0.4730622459667398 0.09374999999999996
0.8092159971319233 0.73742666287206 1.201426172556345 0.992306663547968 0.5147970750618627 0.5861058198093018 0.48973045297196727 0.9991604135112271 0.4729362793461851 0.09793526785714327
0.7987349257402294 0.7248572138768706 1.1978489354731454 0.9926230786165761 0.5119754614889027 0.5847237226214369 0.49255249003495877 0.99919995971629 0.4727428124269766 0.09793526785714327
0.8004979390286733 0.7221392254349608 1.2072092716081384 0.9922388104093403 0.5114425747800877 0.5870002225398873 0.4932837594126136 0.9991884467042815 0.472344870123942 0.104213169642857
0.8025019962773123 0.7085067338340487 1.2118629150963662 0.9921399200276737 0.5093231587728501 0.587808823902058 0.49568184353034533 0.9991504442380601 0.47120429301953626 0.11258370535714239
0.788052458543091 0.6881650555399447 1.1912897929909805 0.9923220662158528 0.5059731416993273 0.5870764891622935 0.49893633325108194 0.9992003477133984 0.47177052813818643 0.11258370535714239
0.7983903544526889 0.6902396794299799 1.1963405954536617 0.9920645203260937 0.5058209319507467 0.5885304149122701 0.4992700715110762 0.9991704512551445 0.4712363186462135 0.14188058035714304
0.8056559096155631 0.6788439511149453 1.1689075851830006 0.993087586611863 0.5050069205576226 0.5826957767620842 0.4999868124211041 0.9990898113611859 0.46986065167833324 0.21930803571428562
0.8056559096155631 0.6788439511149453 1.1689075851830006 0.993087586611863 0.5050069205576226 0.5826957767620842 0.4999868124211041 0.9990898113611859 0.46986065167833324 0.21930803571428562
0.784795513127224 0.6361303273615411 1.134769963010105 0.9931251462518897 0.4995015826547235 0.582621783815229 0.5053400741567994 0.9991368006641792 0.4711390543273627 0.21930803571428562
0.7873859406501666 0.6400233705136544 1.1310762290387595 0.9934893611023202 0.5000781902718543 0.5804192917077229 0.5046882906387563 0.9991204235641947 0.47074527342343997 0.4097377232142863
0.7686859767974492 0.6136174744376472 1.1175480832148077 0.9928624816437525 0.49831593080361 0.5841590370601495 0.5065246996889172 0.9991592390519402 0.47177777031195706 0.4097377232142863
0.7467572938328166 0.5928686124947509 1.098571473786206 0.9923548569677862 0.49774683707520007 0.5870668388522293 0.5069268471141587 0.9992614075606042 0.47374954269810815 0.4097377232142863
0.7467572938328166 0.5928686124947509 1.098571473786206 0.9923548569677862 0.49774683707520007 0.5870668388522293 0.5069268471141587 0.9992614075606042 0.47374954269810815 0.4683314732142865
0.7329233649630708 0.5844174374142483 1.075154131857401 0.9925046904417758 0.5001701761584055 0.5862444743283763 0.5041520357982088 0.9993714978143309 0.47530422177406917 0.47879464285714346
0.7316615848153969 0.5806972611663811 1.0746501297860496 0.9925066759385872 0.499452931806608 0.5862315678720269 0.5048679025350228 0.9993680531388298 0.47536537544681806 0.4808872767857139
0.7199215257776221 0.575945529363881 1.0581048729361797 0.9925209303074256 0.502078329159224 0.5861267695563834 0.5019369682585425 0.9994600076435908 0.47687087868146916 0.4850725446428572
0.7047737335962385 0.5681987569526055 1.0132625843785132 0.9935074624990703 0.5049677731206368 0.5801544045695135 0.49850612078027373 0.9995230138095862 0.47823858726157487 0.4871651785714289
0.7047737335962385 0.5681987569526055 1.0132625843785132 0.9935074624990703 0.5049677731206368 0.5801544045695135 0.49850612078027373 0.9995230138095862 0.47823858726157487 0.4871651785714289
0.7008600609141986 0.5608204262591966 0.9948849919784684 0.9941017559064417 0.5054704177253753 0.5763711415458372 0.49777125553624 0.9995375110081703 0.47863788502081317 0.4871651785714289
0.6968102098671931 0.5600484186122563 0.9664989126785146 0.9949807211606636 0.504789506078075 0.5704994313960321 0.49818548057543155 0.9995461920760839 0.47880231905460313 0.4871651785714289
0.6841625320999357 0.5297838747322 0.9056359183852148 0.9961035504882612 0.4993563670359843 0.5622885577601417 0.5031426031530699 0.9995942841889499 0.4801327954589355 0.4871651785714289
0.6537209355193425 0.5000329248417575 0.8371857469591055 0.9970556757848581 0.49369762238550285 0.553804806006694 0.5080946777050158 0.9996692769166228 0.4837487192901223 0.4892578125000005
0.6537209355193425 0.5000329248417575 0.8371857469591055 0.9970556757848581 0.49369762238550285 0.553804806006694 0.5080946777050158 0.9996692769166228 0.4837487192901223 0.4892578125000005
0.6176680101310351 0.47779261929978123 0.757181165284156 0.9980812041049981 0.4891141387418486 0.5423748242132538 0.5120158020676502 0.9996889547953631 0.4871315022605591 0.4892578125000005
0.5601502616769034 0.4652279466815543 0.6362609865227282 0.9990739305639306 0.48805970954372757 0.5279583869476285 0.5123812107452635 0.9997884575292162 0.4924344908834956 0.4892578125000005
0.5454835128370001 0.4640165692235504 0.5996018759162731 0.9993583466816813 0.48732230992104286 0.5218982768574295 0.512975289250661 0.9997878906923121 0.49346242728429285 0.4892578125000005
0.5100065524869192 0.4526809709434269 0.5392709197917063 0.9993322650048572 0.4844383390522479 0.5205946752954789 0.5156117577621363 0.999754444450872 0.4991044295990994 0.4892578125000005
0.5100065524869192 0.4526809709434269 0.5392709197917063 0.9993322650048572 0.4844383390522479 0.5205946752954789 0.5156117577621363 0.999754444450872 0.4991044295990994 0.4892578125000005
0.4480520429302677 0.44591736826474443 0.4326663920692765 0.999559804430834 0.48332351481880675 0.5126856534790039 0.5164663082077238 0.9996571171296862 0.5084046666637695 0.4892578125000005
0.3994738443218766 0.4401118966823909 0.34763663015426505 0.9997248248097064 0.4834921769099819 0.5012698987914928 0.5164527937010531 0.9994165567538705 0.5176472170292942 0.4892578125000005
0.35434893551417945 0.43609835721244616 0.2632142422802676 0.9995927238334775 0.48585871660688057 0.48564210539089037 0.5148397924530066 0.9991668136827427 0.5247245256077603 0.4892578125000005
0.32459905401954214 0.4313947499833759 0.21405126284637435 0.9991552424951715 0.484670403040141 0.47534109598143953 0.5166857432486771 0.9989592373252787 0.5275734412137058 0.4892578125000005
0.29528046422497023 0.43207180814828994 0.15699655496467638 0.9982689009440948 0.484370155003821 0.46149262143985303 0.5178924366622862 0.9988337670381665 0.5290475934303933 0.4892578125000005
0.2643592871826179 0.4308722594710415 0.11737514344568559 0.9977488676561103 0.48283513960524477 0.45583622158364523 0.5200146353366589 0.9985856391432223 0.5317931376311743 0.4892578125000005
0.21853026914757948 0.430618137664122 0.05225304066055328 0.9964613654598429 0.48152187168983385 0.443575870771301 0.5224314197816439 0.9983252088349024 0.5341735338878105 0.4892578125000005
0.17349265734035904 0.4302012291825356 -0.006878351610783567 0.9948804813988325 0.48193577201329063 0.43096357630669635 0.5234188516843572 0.9980361080566487 0.5375582688860038 0.4892578125000005
0.17349265734035904 0.4302012291825356 -0.006878351610783567 0.9948804813988325 0.48193577201329063 0.43096357630669635 0.5234188516843572 0.9980361080566487 0.5375582688860038 0.4892578125000005
0.1359402438760378 0.4330562022970595 -0.04889834273391805 0.9936111248982936 0.4819359516387279 0.42240631378394783 0.5245328712392255 0.9977776982852306 0.5401812400597719 0.4892578125000005
0.09669451243012286 0.43101410985378463 -0.0998280998102706 0.9929704806758959 0.47977165883378114 0.41894480332240125 0.5276135005702526 0.9973079101195687 0.5438333325298736 0.4892578125000005
0.09669451243012286 0.43101410985378463 -0.0998280998102706 0.9929704806758959 0.47977165883378114 0.41894480332240125 0.5276135005702526 0.9973079101195687 0.5438333325298736 0.4892578125000005
0.06683139682491304 0.43221485557100825 -0.13625047131439208 0.9918233459632748 0.4792261526588776 0.412380042306021 0.5292920123462875 0.9969606206456888 0.5465956114492658 0.4892578125000005
0.028803099711291608 0.43309645795233176 -0.17747862324648353 0.9899211657886722 0.47870674047936046 0.4024148185175133 0.5312090194247008 0.9966804781145445 0.5483065423527204 0.4892578125000005
-0.007125614068247271 0.4311911942294573 -0.21636845356163836 0.9877401284154701 0.4767746553670993 0.3924400031427028 0.534489516603697 0.9963743468627573 0.5492139073080614 0.4892578125000005
-0.03171223322726166 0.4318590725571254 -0.24054533590454938 0.9866747887229427 0.47636134691920007 0.3878043465501259 0.5357305180785683 0.9961621954140282 0.5504522875950788 0.4892578125000005
-0.04556026419630363 0.428559019605 -0.25092364347001295 0.9864074023708292 0.47518235998736 0.38690303343163956 0.5372232305509212 0.9959700947769267 0.5512554721815976 0.4892578125000005
-0.058222776953345406 0.42661047255672807 -0.26732409241334826 0.9853009772046092 0.4744967786219993 0.38239236757715345 0.5384726878434126 0.9958779902958548 0.5512240259034937 0.4892578125000005
-0.058222776953345406 0.42661047255672807 -0.26732409241334826 0.9853009772046092 0.4744967786219993 0.38239236757715345 0.5384726878434126 0.9958779902958548 0.5512240259034937 0.4892578125000005
-0.06924720445814755 0.4259613303306589 -0.2750950543286644 0.9845354704410374 0.47437831825544186 0.37930243733679814 0.5390032976195087 0.9958262805507367 0.5513230218447576 0.4892578125000005
-0.06836541439771623 0.4218118311613772 -0.26890725939887755 0.98477462531415 0.4726683138651007 0.3806453329449852 0.5405579064289383 0.995712695093705 0.5512151390553063 0.4892578125000005
-0.07609924200148152 0.4205548921181008 -0.277781159256367 0.9841145662074238 0.4741661029889661 0.37766967907757837 0.5393992461298208 0.995806168016991 0.5512148592478272 0.4892578125000005
-0.07609924200148152 0.4205548921181008 -0.277781159256367 0.9841145662074238 0.4741661029889661 0.37766967907757837 0.5393992461298208 0.995806168016991 0.5512148592478272 0.4892578125000005
-0.07222826921532241 0.38885625393935597 -0.24475285397484128 0.9851281202105846 0.4628653308118579 0.3848013086287133 0.5497481402833883 0.9950057988187564 0.5499340075621013 0.4892578125000005
-0.08019800098977334 0.3549362830396789 -0.22150025323697434 0.9847492010529324 0.450651617016348 0.38783069876580484 0.5618585465886006 0.993615443540363 0.5501629544810256 0.4892578125000005
-0.08019800098977334 0.3549362830396789 -0.22150025323697434 0.9847492010529324 0.450651617016348 0.38783069876580484 0.5618585465886006 0.993615443540363 0.5501629544810256 0.4892578125000005
-0.0924529169155934 0.30879083604947133 -0.19982452426030264 0.9840213712438308 0.4387926134416123 0.3905652059890344 0.5737978734453923 0.9918542780328798 0.551305630878556 0.4892578125000005
-0.09948925322112015 0.30850503132639884 -0.1976047172506483 0.9841495390179754 0.43891112209647565 0.3910670801706607 0.5738417228827049 0.9917292094668269 0.5524289409049933 0.4892578125000005
-0.10276973844120199 0.2557761757038555 -0.1801789297485308 0.9818993674611765 0.42113634159805674 0.39251729598469237 0.5918808405740632 0.9885671578896305 0.5534701099210044 0.4892578125000005
-0.10276973844120199 0.2557761757038555 -0.1801789297485308 0.9818993674611765 0.42113634159805674 0.39251729598469237 0.5918808405740632 0.9885671578896305 0.5534701099210044 0.4892578125000005
-0.1095086345204642 0.18708747087308145 -0.16104068405636177 0.979496070339898 0.40357222332317755 0.39615289330245806 0.6094951810432199 0.9846942350895906 0.555509522765364 0.4892578125000005
-0.11661494831701077 0.15280834610600272 -0.15346881127351567 0.9781798293509434 0.3963679828948823 0.39702682329418526 0.6164684258088107 0.9831713633864438 0.5545851914799612 0.4892578125000005
-0.13064127175315007 0.10603545845644394 -0.14888022045276075 0.9758734637097625 0.38580129467164126 0.3975201415979175 0.6261581112206399 0.9812817684701372 0.549507528244183 0.4892578125000005
-0.13064127175315007 0.10603545845644394 -0.14888022045276075 0.9758734637097625 0.38580129467164126 0.3975201415979175 0.6261581112206399 0.9812817684701372 0.549507528244183 0.4892578125000005
-0.1391468107389808 0.07797537145408276 -0.14420718184015538 0.9747699343102851 0.3804145422254545 0.39855133134177556 0.6310280770309952 0.9802183047581883 0.547127810438935 0.4892578125000005
-0.13788490757244684 0.05437391678559708 -0.14213421155071765 0.9741041908672102 0.3764961325102919 0.400144955813523 0.6341406310890263 0.9796928230438084 0.5435902281030053 0.4871651785714289
-0.1413172934474448 0.045968027139754314 -0.14683430051714935 0.9733838093968016 0.3752165528275747 0.3983344822115401 0.6353482539149842 0.9795255891311134 0.5416542669372459 0.4871651785714289
-0.13974614441880764 0.04578145705618833 -0.1440862667296279 0.9733910642032404 0.37517054820381046 0.39842482268965895 0.6353379689684977 0.9795499941796593 0.541405896936137 0.4871651785714289
-0.1429964810304156 0.03743514724629374 -0.14929621798693435 0.9728133684343376 0.3739332480330176 0.39726879465975423 0.6364723967106511 0.9793596164224478 0.5398579276374522 0.4871651785714289
-0.1438846580145238 0.03202431003114639 -0.1526209571095198 0.9723979283484033 0.3733866383696095 0.39603721186597846 0.6370061385082163 0.979291906701381 0.538827794919588 0.4871651785714289
-0.12931426671358534 0.028148774849616892 -0.1350877669023942 0.9736104198663205 0.3738543242187905 0.4011089321178719 0.6360402747382803 0.9794788110318018 0.5399015130083997 0.4871651785714289
-0.10715093116354699 0.0316599640419514 -0.10427641204814236 0.9753950060160212 0.3755748698529421 0.40771239321370556 0.6336448597122559 0.9800396833925372 0.5412307227651897 0.4871651785714289
-0.07652669581005092 0.03311624655927228 -0.0735346735906358 0.9767633399747786 0.3759486875207103 0.41451902956708764 0.6322230355519282 0.980527781964376 0.5401140578530917 0.4871651785714289
-0.08155097380346574 0.030650975740532244 -0.08040046063929496 0.9761757423793254 0.37520871392060634 0.4123483979687286 0.6331363724104819 0.98033330775781 0.539416213759466 0.4871651785714289
-0.04846561501086408 0.044184437448029495 -0.045641497256281166 0.9781820608972156 0.3779667266438712 0.4196955652902695 0.6294467194679596 0.9813474855390472 0.5393338456304262 0.4871651785714289
-0.01199628969954139 0.045764831101589784 0.0004907309111452929 0.9791578725324426 0.3785339812826725 0.424815158735885 0.62785936585319 0.9820235202877665 0.5361154689569912 0.4871651785714289
-0.01199628969954139 0.045764831101589784 0.0004907309111452929 0.9791578725324426 0.3785339812826725 0.424815158735885 0.62785936585319 0.9820235202877665 0.5361154689569912 0.4871651785714289
