-0.00038333188 3.9652246e-06 -0.00019263523 0.9999875 1.1962727e-05 -0.005000338 -1.1961535e-05 1.0 2.683239e-07 0.0
-0.00038333188 3.9652246e-06 -0.00019263523 0.9999875 1.1962727e-05 -0.005000338 -1.1961535e-05 1.0 2.683239e-07 0.0
-0.00038333188 3.9652246e-06 -0.00019263523 0.9999875 1.1962727e-05 -0.005000338 -1.1961535e-05 1.0 2.683239e-07 0.0
-0.0011336975 -2.4608127e-05 -0.00015168765 0.99998116 -0.0022851035 -0.0056919665 0.002292751 0.9999965 0.0013374463 0.0
-0.0021908996 -0.0016633895 0.0010613175 0.99994355 -0.0056131757 -0.009020291 0.005657151 0.9999722 0.004857046 -0.0007549192
-0.0044499515 -0.003177073 0.0021387702 0.9999024 -0.007903723 -0.011519338 0.007999381 0.9999337 0.008281879 -0.0015073956
-0.00708162 -0.00446287 0.0029778995 0.9998579 -0.010250196 -0.01338108 0.010394147 0.99988836 0.0107329935 -0.0022549867
-0.009766214 -0.005477016 0.0035479828 0.9998056 -0.01280404 -0.0149919605 0.012992569 0.99983686 0.012546207 -0.0029952496
-0.012350198 -0.0062432275 0.0038419622 0.99974525 -0.015423775 -0.016477844 0.015660476 0.99977463 0.014333692 -0.0037257418
-0.014749615 -0.0067271222 0.0038650595 0.99967986 -0.01784731 -0.017935185 0.018133022 0.9997092 0.015895907 -0.0044440203
-0.016920492 -0.00690056 0.0036284542 0.9996157 -0.019787267 -0.01941217 0.020121705 0.9996498 0.017186854 -0.005147642
-0.018838353 -0.006785567 0.0031448302 0.9995574 -0.021127183 -0.020944577 0.02151297 0.9995998 0.01836857 -0.005834166
-0.020486316 -0.0064265337 0.0024274017 0.9995069 -0.021846605 -0.022555396 0.02228895 0.9995604 0.019549996 -0.0065011475
-0.021854801 -0.0058795684 0.0014905405 0.99946404 -0.021994695 -0.024245312 0.022500135 0.999531 0.020775083 -0.007146145
-0.02294055 -0.005205536 0.00035062133 0.99942726 -0.021664253 -0.02599682 0.022239452 0.99950963 0.022044428 -0.007766715
-0.023747321 -0.004465979 -0.00096703914 0.99939275 -0.020981507 -0.027819771 0.021633204 0.9994936 0.023335274 -0.008360416
-0.024298003 -0.0037184674 -0.0024193237 0.99935937 -0.020086247 -0.029620053 0.020817926 0.9994805 0.024604151 -0.008924804
-0.0246052 -0.0030142716 -0.003992282 0.9993279 -0.01911381 -0.031278934 0.01992417 0.99946845 0.025804233 -0.009457435
-0.024680983 -0.0023972867 -0.005671612 0.9992968 -0.018195428 -0.03278495 0.019080713 0.9994561 0.026895398 -0.009955872
-0.024543362 -0.0019014894 -0.0074438136 0.9992652 -0.017442072 -0.034129634 0.01839612 0.99944305 0.027842248 -0.010417665
-0.02421299 -0.0015508286 -0.009297064 0.99923253 -0.016947927 -0.035314377 0.017962765 0.9994289 0.02862089 -0.010840377
-0.023714121 -0.0013599561 -0.011220501 0.99919814 -0.016790127 -0.036348343 0.017856462 0.99941367 0.029213399 -0.011221562
-0.023071848 -0.0013329475 -0.0132049965 0.99916106 -0.017023817 -0.037246596 0.018131895 0.99939686 0.02961706 -0.011558777
-0.022311388 -0.0014631236 -0.015243029 0.9991202 -0.017675124 -0.038032316 0.018815476 0.99937767 0.02983774 -0.011849582
-0.021457443 -0.0017324064 -0.017330134 0.9990738 -0.018741056 -0.03873312 0.01990514 0.99935496 0.029890072 -0.012091532
-0.020532237 -0.0021143802 -0.019462517 0.99902046 -0.020193908 -0.03937496 0.021374471 0.9993274 0.029795777 -0.012282185
-0.019553019 -0.0025773908 -0.021638915 0.9989584 -0.021987764 -0.039982952 0.023179142 0.99929357 0.02958184 -0.012419099
-0.018532591 -0.0030863374 -0.02385899 0.9988865 -0.024063842 -0.040578473 0.025261963 0.9992521 0.02927635 -0.012499832
-0.017477466 -0.0036063516 -0.026122326 0.99880415 -0.026356965 -0.04117786 0.027559284 0.9992021 0.02890854 -0.0125219375
-0.016389368 -0.004104428 -0.028428456 0.9987111 -0.028801382 -0.041792955 0.030006686 0.9991432 0.028504957 -0.012482978
-0.015265408 -0.0045449226 -0.030777326 0.9986084 -0.0313228 -0.042427976 0.032532103 0.99907506 0.02811837 -0.012380507
-0.01410009 -0.0048968317 -0.033164065 0.9984984 -0.03383733 -0.043081794 0.03505224 0.9989998 0.027763871 -0.012213122
-0.01289064 -0.005146681 -0.03557341 0.9983824 -0.036320224 -0.043742314 0.037542045 0.9989182 0.02744222 -0.011983581
-0.011634163 -0.0052919593 -0.03798585 0.9982634 -0.038724262 -0.044390645 0.03995387 0.99883246 0.02715526 -0.011695677
-0.010329515 -0.0053345365 -0.04038269 0.9981457 -0.040986333 -0.045003742 0.042224076 0.9987458 0.026905611 -0.011353212
-0.008976753 -0.0052792765 -0.042743966 0.9980355 -0.043009542 -0.04555557 0.04425501 0.9986636 0.02669287 -0.010959979
-0.0075783418 -0.0051336745 -0.045051806 0.9979362 -0.044775363 -0.04602711 0.04602742 0.9985883 0.026512008 -0.010519773
-0.00613823 -0.0049069813 -0.047289107 0.9978504 -0.046277992 -0.04639881 0.047534592 0.99852186 0.026354803 -0.010036392
-0.004662802 -0.004608842 -0.04943977 0.9977803 -0.047517747 -0.04665317 0.048776075 0.99846566 0.026214005 -0.00951363
-0.0031588455 -0.004249512 -0.051490523 0.9977274 -0.04849385 -0.04677967 0.04975048 0.9984211 0.02608261 -0.008955285
-0.0016349957 -0.0038400074 -0.053428788 0.99769294 -0.04921019 -0.046766955 0.05046106 0.99838877 0.025953 -0.008365157
-0.00010027597 -0.0033912049 -0.055245213 0.9976774 -0.04966872 -0.046614055 0.050909366 0.9983696 0.025815781 -0.007747037
0.001435763 -0.002914869 -0.056931186 0.9976808 -0.049873706 -0.046321336 0.05109937 0.9983638 0.025663247 -0.007104723
0.0029586782 -0.0024212557 -0.058483753 0.99770224 -0.049828 -0.04590662 0.051034115 0.99837166 0.02548621 -0.006442009
0.004459787 -0.0019209841 -0.05989738 0.9977413 -0.049531523 -0.04537631 0.05071346 0.9983933 0.025276903 -0.0057626953
0.0059321783 -0.0014245111 -0.061166555 0.99779695 -0.04898564 -0.044739425 0.050138917 0.9984286 0.025029251 -0.005070577
0.007366265 -0.00094036525 -0.062286668 0.99786836 -0.04818693 -0.044009052 0.04930721 0.99847734 0.02473446 -0.004369449
0.008750627 -0.0004774117 -0.06325379 0.9979541 -0.04713147 -0.043200474 0.048214793 0.99853927 0.024386832 -0.0036631091
0.010073181 -4.3686043e-05 -0.06406563 0.99805254 -0.045816816 -0.04233079 0.0468596 0.99861366 0.023978986 -0.002955353
0.011321111 0.0003532351 -0.06471968 0.998162 -0.0442405 -0.041417528 0.045239586 0.9986996 0.023503633 -0.0022499738
0.012481494 0.0007074649 -0.065213725 0.9982805 -0.042394605 -0.040480576 0.043347355 0.9987963 0.022955403 -0.0015507732
0.01354075 0.0010126473 -0.06554589 0.9984059 -0.04027855 -0.0395394 0.041182775 0.99890214 0.022326963 -0.0008615451
0.014485616 0.0012651375 -0.06571367 0.99853593 -0.037884545 -0.03861015 0.03873833 0.9990157 0.021609833 -0.0001860857
0.01530025 0.0014643962 -0.06571578 0.99866796 -0.035192784 -0.037732925 0.03599624 0.99913484 0.020829525 0.00047180848
0.015961085 0.0016100374 -0.06555452 0.9988012 -0.03210007 -0.03695628 0.032858107 0.9992581 0.020090338 0.0011083437
0.016440239 0.0016976239 -0.06523767 0.99893 -0.028693786 -0.036270306 0.029413376 0.9993778 0.019464064 0.0017197188
0.016721712 0.0017268441 -0.06477384 0.99905235 -0.025005693 -0.035625562 0.025691053 0.99949104 0.01891172 0.0023021405
0.016810967 0.001700155 -0.06416157 0.9991654 -0.021098103 -0.03497593 0.021748478 0.9995956 0.018319875 0.0028518126
0.016722046 0.0016337754 -0.063402385 0.99926585 -0.017032662 -0.034317277 0.017645296 0.99968886 0.017628945 0.0033657798
0.01648286 0.0015598147 -0.062517665 0.99935013 -0.012863862 -0.033672992 0.013435968 0.99976826 0.016819295 0.0038444442
0.0161256 0.0015178667 -0.061529316 0.9994165 -0.008625449 -0.03305049 0.009154448 0.99983186 0.015888052 0.004289057
0.015680283 0.0015473564 -0.06045666 0.99946415 -0.0043313503 -0.032444175 0.004814903 0.9998783 0.014840864 0.0047008605
0.015173834 0.0016837979 -0.05931513 0.999493 2.1442762e-05 -0.031839233 0.00041490144 0.99990606 0.013697938 0.0050811046
0.0146286925 0.0019554577 -0.05812047 0.99950266 0.0044493545 -0.031218618 -0.004061038 0.99991375 0.012490994 0.005431033
0.014062557 0.0023803539 -0.056887027 0.9994924 0.008975265 -0.030567804 -0.008634768 0.9998994 0.011252875 0.005751891
0.013489965 0.0029636053 -0.05562973 0.99946094 0.013618593 -0.029872669 -0.013324781 0.99986106 0.010012608 0.0060449285
0.01292084 0.0036995672 -0.0543633 0.9994065 0.018392837 -0.029125465 -0.018143663 0.9997967 0.008796457 0.0063113878
0.012360731 0.0045693843 -0.05310262 0.9993273 0.023298642 -0.028322704 -0.023091407 0.9997043 0.0076220655 0.0065525183
0.011811953 0.0055448525 -0.051864058 0.9992213 0.028321642 -0.027470922 -0.028153162 0.99958247 0.0065005645 0.0067695654
0.01127341 0.006589679 -0.05066288 0.9990876 0.03342945 -0.026579417 -0.033296354 0.9994308 0.0054345205 0.0069637736
0.010742633 0.007662994 -0.049517017 0.9989262 0.038572215 -0.025663689 -0.0384712 0.99924994 0.0044183955 0.0071363915
0.010215768 0.008723241 -0.048443127 0.998739 0.043686606 -0.024737274 -0.04361464 0.9990425 0.0034414795 0.007288663
0.009689257 0.009730689 -0.047459766 0.9985292 0.04870399 -0.023819223 -0.04865843 0.9988124 0.0024890862 0.007421837
0.009161154 0.010651002 -0.046585362 0.99830186 0.05355147 -0.022926824 -0.053530153 0.998565 0.0015428051 0.0075371587
0.008631363 0.011457472 -0.045838717 0.99806315 0.05816037 -0.022075566 -0.058161642 0.998307 0.00058502186 0.007635873
0.008103195 0.012132999 -0.04523936 0.9978201 0.062466078 -0.02128434 -0.06248878 0.99804556 -0.0004024981 0.007719228
0.0075828503 0.012670703 -0.04480673 0.99757975 0.06641998 -0.020568775 -0.06646343 0.99778783 -0.0014355433 0.0077884686
0.0070799263 0.013073656 -0.04455982 0.9973483 0.06998992 -0.019944958 -0.070053875 0.99754 -0.0025253138 0.007844842
0.0066079097 0.01335423 -0.044517804 0.9971308 0.07316139 -0.019429991 -0.07324606 0.9973071 -0.0036810543 0.007889595
0.0061830953 0.013530923 -0.044698406 0.99693066 0.07593927 -0.019038685 -0.076045275 0.9970923 -0.0049059875 0.007923972
0.00582571 0.01362621 -0.045118816 0.9967504 0.07832763 -0.01879925 -0.078456454 0.9968982 -0.006214086 0.00794922
0.005558122 0.013662432 -0.045794133 0.996593 0.08031854 -0.018744295 -0.08047287 0.9967276 -0.007628716 0.007966585
0.0054041287 0.013662682 -0.04673619 0.996456 0.08196547 -0.018894501 -0.08214884 0.99657816 -0.009140934 0.007977315
0.0053882203 0.013645697 -0.04795396 0.996333 0.0833641 -0.01925992 -0.08358045 0.99644345 -0.010714031 0.007982655
0.0055352496 0.013626444 -0.04945268 0.99621284 0.08465582 -0.019833336 -0.0849092 0.99631274 -0.012300405 0.007983851
0.0058656484 0.013612143 -0.051225834 0.9960904 0.08590131 -0.020611761 -0.08619685 0.9961811 -0.013904463 0.007982329
0.0063847853 0.013610831 -0.053228997 0.99596477 0.08712505 -0.021527559 -0.08746822 0.99604595 -0.015547985 0.00798024
0.0070907148 0.01362663 -0.05540751 0.99583685 0.08833323 -0.022500215 -0.08872933 0.99590623 -0.017258288 0.007979907
0.007975825 0.0136622535 -0.057710104 0.9957079 0.08952769 -0.023461863 -0.08998188 0.99576074 -0.019074291 0.007983662
0.009027207 0.013718341 -0.06009335 0.99558026 0.09069551 -0.024376875 -0.09121328 0.9956091 -0.02103927 0.007993832
0.010238664 0.013787543 -0.062506974 0.99545693 0.09181995 -0.025191106 -0.09240662 0.9954509 -0.023204882 0.0080127455
0.011600583 0.013860524 -0.06490627 0.9953399 0.09289329 -0.025872998 -0.093553945 0.9952847 -0.02561367 0.00804273
0.013102672 0.013929622 -0.06725482 0.99522954 0.09391842 -0.026409946 -0.094658144 0.9951072 -0.02831099 0.008086113
0.014734059 0.013986522 -0.06952329 0.99512607 0.09489955 -0.026798151 -0.09572351 0.99491423 -0.031347528 0.008145225
0.016498655 0.014012566 -0.071702026 0.99502957 0.09583955 -0.0270366 -0.09675289 0.9947006 -0.03477968 0.008222392
0.018381875 0.0140053695 -0.07378309 0.99493676 0.09674978 -0.02720845 -0.09775892 0.99446166 -0.038591027 0.008319943
0.020361887 0.013974557 -0.07575679 0.9948446 0.0976429 -0.027386777 -0.0987563 0.994192 -0.04277194 0.008440205
0.022419862 0.013940407 -0.077618144 0.9947388 0.09864777 -0.027628452 -0.09987365 0.9938798 -0.047203436 0.008585508
0.024534937 0.01391203 -0.079368316 0.9946251 0.09967392 -0.028035747 -0.10102666 0.99352986 -0.05188509 0.008758178
0.02668751 0.013905555 -0.08100827 0.9945005 0.10073919 -0.028640794 -0.10223585 0.9931398 -0.056755003 0.008960546
0.028857447 0.013937396 -0.08253672 0.99436176 0.1018687 -0.029453373 -0.10352782 0.9927092 -0.06172878 0.009194938
0.031024912 0.014022608 -0.08395033 0.9942067 0.10307677 -0.030465025 -0.1049172 0.9922408 -0.06671286 0.009463681
0.033170197 0.0141743105 -0.08524155 0.9940355 0.10436488 -0.031645242 -0.106403865 0.9917405 -0.071616866 0.009769106
0.03527383 0.01440197 -0.08639923 0.9938507 0.10571226 -0.032948956 -0.107963644 0.9912183 -0.0763553 0.010113537
0.03731649 0.014713937 -0.087409005 0.9936567 0.10709154 -0.034319572 -0.10956382 0.9906862 -0.08084943 0.010499308
0.039279025 0.0151168145 -0.0882552 0.9934598 0.108460054 -0.035693847 -0.1111545 0.9901596 -0.085021906 0.010928744
0.041144416 0.015616924 -0.08892027 0.99326724 0.10977547 -0.037007466 -0.112684995 0.98965406 -0.088808574 0.011404171
0.04289684 0.016218225 -0.08938341 0.99308616 0.1109996 -0.038197078 -0.114108354 0.9891841 -0.09216386 0.011927922
0.04452406 0.01692206 -0.08962117 0.9929233 0.11210051 -0.03920084 -0.11538388 0.98876125 -0.09506693 0.012502318
0.046017017 0.017726615 -0.0896064 0.99278563 0.113049455 -0.039957 -0.11647416 0.98839515 -0.09751317 0.013129696
0.047369953 0.018629542 -0.089311905 0.9926792 0.113820046 -0.040411394 -0.11734516 0.9880932 -0.09950844 0.01381238
0.048579067 0.019627418 -0.08870886 0.99260926 0.11439217 -0.04051313 -0.11796983 0.987861 -0.10106334 0.014552692
0.049644653 0.020714516 -0.08777737 0.99257815 0.11475979 -0.040234555 -0.118338294 0.98770076 -0.10219253 0.015351912
0.050571598 0.021869563 -0.086535186 0.99258196 0.11494111 -0.039618153 -0.11847312 0.9876094 -0.102916464 0.016207106
0.051366415 0.023071643 -0.08501053 0.99261504 0.11495961 -0.038724802 -0.118404716 0.9875834 -0.10324399 0.017114257
0.05203721 0.024303008 -0.08323066 0.9926731 0.11482868 -0.037609532 -0.11815304 0.9876216 -0.10316672 0.018069379
0.052593306 0.025549404 -0.0812205 0.99275273 0.11455671 -0.036314446 -0.11773195 0.9877239 -0.10266793 0.019068483
0.05304585 0.026799627 -0.07900142 0.99285173 0.11414671 -0.034870736 -0.11714928 0.98789 -0.10173191 0.020107549
0.053407233 0.02804486 -0.076591976 0.99296856 0.1135986 -0.03329877 -0.11640893 0.988119 -0.100348346 0.021182593
0.05369103 0.029277511 -0.07400751 0.9931027 0.11290569 -0.031610496 -0.115507856 0.98840904 -0.09851647 0.022289615
0.053911995 0.030490816 -0.071261205 0.99325436 0.112058364 -0.02981042 -0.11443963 0.9887567 -0.096248254 0.023424637
0.05408564 0.031678166 -0.06836539 0.99342394 0.11104172 -0.0279031 -0.11319292 0.98915744 -0.093567684 0.024583627
0.054227754 0.032831468 -0.06532959 0.9936121 0.10984007 -0.025887381 -0.11175532 0.989605 -0.090513416 0.025762603
0.054356366 0.033942014 -0.062163852 0.9938191 0.10843945 -0.023758912 -0.11011581 0.9900923 -0.08713057 0.026957586
0.05449266 0.03500055 -0.0588779 0.9940424 0.10685061 -0.021508597 -0.10828765 0.9906092 -0.08346947 0.028164545
0.054650884 0.035991788 -0.05548176 0.9942814 0.10506078 -0.01914925 -0.1062625 0.99114776 -0.07958919 0.029379498
0.054841354 0.036897995 -0.051986888 0.99453557 0.10305638 -0.016685866 -0.10403017 0.99170035 -0.07555231 0.030598467
0.055071376 0.037701227 -0.048404176 0.9948035 0.100829214 -0.014125019 -0.10158549 0.9922596 -0.07142274 0.03181742
0.05534558 0.038382687 -0.044748064 0.9950828 0.098378986 -0.011478223 -0.098930955 0.99281895 -0.067255065 0.033032373
0.055666097 0.038926058 -0.041033484 0.99537027 0.09571415 -0.008762603 -0.09607747 0.9933716 -0.063102834 0.034239337
0.05603096 0.0393161 -0.03727834 0.99566257 0.092844635 -0.0059977034 -0.093036905 0.9939123 -0.059012678 0.035434317
0.056436315 0.039541136 -0.03350132 0.99595565 0.089788646 -0.0032086049 -0.08982891 0.9944359 -0.055027563 0.0366133
0.056876287 0.039592907 -0.029724218 0.9962461 0.08656505 -0.0004244666 -0.08647326 0.99493873 -0.051179405 0.03777229
0.05734299 0.0394674 -0.025968835 0.99653023 0.08319901 0.002324571 -0.08299531 0.9954175 -0.0474957 0.03890731
0.05782663 0.039165583 -0.02225827 0.9968055 0.079710566 0.0050019342 -0.07941506 0.9958706 -0.043989114 0.040014334
0.058315855 0.038693286 -0.018617822 0.9970704 0.07611463 0.0075673223 -0.075747065 0.9962977 -0.040659808 0.041089386
0.058796424 0.038061373 -0.015073098 0.99732393 0.07242561 0.00997572 -0.07200513 0.99669904 -0.037501328 0.04212845
0.05925197 0.037282225 -0.011649411 0.9975665 0.068648875 0.0121790515 -0.06819378 0.9970752 -0.03450631 0.043127563
0.05966646 0.03636789 -0.008370481 0.9977987 0.0647927 0.014131074 -0.064319976 0.99742657 -0.03167264 0.044082683
0.0600257 0.03533394 -0.0052533187 0.9980207 0.06086753 0.015806818 -0.06039201 0.9977535 -0.0289948 0.044990525
0.060332093 0.034204274 -0.0022927616 0.9982311 0.05690008 0.017232813 -0.056432936 0.9980552 -0.026478803 0.045850515
0.060591374 0.033004105 0.00052185263 0.9984286 0.05291574 0.018446727 -0.052464563 0.99833095 -0.024140129 0.046662744
0.060809176 0.031758294 0.0031975443 0.99861217 0.04893342 0.019475462 -0.04850279 0.9985807 -0.022001779 0.04742733
0.06099079 0.030489624 0.005737847 0.9987817 0.044962496 0.020334821 -0.04455453 0.9988049 -0.020089194 0.048144396
0.0611398 0.029219031 0.008142493 0.99893737 0.041011058 0.021029085 -0.040625893 0.9990045 -0.018427206 0.048814036
0.061257433 0.027962685 0.0104087815 0.9990801 0.037074655 0.02154852 -0.036711 0.99918073 -0.017033583 0.049436353
0.061344646 0.026735641 0.012529862 0.9992104 0.033151757 0.021897957 -0.032807108 0.999335 -0.015915042 0.05001147
0.06140251 0.025551155 0.014497409 0.99932855 0.029241707 0.02207669 -0.028913088 0.99946845 -0.015060644 0.05053951
0.061431393 0.024421215 0.016300086 0.9994349 0.025344083 0.022080973 -0.025028767 0.9995824 -0.014441233 0.051020548
0.061430097 0.023356266 0.01792458 0.9995297 0.021455776 0.021907924 -0.021151707 0.999678 -0.014018075 0.051454715
0.06139743 0.02236598 0.019358767 0.9996131 0.017576987 0.021556955 -0.017283091 0.99975616 -0.013744832 0.051842123
0.06133101 0.021456271 0.020591442 0.9996849 0.013700769 0.021034926 -0.013417044 0.9998179 -0.013570685 0.052182864
0.061230913 0.020633474 0.02161288 0.9997447 0.009828243 0.02034568 -0.009555984 0.99986404 -0.013435908 0.05247706
0.061098225 0.019903325 0.022415852 0.99979216 0.0059640612 0.019495377 -0.0057056793 0.9998955 -0.013282342 0.05272483
0.06093616 0.019265793 0.022994762 0.9998268 0.0021072906 0.018491661 -0.001866668 0.9999135 -0.013020123 0.05292626
0.06074706 0.018720731 0.02335001 0.9998479 -0.0017424589 0.017354019 0.0019612787 0.9999187 -0.012600144 0.053081475
0.060536228 0.018274706 0.023485282 0.9998548 -0.005567987 0.016106725 0.0057626073 0.99991065 -0.012062109 0.05319058
0.06031339 0.017929621 0.023408748 0.99984705 -0.009352065 0.014779192 0.009520804 0.99988985 -0.011388464 0.053253684
0.06008612 0.017687958 0.023130456 0.99982464 -0.013076426 0.013405427 0.013218664 0.9998567 -0.010577231 0.0532709
0.059864398 0.017551582 0.022661114 0.99978805 -0.016717847 0.012016704 0.016834062 0.9998119 -0.009635701 0.053242337
0.05965863 0.0175228 0.022013625 0.99973834 -0.020245109 0.010646052 0.020336863 0.99975634 -0.00858201 0.053168096
0.059479482 0.017601997 0.021200735 0.99967724 -0.023630397 0.009329078 0.023700172 0.9996914 -0.0074407877 0.053048298
0.05934214 0.017785799 0.020229984 0.9996059 -0.026900144 0.008024365 0.026950607 0.9996172 -0.0062480397 0.052883044
0.05925203 0.018075649 0.019118227 0.9995272 -0.02997624 0.006835347 0.0300109 0.99953693 -0.005025541 0.052672446
0.059217785 0.018468019 0.01787692 0.99944425 -0.032824427 0.0058068857 0.032846786 0.9994532 -0.003797724 0.05241662
0.05924727 0.018959358 0.016516479 0.99935997 -0.035424553 0.004977883 0.035437778 0.9993685 -0.002594636 0.052115664
0.059342787 0.019544024 0.015043604 0.9992772 -0.037761044 0.0043839887 0.037767682 0.9992855 -0.0014422212 0.051769506
0.05948656 0.020214643 0.013456984 0.99919814 -0.03983375 0.0040374906 0.03983553 0.9992062 -0.00036168264 0.0513773
0.05965531 0.020961873 0.011751373 0.99912435 -0.041652445 0.0039437236 0.041650254 0.99913204 0.00063548994 0.050938033
0.059826657 0.021775212 0.009921299 0.9990569 -0.043225575 0.004109151 0.043219548 0.9990644 0.0015439525 0.050450668
0.059979305 0.022641875 0.007960081 0.99899614 -0.04456585 0.0045385933 0.04455544 0.9990041 0.002368427 0.049914174
0.060093068 0.023547359 0.005861447 0.99894214 -0.045684922 0.00523847 0.045669008 0.99895173 0.0031189315 0.04932754
0.0601514 0.024475712 0.0036200788 0.9988944 -0.046597835 0.0062139346 0.046574745 0.99890757 0.0038103613 0.048689723
0.06013979 0.025409263 0.0012318884 0.9988521 -0.047314912 0.007472095 0.047282457 0.99887156 0.004462218 0.04799971
0.06004747 0.026329469 -0.0013046709 0.9988137 -0.047852296 0.009018149 0.047807734 0.99884355 0.0050937613 0.047256455
0.05986767 0.027215976 -0.0039882814 0.9987776 -0.048222955 0.010854451 0.048162896 0.99882305 0.0057279794 0.046458952
0.059597395 0.028048541 -0.0068145907 0.99874175 -0.048438873 0.012985201 0.048359137 0.9988096 0.0063860742 0.045606162
0.059239708 0.028810598 -0.00976972 0.99870384 -0.048512597 0.015400314 0.04840744 0.99880224 0.007129206 0.044697054
0.05881524 0.029526472 -0.012798876 0.99866396 -0.04841888 0.018051779 0.04828111 0.9988018 0.0079911975 0.043730617
0.05833271 0.03019455 -0.015871035 0.99861914 -0.048171736 0.02095968 0.047998406 0.9988096 0.008695964 0.04270582
0.057798725 0.030785605 -0.01897196 0.99856615 -0.047783002 0.024132326 0.04757242 0.9988252 0.0092264125 0.04162161
0.057222933 0.031278756 -0.022086538 0.9985035 -0.047240626 0.027551932 0.04699154 0.998849 0.009619387 0.040477
0.056616567 0.031658854 -0.025199832 0.9984298 -0.04653606 0.031183619 0.0462474 0.9988808 0.009915286 0.039270945
0.05598995 0.031914346 -0.028293658 0.9983439 -0.045669075 0.034982786 0.04533994 0.9989201 0.010145124 0.03800242
0.055352435 0.032036632 -0.031347018 0.9982452 -0.04464256 0.03890443 0.04427217 0.9989661 0.01033103 0.036670372
0.054712728 0.032020167 -0.03433583 0.99813354 -0.04346242 0.042901132 0.043050345 0.9990179 0.010483223 0.035273824
0.054077268 0.03186291 -0.037233938 0.99800897 -0.042136528 0.046931647 0.041683182 0.9990747 0.010597306 0.03381172
0.053451385 0.031567167 -0.04001426 0.9978726 -0.040668216 0.0509553 0.040175796 0.99913585 0.010651439 0.032283016
0.05283802 0.031138975 -0.042651784 0.9977257 -0.03905589 0.05493593 0.038528822 0.99920106 0.010621249 0.030686721
0.052243844 0.030590307 -0.045123477 0.997571 -0.03728189 0.0588404 0.03672749 0.9992704 0.010476006 0.029021796
0.051702894 0.029940166 -0.04740818 0.99741423 -0.0352304 0.06263881 0.03465845 0.9993472 0.010194394 0.027287189
0.051238872 0.029209908 -0.049488544 0.99726033 -0.032792702 0.06630557 0.0322178 0.9994336 0.009721603 0.025481913
0.05084466 0.028420117 -0.051352073 0.99711037 -0.029934132 0.069820166 0.029376715 0.99952793 0.0089969905 0.023604928
0.05048933 0.027590767 -0.05299399 0.9969626 -0.026693821 0.07316427 0.026180014 0.99962544 0.007972864 0.021657709
0.050136853 0.02674146 -0.054416988 0.9968138 -0.023176193 0.07632279 0.022737179 0.99971956 0.0066161063 0.019651765
0.049753197 0.025889572 -0.055629104 0.99666256 -0.019499943 0.079268456 0.019168645 0.9998041 0.004938293 0.017601177
0.049308315 0.025050275 -0.056640644 0.99650955 -0.015778678 0.08197436 0.015587909 0.9998741 0.002966679 0.01551996
0.048776783 0.024235759 -0.05746179 0.9963571 -0.012122244 0.084413216 0.012102928 0.9999265 0.0007405778 0.013422123
0.048138205 0.023454864 -0.058102563 0.9962087 -0.008634109 0.08656541 0.0088137705 0.9999597 -0.0016934589 0.011321763
0.047379654 0.02271469 -0.058570966 0.9960685 -0.0054012113 0.08842162 0.0058031003 0.99997395 -0.0042887153 0.009232881
0.046494596 0.022020873 -0.05887478 0.9959401 -0.0024926185 0.0899839 0.003134999 0.9999706 -0.006998204 0.0071695196
0.04548358 0.02137364 -0.05902327 0.995827 4.430186e-05 0.091260985 0.0008532979 0.99995166 -0.009796484 0.0051456913
0.044354353 0.020773932 -0.05902873 0.9957309 0.002189331 0.0922783 -0.00103142 0.9999202 -0.012593855 0.0031754803
0.043119483 0.020236138 -0.058896832 0.99565285 0.0039436794 0.09305828 -0.0025263291 0.99987906 -0.015343674 0.0012729019
0.04179638 0.019769955 -0.058634903 0.9955935 0.0053260955 0.09362286 -0.0036526124 0.99983066 -0.01803701 -0.0005480293
0.040405005 0.01938263 -0.058253013 0.9955517 0.0063713463 0.094001 -0.0044476083 0.99977666 -0.020660413 -0.0022732317
0.038967013 0.019079532 -0.0577645 0.9955261 0.0071182763 0.09421851 -0.004953436 0.9997188 -0.023190774 -0.0038886927
0.03750588 0.018863965 -0.057184476 0.9955144 0.007616588 0.09430305 -0.0052235276 0.9996587 -0.02559717 -0.0053803883
0.036149025 0.018559795 -0.056630395 0.9954799 0.006505457 0.09474942 -0.004206171 0.99969226 -0.024446553 -0.00673425
0.03488736 0.018156413 -0.056122933 0.99543315 0.006371078 0.09524817 -0.004143275 0.9997136 -0.023568952 -0.007936254
0.033683818 0.017714689 -0.055599716 0.99539465 0.006342104 0.09565158 -0.0041356073 0.99972117 -0.023248695 -0.008972367
0.032574505 0.017258167 -0.05503319 0.99535626 0.006264672 0.09605544 -0.0040511144 0.9997221 -0.02322231 -0.00982856
0.0315659 0.016826993 -0.05441223 0.9953014 0.006403362 0.09661275 -0.00416871 0.9997195 -0.023314133 -0.010490777
0.030655138 0.016447654 -0.05374534 0.99522924 0.006676219 0.09733532 -0.0044186297 0.99971664 -0.023391074 -0.01094499
0.029842144 0.016136363 -0.053048823 0.9951407 0.007032287 0.09821172 -0.004758927 0.99971575 -0.023362646 -0.011177164
0.02912802 0.01590118 -0.052337155 0.9950372 0.0074302917 0.09922564 -0.005152744 0.9997178 -0.0231898 -0.011173252
0.02851484 0.015744092 -0.051622193 0.9949198 0.007835221 0.10036561 -0.0055670133 0.9997232 -0.022859622 -0.010919226
0.028007042 0.015664218 -0.05091144 0.99478847 0.008219324 0.101628356 -0.0059745833 0.99973184 -0.02237243 -0.01040104
0.02761068 0.015660135 -0.05020851 0.9946429 0.008566087 0.10301479 -0.006358547 0.99974346 -0.021738684 -0.00960467
0.02733415 0.015730185 -0.049514357 0.9944822 0.0088729905 0.1045292 -0.0067157517 0.9997575 -0.020971585 -0.008516073
0.02718293 0.015872099 -0.048827916 0.994305 0.009140913 0.1061792 -0.0070470027 0.99977356 -0.020079015 -0.00713003
0.027150221 0.016079403 -0.048143335 0.9941104 0.009376583 0.1079658 -0.007357256 0.9997908 -0.019086566 -0.0054765856
0.027226716 0.016344532 -0.04745423 0.9938977 0.00959704 0.109887436 -0.007661866 0.9998083 -0.018019248 -0.0035945578
0.027401565 0.016660795 -0.046754204 0.9936665 0.009805235 0.11194033 -0.00796303 0.9998256 -0.016892286 -0.001522908
0.027663523 0.017022254 -0.04603604 0.99341685 0.010014275 0.11411686 -0.008272425 0.9998421 -0.015727099 0.0006995443
0.028000334 0.017423838 -0.045292366 0.9931489 0.010224228 0.116407424 -0.008589988 0.9998575 -0.014531996 0.0030339342
0.028397024 0.017860726 -0.044516023 0.9928627 0.010446762 0.11880455 -0.00892659 0.99987143 -0.013320541 0.0054413993
0.028836284 0.018329192 -0.04369899 0.9925588 0.010682929 0.121296845 -0.00928172 0.9998836 -0.012111061 0.00788307
0.02929704 0.018827049 -0.042833164 0.99223596 0.01092824 0.12388866 -0.009652654 0.9998941 -0.010891816 0.010320086
0.029759932 0.019351566 -0.04191332 0.99189603 0.011128909 0.12656388 -0.009988571 0.9999036 -0.009641079 0.0127136335
0.030203918 0.019896979 -0.040936533 0.9915408 0.011299746 0.12930286 -0.010301664 0.9999118 -0.008385196 0.015024735
0.030611996 0.020451397 -0.03989958 0.9911757 0.011304355 0.13207157 -0.010457925 0.9999201 -0.00710078 0.017214578
0.030980533 0.0210049 -0.038794957 0.990802 0.011135632 0.13486063 -0.010450719 0.99992865 -0.0057855686 0.019244306
0.03129925 0.02155171 -0.037615314 0.9904175 0.010899147 0.13767526 -0.010381728 0.9999361 -0.004475788 0.021075051
0.03155198 0.022099856 -0.036344316 0.9900282 0.010560968 0.14047265 -0.0102004735 0.9999426 -0.0032860795 0.022667948
0.0317471 0.022634508 -0.034994047 0.98964256 0.010066071 0.14320004 -0.009861545 0.9999491 -0.0021379418 0.023984123
0.031892575 0.023143327 -0.03357994 0.9892681 0.009476271 0.14580388 -0.009429972 0.999955 -0.0010087118 0.02498475
0.031994034 0.023613777 -0.032115236 0.9889128 0.008846858 0.14823334 -0.008962289 0.9999598 0.00011078234 0.025630895
0.03205271 0.0240314 -0.030610636 0.9885836 0.008224864 0.15044859 -0.008505637 0.9999631 0.0012228277 0.025883738
0.032066904 0.024380568 -0.02907515 0.98828584 0.0076463507 0.15242262 -0.008094875 0.99996454 0.002322298 0.025704391
0.032030813 0.024645803 -0.027515762 0.98802394 0.007130874 0.15413587 -0.0077472497 0.99996424 0.003398619 0.025054019
0.03193602 0.024813266 -0.025937408 0.9878013 0.00668782 0.15557599 -0.007469231 0.9999623 0.0044386536 0.023893725
0.031770036 0.02487025 -0.024345074 0.9876212 0.0063111684 0.1567307 -0.007250848 0.999959 0.0054244776 0.022184681
0.0315151 0.024805041 -0.022742605 0.98748547 0.0059752883 0.15759687 -0.0070626577 0.99995494 0.0063405638 0.019887917
0.031156266 0.02460883 -0.021131217 0.9873949 0.0056734886 0.15817405 -0.0068944194 0.9999505 0.007171258 0.016964711
0.030676452 0.02427458 -0.019510997 0.98734564 0.00544406 0.15848947 -0.00678006 0.9999459 0.0078901 0.013376139
0.03005907 0.023796706 -0.017882422 0.98733926 0.0052439994 0.15853623 -0.0066740713 0.9999417 0.008489405 0.009083331
0.029287862 0.023174087 -0.016245846 0.98737353 0.005064664 0.15832816 -0.0065662097 0.9999383 0.008962086 0.004076034
0.028358806 0.02241508 -0.014605496 0.9874444 0.004899404 0.15789096 -0.0064522224 0.99993575 0.009323663 -0.0015415624
0.027270958 0.021529324 -0.012966471 0.9875473 0.004678448 0.15725295 -0.006265519 0.9999343 0.009598265 -0.0076368228
0.026021697 0.020532547 -0.01133387 0.98767835 0.0044557815 0.15643404 -0.0060644816 0.99993354 0.00980779 -0.01407665
0.024610206 0.019439574 -0.009712886 0.9878346 0.0042251213 0.1554511 -0.005846546 0.9999332 0.009974719 -0.020728394
0.023040837 0.018266132 -0.008109878 0.9880134 0.003985658 0.15431695 -0.0056147976 0.999933 0.0101227015 -0.027459238
0.021323789 0.017029379 -0.006530434 0.98821265 0.003752154 0.1530413 -0.0053869393 0.99993277 0.010268731 -0.034136422
0.019467603 0.015746962 -0.004982149 0.9884321 0.0035295128 0.15162277 -0.005168897 0.99993235 0.010419476 -0.040627122
0.01747992 0.014436536 -0.00347328 0.98867106 0.0033116746 0.15006194 -0.0049558994 0.9999317 0.010584339 -0.046798572
0.015370723 0.013115556 -0.002012048 0.98892903 0.003093993 0.14835708 -0.0047442843 0.99993074 0.010771185 -0.05251809
0.013152615 0.011800303 -0.00060673803 0.98920524 0.0028735742 0.14650837 -0.004532248 0.99992937 0.010988806 -0.0576526
0.010848152 0.010515743 0.0007276096 0.9894917 0.002680947 0.14456472 -0.004361713 0.9999265 0.011310705 -0.062069453
0.008493344 0.009291299 0.0019716113 0.9897914 0.002541487 0.14250085 -0.004266547 0.99992126 0.011801367 -0.06563586
0.006111908 0.008138395 0.0031193655 0.9901168 0.002413684 0.14022449 -0.004194491 0.9999142 0.012405532 -0.06821902
0.003720163 0.007047727 0.0041798037 0.9904642 0.002294245 0.13775106 -0.0041309055 0.9999063 0.013048789 -0.069686145
0.001331707 0.0060051857 0.005164766 0.9908238 0.002181827 0.13514234 -0.0040692748 0.99989796 0.013691708 -0.06990443
-0.0010381634 0.004999798 0.0060843835 0.9911856 0.0020845248 0.1324641 -0.004016733 0.9998894 0.014321115 -0.06874104
-0.0033710173 0.004027247 0.0069446694 0.99154174 0.0020178915 0.12977228 -0.00399042 0.99988043 0.014941699 -0.066063255
-0.0056478656 0.0030893714 0.007747554 0.9918872 0.0019951817 0.12710539 -0.00400661 0.9998707 0.015571185 -0.061738238
-0.007850068 0.0021907096 0.008491827 0.9922179 0.0020279477 0.124497294 -0.004083548 0.9998595 0.01625824 -0.055633187
-0.009959765 0.0013398272 0.009177268 0.9925323 0.0021217815 0.12196378 -0.0042284518 0.9998463 0.017016688 -0.047615334
-0.011960542 0.0005465485 0.009805517 0.9928297 0.0022738734 0.11951582 -0.004438834 0.9998308 0.017851336 -0.037551865
-0.013837991 -0.0001786137 0.010378366 0.99310946 0.0024766582 0.11716426 -0.0047081546 0.99981266 0.018772947 -0.02531001
-0.015579757 -0.00082584005 0.010898537 0.9933712 0.0027148584 0.11491874 -0.0050223027 0.99979144 0.019794151 -0.010756582
-0.017174806 -0.0013867654 0.011370748 0.99361527 0.0029543785 0.112782925 -0.005348169 0.9997667 0.020928107 0.0062405467
-0.018614447 -0.001853968 0.011800453 0.9938397 0.0031959612 0.11078112 -0.005687045 0.99973786 0.022177856 0.025814474
-0.019890482 -0.0022204574 0.012194211 0.99404395 0.0034365654 0.10892576 -0.0060365675 0.9997045 0.023548733 0.048097968
-0.020997334 -0.0024800636 0.012558313 0.9942287 0.0036316698 0.107219756 -0.006352181 0.9996662 0.025042618 0.07316591
-0.021937056 -0.002629904 0.0128977485 0.99439794 0.0037613113 0.10563399 -0.0066115316 0.9996231 0.026644835 0.10086161
-0.022715503 -0.0026665851 0.013218105 0.9945561 0.0038067542 0.104132555 -0.006793038 0.9995753 0.02833811 0.1309712
-0.023338258 -0.0025881454 0.013523828 0.99470687 0.003762415 0.1026845 -0.0068883225 0.99952304 0.030104265 0.1632784
-0.023811558 -0.002392795 0.013818333 0.99485403 0.003614038 0.101254135 -0.0068803867 0.9994665 0.031928282 0.19756937
-0.024143117 -0.0020792317 0.01410467 0.9950004 0.0033551175 0.099814326 -0.0067603574 0.99940586 0.033797096 0.23362951
-0.02434108 -0.0016461667 0.014384763 0.9951486 0.0029792006 0.09833835 -0.0065193623 0.99934137 0.035698134 0.27124405
-0.024414856 -0.0010921415 0.014659563 0.9953005 0.002478271 0.096803196 -0.0061473497 0.9992731 0.037622623 0.31019843
-0.024374917 -0.00041536987 0.014929183 0.9954578 0.0018271202 0.09518605 -0.0056170025 0.9992013 0.039562814 0.3502779
-0.024233392 0.00038464926 0.015192408 0.9956221 0.0010458004 0.09346386 -0.004946321 0.9991258 0.04151102 0.39126897
-0.024004852 0.0013098959 0.015447926 0.9957944 0.000118785545 0.091615684 -0.00411709 0.9990469 0.043454386 0.43295482
-0.023701157 0.0023615472 0.015692988 0.99597526 -0.0009618312 0.08962379 -0.0031193772 0.99896467 0.045385923 0.47512186
-0.023329858 0.0035420712 0.01592508 0.9961654 -0.0021897808 0.0874627 -0.0019566594 0.9988791 0.047294248 0.5175555
-0.022897923 0.0048528416 0.01614161 0.9963654 -0.003557027 0.08510729 -0.00063454953 0.9987901 0.04917283 0.56004083
-0.022438109 0.0062638493 0.01636157 0.99657875 -0.005292232 0.08247899 0.0009675667 0.9986265 0.052385546 0.60236347
-0.021941338 0.007726812 0.016496362 0.99677235 -0.0071685715 0.079959 0.0026958855 0.9984324 0.055905525 0.64430875
-0.021384869 0.009343032 0.016673345 0.9970052 -0.0091817975 0.07678721 0.0046743373 0.99826616 0.05867564 0.6856629
-0.020800417 0.010998287 0.016791789 0.9972142 -0.011339871 0.07372448 0.0067922324 0.99807507 0.06164481 0.7262093
-0.020165345 0.012794357 0.016956063 0.9974516 -0.013545533 0.070048325 0.009064649 0.99791545 0.063895136 0.76573426
-0.01951466 0.0146364365 0.017074464 0.9976641 -0.015796456 0.06645951 0.011379151 0.99773306 0.06632726 0.80402315
-0.018831188 0.016619306 0.017232947 0.9978968 -0.018052645 0.0622587 0.013796236 0.997581 0.068131134 0.84086144
-0.018190851 0.018600767 0.01733324 0.99809194 -0.020174785 0.058356293 0.016030975 0.9973741 0.07062512 0.8760342
-0.018034868 0.019437127 0.017028997 0.9980688 -0.024241993 0.057192583 0.019536115 0.9964858 0.08145137 0.90932715
-0.017850598 0.019980911 0.016502652 0.9980646 -0.029073074 0.0549711 0.023985716 0.9955582 0.09104137 0.940526
-0.017343305 0.020318015 0.015939608 0.9981221 -0.033086043 0.051552 0.027751934 0.994504 0.10095403 0.9694148
-0.016593574 0.020740237 0.015464542 0.9981731 -0.037096214 0.047689896 0.031815 0.99374014 0.107090145 0.99577963
-0.015640672 0.021817189 0.015369206 0.9982714 -0.041265756 0.041849203 0.036546554 0.993494 0.107861094 1.0194058
-0.014525748 0.023269216 0.015766393 0.9983671 -0.04504016 0.035135888 0.041020695 0.99333084 0.10775505 1.0401376
-0.013404433 0.024895635 0.016764306 0.99844897 -0.04815806 0.027937157 0.04492028 0.9932671 0.10678293 1.058055
-0.012416797 0.026548158 0.01845072 0.9984964 -0.050846796 0.020483434 0.048426896 0.99328876 0.10503455 1.0732976
-0.011684258 0.028142884 0.020885102 0.998497 -0.053250138 0.0129686585 0.051647045 0.993394 0.10247398 1.0860033
-0.011310834 0.029625291 0.024086745 0.9984505 -0.055375107 0.0054907906 0.054562815 0.9936056 0.09884731 1.0963115
-0.011395443 0.03093899 0.02805249 0.9983627 -0.05716592 -0.0019696306 0.05709731 0.9939213 0.09412965 1.1043612
-0.0120482035 0.032038726 0.032757014 0.9982439 -0.058490768 -0.009377946 0.059092037 0.9943288 0.08842163 1.1102912
-0.013182433 0.03285454 0.0381511 0.9981409 -0.058645297 -0.016597385 0.059816908 0.9948196 0.08219437 1.1142409
-0.014852805 0.03342966 0.04410564 0.99809754 -0.057144262 -0.023148758 0.05873442 0.99544376 0.0751133 1.1163487
-0.017220762 0.033822477 0.05043997 0.99811745 -0.054149665 -0.02879935 0.05599146 0.99614406 0.06754258 1.1167542
-0.020420438 0.034140512 0.05690997 0.99819076 -0.050017998 -0.033367015 0.051944446 0.9968692 0.059611704 1.1155957
-0.024509031 0.03443143 0.063257664 0.9982843 -0.045296356 -0.037104435 0.04719233 0.9975353 0.051924836 1.1130124
-0.02950547 0.03475076 0.069213636 0.9983628 -0.040618338 -0.040273335 0.042416222 0.99809325 0.044840857 1.1091434
-0.03547755 0.03508447 0.074553385 0.99838406 -0.036926877 -0.043193433 0.038619984 0.9984909 0.039043564 1.1041276
-0.04238915 0.035438325 0.07908803 0.9983244 -0.034776114 -0.046250194 0.03639326 0.9987386 0.034595106 1.098104
-0.050091974 0.03571134 0.082710065 0.9981681 -0.034293145 -0.049843974 0.035913043 0.99884325 0.031975355 1.0912113
-0.05840931 0.035805494 0.08541289 0.9978966 -0.035510916 -0.054233775 0.037239347 0.99881923 0.031198919 1.0835885
-0.06708315 0.03564751 0.08731889 0.9974242 -0.039127998 -0.06011694 0.041117333 0.99863476 0.032217905 1.075375
-0.07599428 0.035146553 0.0885932 0.99674404 -0.044687964 -0.06711401 0.047087885 0.9982909 0.034612477 1.0667093
-0.08506712 0.034158237 0.08944463 0.99589187 -0.051444188 -0.07451786 0.054409537 0.99778295 0.03832477 1.0577306
-0.09427573 0.0326526 0.089952506 0.994983 -0.057991687 -0.081521764 0.06166567 0.99715745 0.043294527 1.0485778
-0.1034894 0.030690074 0.090221435 0.9940574 -0.06412755 -0.08796316 0.06864344 0.99642193 0.04930961 1.0393897
-0.112543456 0.028433055 0.090343915 0.9931342 -0.069820575 -0.09385916 0.075252384 0.9956115 0.055631645 1.0303053
-0.121285185 0.026001185 0.09038935 0.9922477 -0.07499025 -0.09910088 0.08136319 0.99476 0.061908066 1.0214639
-0.12955694 0.02352997 0.09041845 0.99142903 -0.07942444 -0.103731334 0.08669085 0.9939443 0.06752406 1.0130041
-0.13723889 0.021093369 0.090459004 0.99072325 -0.0829682 -0.10762743 0.091038324 0.99321455 0.07236593 1.005065
-0.14422213 0.018782184 0.09053149 0.9901611 -0.085429706 -0.11082741 0.094160706 0.99264497 0.07609034 0.99778545
-0.15045166 0.016639948 0.09061444 0.98977727 -0.086746834 -0.1132073 0.09598375 0.992254 0.078861 0.9912754
-0.15588498 0.014748365 0.09069523 0.9895781 -0.0868637 -0.11484697 0.096428074 0.9920776 0.080520965 0.9855282
-0.16053137 0.013147473 0.090726025 0.9895704 -0.08587332 -0.11565584 0.095600836 0.9920892 0.08135999 0.9805076
-0.16439416 0.011898786 0.09068239 0.98973024 -0.083858944 -0.11576585 0.09358542 0.9922859 0.08130438 0.9761783
-0.1675124 0.01100865 0.09050986 0.99004227 -0.081011795 -0.11512334 0.090607 0.9926109 0.080709755 0.9725042
-0.16989836 0.010497555 0.09019254 0.99046874 -0.07746229 -0.11389155 0.086808115 0.993046 0.079523854 0.96944946
-0.17159514 0.010329917 0.08968993 0.9909879 -0.07342931 -0.112031646 0.08244889 0.9935289 0.078118265 0.9669783
-0.17261675 0.01048772 0.08901222 0.9915569 -0.06904702 -0.109760866 0.07767922 0.99404556 0.07641602 0.96505475
-0.17299677 0.010898352 0.088148504 0.9921559 -0.0644802 -0.10709336 0.07270906 0.9945445 0.07479727 0.9636432
-0.17274597 0.011524498 0.08713236 0.9927511 -0.05981443 -0.10424697 0.06763189 0.99502575 0.07314115 0.9627075
-0.17192061 0.012284398 0.08596749 0.9933353 -0.055165853 -0.10120134 0.06260381 0.99544847 0.071854845 0.9622121
-0.17056789 0.0131376535 0.08468632 0.9938965 -0.050436996 -0.09811177 0.057530064 0.99582565 0.0708628 0.96212095
-0.16873743 0.014062807 0.08329684 0.99442613 -0.045835726 -0.094951645 0.05262739 0.9961364 0.070303276 0.9623983
-0.16645093 0.015047133 0.08183287 0.9949107 -0.04141657 -0.09185503 0.04792371 0.9964088 0.06980541 0.9630083
-0.16354322 0.018838689 0.07976086 0.99508274 -0.047447864 -0.08694289 0.053265817 0.9964058 0.065865844 0.9639151
-0.15953052 0.02561666 0.07677112 0.99498856 -0.059563927 -0.08031094 0.0642597 0.996292 0.05721017 0.965083
-0.15419418 0.032087147 0.07346821 0.9951085 -0.06428031 -0.07501469 0.06807829 0.99646515 0.0492196 0.96647596
-0.14765406 0.037427552 0.07029599 0.99537325 -0.06389677 -0.07175851 0.06718949 0.9967497 0.044448186 0.96805817
-0.14018677 0.041605704 0.06730283 0.99572104 -0.06098818 -0.06942649 0.06406506 0.9970194 0.04298835 0.9697938
-0.13202924 0.04480394 0.06446727 0.99611086 -0.05685284 -0.06731176 0.05987234 0.997248 0.043723572 0.9716471
-0.12338736 0.047189116 0.061753836 0.99651724 -0.052270975 -0.0649707 0.055287763 0.9974316 0.045535658 0.97358215
-0.114413984 0.04885976 0.059173632 0.99691266 -0.047635593 -0.062417988 0.05064532 0.99758375 0.04755794 0.97556317
-0.10528736 0.049917966 0.056820687 0.99729633 -0.04298005 -0.059604764 0.04596078 0.99771243 0.049573 0.97755426
-0.09622534 0.050511222 0.05466894 0.9977073 -0.038015153 -0.055990662 0.040866964 0.99787736 0.050701402 0.97951955
-0.0873184 0.050633244 0.052737232 0.9981205 -0.033022925 -0.051623106 0.03567003 0.99804986 0.051226243 0.9814232
-0.0785954 0.050445728 0.051056847 0.9984728 -0.028578628 -0.04727864 0.030979833 0.99822515 0.050860524 0.9832295
-0.07014328 0.05004328 0.049612373 0.99876183 -0.024739746 -0.04315982 0.026886385 0.99839294 0.049886875 0.9849025
-0.06204773 0.049536295 0.048365343 0.99899375 -0.021371137 -0.039430533 0.023265483 0.99856544 0.04822634 0.98641336
-0.054375883 0.048967008 0.04729974 0.99917626 -0.018467594 -0.036134664 0.020131823 0.9987271 0.046247967 0.98776144
-0.04717577 0.048409797 0.046379644 0.9993171 -0.016041726 -0.033286165 0.017492708 0.99888855 0.043767937 0.98895293
-0.04047005 0.047870234 0.045604624 0.99942344 -0.014158329 -0.030860567 0.01542456 0.99903244 0.041186403 0.989994
-0.034265205 0.04739383 0.0449558 0.9995021 -0.012805525 -0.028836513 0.013909852 0.9991646 0.038426988 0.9908911
-0.028549382 0.04698441 0.044440553 0.9995593 -0.0119857695 -0.027158057 0.012956188 0.9992735 0.035842653 0.9916503
-0.02329762 0.046673015 0.044053137 0.9995994 -0.011608034 -0.025813501 0.012469119 0.9993626 0.03345102 0.992278
-0.018480096 0.046460845 0.043785 0.9996279 -0.011614533 -0.024682008 0.012388189 0.9994293 0.03142672 0.99278045
-0.0140591 0.046365716 0.043611445 0.99964803 -0.011860016 -0.023731323 0.012563852 0.99947894 0.02973256 0.9931638
-0.009997275 0.04639788 0.043557968 0.9996628 -0.012211402 -0.022914616 0.012866262 0.99950665 0.028651884 0.99343455
-0.006261181 0.04660034 0.043632682 0.9996751 -0.012509509 -0.022207601 0.013129308 0.9995221 0.027986493 0.99359876
-0.0028210655 0.046964817 0.043860503 0.9996874 -0.01267737 -0.021550504 0.01327567 0.99952394 0.027850207 0.9936627
0.00035027042 0.0474991 0.044254363 0.9997011 -0.012617003 -0.020941714 0.013202531 0.999519 0.028061235 0.99363273
0.003278479 0.04816321 0.044842813 0.99971694 -0.012312187 -0.020356953 0.012895255 0.9995031 0.02876345 0.9935151
0.005987812 0.04894304 0.04563604 0.99973476 -0.011742462 -0.019813485 0.012329663 0.9994804 0.02977928 0.993316
0.00850391 0.04978928 0.0466557 0.9997536 -0.010969366 -0.019297281 0.011568983 0.99944496 0.031240433 0.99304175
0.010852795 0.050695367 0.04789808 0.9997723 -0.010021175 -0.018839875 0.010638699 0.9993998 0.032968134 0.99269855
0.013064377 0.051633094 0.04936297 0.9997884 -0.008999098 -0.018497104 0.009643939 0.9993382 0.035073392 0.99229276
0.0151600465 0.05262299 0.051018104 0.9998011 -0.007908685 -0.018309709 0.008587906 0.99926645 0.03731977 0.99183065
0.0171526 0.0536538 0.052837767 0.99981093 -0.006768038 -0.018229214 0.0074884733 0.9991817 0.039747052 0.99131835
0.0190529 0.054748982 0.05476697 0.9998177 -0.0055790856 -0.01825867 0.0063432846 0.99909467 0.042067368 0.99076223
0.020863026 0.05588399 0.05676776 0.99982315 -0.004379137 -0.018289406 0.005185847 0.99900496 0.044296168 0.9901686
0.022582076 0.05706014 0.058789026 0.999829 -0.0031521923 -0.018222252 0.0039914898 0.9989239 0.04620762 0.9895435
0.02421987 0.058252826 0.060792044 0.9998355 -0.0019469156 -0.0180346 0.0028093585 0.9988472 0.047920395 0.9888934
0.025790628 0.059475143 0.062716156 0.99984175 -0.0007891411 -0.017770678 0.0016640036 0.9987841 0.049269855 0.9882245
0.027307473 0.06069382 0.06452645 0.99984777 0.00025271322 -0.017446226 0.0006272734 0.9987281 0.050416045 0.98754317
0.028780762 0.061911743 0.06617645 0.9998531 0.0011692134 -0.017101822 -0.00029121604 0.9986857 0.05125205 0.9868555
0.03021966 0.06308892 0.06764918 0.9998579 0.0019241483 -0.016747156 -0.0010511922 0.99864763 0.051979173 0.98616785
0.031630345 0.06422813 0.068914555 0.999862 0.0025366268 -0.016416555 -0.001671351 0.9986191 0.05250818 0.9854864
0.03301759 0.06529151 0.06997323 0.9998657 0.0029896859 -0.0161131 -0.0021312318 0.99859047 0.053033005 0.9848175
0.03438306 0.06628691 0.07081019 0.99986875 0.003323944 -0.01585803 -0.002471914 0.9985675 0.05344882 0.9841676
0.03572754 0.06718064 0.071438886 0.9998714 0.0035345452 -0.01564586 -0.0026859113 0.99854094 0.05393264 0.9835425
0.037047617 0.06798648 0.07185587 0.99987334 0.0036642377 -0.015487318 -0.00281727 0.9985174 0.054360073 0.9829488
0.03833974 0.06867545 0.0720844 0.999875 0.0037153924 -0.015365759 -0.0028666172 0.99848795 0.054895807 0.98239267
0.039596327 0.06926665 0.0721292 0.99987626 0.0037311534 -0.015282542 -0.0028789144 0.9984594 0.05541269 0.98188037
0.040810734 0.06973672 0.0720195 0.99987733 0.0037083817 -0.015217694 -0.0028496282 0.9984228 0.056069873 0.98141813
0.041974008 0.07011065 0.07176074 0.99987817 0.0036759463 -0.015170367 -0.0028099443 0.9983864 0.056716677 0.98101234
0.043063022 0.07037468 0.07136635 0.9998793 0.003670483 -0.01509537 -0.002799984 0.9983537 0.057288706 0.9806693
0.044043414 0.07055038 0.07079326 0.9998807 0.0037013125 -0.0149999345 -0.002838239 0.9983612 0.05715669 0.980395
0.04488115 0.0706002 0.07009007 0.999884 0.0035491742 -0.014812311 -0.0027143573 0.99842685 0.056003965 0.98019594
0.045536652 0.07055119 0.06937819 0.9998926 0.0031120228 -0.014321707 -0.0023405945 0.9985614 0.053569227 0.9800783
0.0459899 0.0703675 0.06870173 0.9999051 0.0025970526 -0.0135293985 -0.0019094065 0.9987175 0.050593287 0.98004824
0.04622964 0.0700953 0.068075255 0.99991894 0.0021715628 -0.012548021 -0.0015750069 0.99887675 0.047357626 0.9801122
0.04625953 0.06972656 0.067475095 0.999932 0.0018359341 -0.0115157785 -0.0013230973 0.99901366 0.04438396 0.9802764
0.04607991 0.06929885 0.06684525 0.99994314 0.0015592753 -0.010548295 -0.00111801 0.9991291 0.041710127 0.9805472
0.045694016 0.06879644 0.066158846 0.99995214 0.0012100904 -0.009708665 -0.00082480477 0.9992156 0.03959102 0.9809306
