0.256 0.0 0.399 1.0 0.0 0.0 0.0 -1.0 0.0 0.0
0.256 0.0 0.399 1.0 0.0 0.0 0.0 -1.0 0.0 0.0
0.256 0.0 0.399 1.0 0.0 0.0 0.0 -1.0 0.0 0.0
0.256 0.0 0.399 1.0 0.0 0.0 0.0 -1.0 0.0 0.0
0.2577735 -0.00053902034 0.39827138 1.000118 0.0008685304 0.0021096277 -0.00026310596 -1.0003803 -0.0012174769 0.00013417285
0.25954476 -0.0010754274 0.3975457 1.0002339 0.001739825 0.0042228014 -0.00051938795 -1.0007589 -0.0024321815 0.00026834928
0.26131153 -0.0016066079 0.3968258 1.0003449 0.0026166476 0.0063430676 -0.00076202187 -1.0011339 -0.0036413416 0.0004025329
0.2630716 -0.0021299485 0.3961146 1.0004487 0.0035017624 0.008473972 -0.0009841837 -1.0015038 -0.004842184 0.0005367272
0.26482272 -0.0026428357 0.39541495 1.0005431 0.0043979334 0.010619059 -0.0011790495 -1.0018669 -0.0060319374 0.0006709359
0.26656264 -0.0031426568 0.39472982 1.0006256 0.0053079254 0.012781878 -0.0013397953 -1.0022213 -0.0072078295 0.0008051625
0.26828915 -0.003626798 0.3940621 1.0006939 0.006234501 0.014965973 -0.0014595969 -1.0025655 -0.008367086 0.0009394105
0.26999998 -0.004092646 0.39341465 1.0007457 0.007180426 0.01717489 -0.0015316305 -1.0028976 -0.009506937 0.0010736836
0.27169293 -0.0045375875 0.39279038 1.0007782 0.0081484625 0.019412173 -0.0015490719 -1.0032159 -0.010624609 0.0012079854
0.27336577 -0.0049590096 0.39219216 1.0007896 0.009141376 0.021681374 -0.001505097 -1.0035187 -0.01171733 0.0013423194
0.2750162 -0.0053542983 0.39162296 1.0007772 0.010161931 0.023986032 -0.0013928824 -1.0038044 -0.012782327 0.0014766891
0.27664208 -0.005720841 0.39108562 1.0007387 0.01121289 0.0263297 -0.0012056034 -1.0040711 -0.013816829 0.0016110985
0.27824104 -0.006056024 0.39058304 1.0006717 0.0122970175 0.028715918 -0.000936436 -1.004317 -0.014818061 0.0017455507
0.27981097 -0.006357235 0.39011815 1.0005739 0.013417079 0.031148236 -0.00057855644 -1.0045408 -0.015783252 0.0018800495
0.28134954 -0.006621858 0.38969383 1.0004429 0.014575836 0.033630196 -0.00012514088 -1.0047404 -0.016709633 0.002014598
0.2828546 -0.006847284 0.38931298 1.0002763 0.015776057 0.03616535 0.0004306347 -1.0049142 -0.017594427 0.002149201
0.28432384 -0.007030896 0.38897848 1.0000716 0.017020501 0.038757242 0.0010955958 -1.0050603 -0.018434864 0.002283861
0.28575504 -0.0071700816 0.38869324 0.9998267 0.018311933 0.041409407 0.0018765633 -1.0051774 -0.019228168 0.0024185816
0.287146 -0.007262227 0.38846016 0.9995391 0.019653123 0.04412541 0.0027803648 -1.0052634 -0.019971572 0.002553367
0.28849444 -0.0073047215 0.38828218 0.9992064 0.021046825 0.046908785 0.0038138214 -1.0053167 -0.0206623 0.0026882202
0.28979814 -0.007294949 0.3881621 0.9988262 0.022495812 0.04976308 0.0049837595 -1.0053356 -0.021297581 0.0028231454
0.29105484 -0.0072302986 0.38810295 0.99839616 0.024002843 0.05269184 0.006296999 -1.0053184 -0.021874644 0.0029581452
0.29226235 -0.0071081547 0.3881075 0.99791396 0.025570683 0.05569862 0.00776037 -1.0052633 -0.022390716 0.0030932243
0.2934184 -0.006925904 0.3881787 0.99737716 0.0272021 0.05878695 0.009380693 -1.0051687 -0.02284302 0.0032283857
0.29452074 -0.0066809356 0.38831946 0.99678344 0.028899848 0.06196039 0.011164791 -1.0050327 -0.023228789 0.0033636328
0.29556718 -0.006370635 0.38853264 0.99613035 0.030666701 0.06522248 0.013119489 -1.0048537 -0.023545248 0.0034989696
0.29655635 -0.0059934985 0.38881955 0.9954175 0.032500193 0.068573885 0.015244642 -1.0046313 -0.023790225 0.0036344514
0.2974903 -0.0055524693 0.38917476 0.99465156 0.034376934 0.07200375 0.017512217 -1.0043703 -0.02396394 0.0037703402
0.2983722 -0.0050516026 0.38959134 0.9938413 0.036268312 0.075498335 0.019887201 -1.0040771 -0.02406721 0.00390695
0.29920495 -0.0044949525 0.39006227 0.9929955 0.038145702 0.07904389 0.022334589 -1.0037576 -0.024100851 0.0040445942
0.2999916 -0.0038865677 0.39058053 0.99212277 0.0399805 0.08262669 0.024819387 -1.0034182 -0.024065692 0.0041835885
0.30073518 -0.0032305052 0.39113912 0.99123186 0.04174409 0.086233 0.027306583 -1.003065 -0.023962537 0.0043242457
0.3014387 -0.0025308174 0.39173105 0.99033135 0.04340785 0.08984906 0.029761173 -1.0027043 -0.023792218 0.0044668796
0.30210516 -0.0017915601 0.3923493 0.98943007 0.04494317 0.093461156 0.03214815 -1.0023421 -0.023555541 0.0046118046
0.3027376 -0.0010167868 0.3929869 0.9885366 0.046321426 0.09705551 0.0344325 -1.0019847 -0.023253335 0.004759334
0.30333903 -0.00021054642 0.39363685 0.98765975 0.047514014 0.10061843 0.036579236 -1.0016384 -0.022886414 0.0049097827
0.30391246 0.0006231051 0.39429212 0.98680806 0.048492312 0.104136154 0.038553342 -1.0013093 -0.022455595 0.0050634644
0.30446094 0.0014801128 0.39494568 0.9859905 0.049227707 0.10759494 0.040319815 -1.0010036 -0.021961698 0.005220693
0.30498743 0.0023564221 0.3955906 0.9852154 0.049691577 0.11098104 0.041843645 -1.0007274 -0.021405546 0.005381782
0.30549502 0.0032479838 0.39621985 0.9844918 0.049855314 0.114280745 0.043089833 -1.0004871 -0.020787949 0.005547046
0.30598664 0.004150742 0.39682645 0.9838282 0.0496903 0.11748029 0.044023372 -1.0002887 -0.020109732 0.0057167993
0.3064654 0.005060645 0.39740336 0.98323333 0.049167924 0.12056595 0.04460926 -1.0001385 -0.019371709 0.005891355
0.30693424 0.0059736357 0.39794356 0.98271585 0.048259556 0.12352397 0.044812486 -1.0000427 -0.018574702 0.0060710274
0.3073962 0.0068856603 0.39844012 0.9822845 0.0469366 0.12634063 0.044598047 -1.0000074 -0.01771953 0.0062561305
0.3078543 0.0077926703 0.39888602 0.98194796 0.04517043 0.12900217 0.043930933 -1.0000389 -0.016807009 0.0064469785
0.30831158 0.008690609 0.3992742 0.98171496 0.04293243 0.13149486 0.04277615 -1.0001432 -0.015837958 0.0066438853
0.30877104 0.009575424 0.3995977 0.9815942 0.040193982 0.13380498 0.041098673 -1.0003268 -0.014813195 0.0068471646
0.3092357 0.010443062 0.39984953 0.98159426 0.036926486 0.13591877 0.038863517 -1.0005957 -0.01373354 0.0070571303
0.30970857 0.011289464 0.40002266 0.981724 0.033101313 0.13782248 0.036035676 -1.000956 -0.012599815 0.007274097
0.31019264 0.012110584 0.40011013 0.98199207 0.028689835 0.13950239 0.032580137 -1.0014142 -0.011412829 0.007498378
0.310691 0.012902366 0.4001049 0.9824071 0.023663461 0.14094478 0.028461888 -1.0019763 -0.010173408 0.0077302875
0.3112066 0.013660754 0.4 0.98297775 0.017993577 0.14213586 0.023645945 -1.0026485 -0.008882372 0.007970139
0.3117407 0.014382687 0.39979053 0.98370427 0.011658645 0.14306913 0.018104974 -1.0034293 -0.007542102 0.008217803
0.3122874 0.015069032 0.39948037 0.9845523 0.0046657324 0.14376698 0.011842666 -1.004287 -0.006161312 0.008471359
0.31283894 0.015721655 0.39907533 0.9854791 -0.0029710717 0.14425896 0.004870314 -1.0051818 -0.0047502606 0.008728446
0.31338766 0.01634242 0.39858145 0.9864418 -0.011237718 0.14457466 -0.0028008036 -1.0060744 -0.0033192085 0.008986703
0.3139258 0.016933186 0.3980046 0.9873975 -0.020119995 0.14474367 -0.011159278 -1.0069252 -0.0018784441 0.009243765
0.31444576 0.017495817 0.3973507 0.9883035 -0.029603869 0.14479555 -0.02019386 -1.0076947 -0.0004382208 0.009497271
0.31493977 0.01803217 0.39662576 0.9891169 -0.039675124 0.1447599 -0.029893108 -1.0083433 0.0009911768 0.0097448565
0.31540012 0.018544111 0.39583564 0.98979497 -0.05031969 0.14466628 -0.04024575 -1.0088315 0.0023994865 0.00998416
0.31581908 0.019033503 0.39498633 0.9902947 -0.061523527 0.14454427 -0.051240526 -1.00912 0.0037764478 0.01021282
0.31618902 0.0195022 0.39408368 0.9905734 -0.07327238 0.1444235 -0.06286597 -1.0091687 0.0051117726 0.0104284715
0.31650218 0.019952077 0.39313373 0.9905882 -0.085552275 0.14433348 -0.075110905 -1.0089388 0.0063952096 0.010628754
0.31675088 0.020384982 0.39214236 0.9902963 -0.09834896 0.14430384 -0.08796383 -1.0083902 0.0076164734 0.010811303
0.31692743 0.020802785 0.3911155 0.98965484 -0.11164835 0.14436415 -0.101413496 -1.0074836 0.008765299 0.010973755
0.31702405 0.021207344 0.39005905 0.988621 -0.12543646 0.14454398 -0.11544866 -1.0061796 0.009831427 0.011113753
0.31703317 0.021600522 0.38897905 0.987152 -0.13969898 0.1448729 -0.13005783 -1.0044384 0.010804573 0.0112289265
0.31694692 0.021984184 0.38788134 0.98520494 -0.15442199 0.14538053 -0.14522983 -1.0022206 0.01167448 0.011316919
0.31675774 0.022360187 0.38677186 0.982737 -0.16959116 0.14609642 -0.16095316 -0.9994867 0.012430865 0.011375364
0.31645784 0.022730393 0.3856566 0.97970545 -0.18519248 0.14705016 -0.17721659 -0.9961971 0.013063469 0.011401902
0.31603953 0.02309667 0.38454145 0.9760673 -0.20121193 0.14827132 -0.19400886 -0.99231243 0.013562022 0.011394167
0.31549513 0.02346087 0.38343236 0.9717798 -0.2176352 0.1497895 -0.21131848 -0.98779297 0.013916247 0.011349799
0.31481692 0.023824863 0.38233525 0.9668002 -0.23444837 0.15163428 -0.22913429 -0.9825994 0.014115879 0.011266434
0.3139972 0.024190508 0.38125607 0.96108556 -0.25163713 0.15383519 -0.24744476 -0.97669196 0.014150649 0.01114171
0.31302828 0.024559662 0.38020074 0.9545932 -0.26918745 0.15642187 -0.2662387 -0.9700313 0.014010288 0.0109732635
0.3119024 0.024934195 0.3791752 0.94728005 -0.28708535 0.1594239 -0.28550482 -0.96257776 0.013684522 0.010758732
0.31061193 0.025315965 0.37818536 0.9391035 -0.30531642 0.16287082 -0.3052316 -0.95429194 0.013163088 0.010495756
0.3091491 0.025706831 0.37723723 0.9300207 -0.32386675 0.16679223 -0.32540783 -0.9451343 0.012435708 0.010181969
0.30751058 0.026107911 0.37633532 0.92000234 -0.34271827 0.17120469 -0.34601563 -0.93507737 0.011497209 0.009816052
0.30571023 0.026517304 0.3754789 0.9090746 -0.36183655 0.17607236 -0.36700985 -0.9241426 0.010362822 0.009400879
0.30376622 0.026932377 0.37466583 0.8972768 -0.38118368 0.18134654 -0.38833928 -0.9123634 0.009052844 0.008940354
0.3016969 0.02735048 0.37389404 0.88464886 -0.40072125 0.18697836 -0.4099521 -0.8997735 0.0075876024 0.008438397
0.29952034 0.02776897 0.3731614 0.87123007 -0.42041108 0.19291903 -0.43179697 -0.88640624 0.005987401 0.007898914
0.29725483 0.028185215 0.37246582 0.8570601 -0.44021517 0.19911979 -0.45382243 -0.872295 0.0042725476 0.007325817
0.2949186 0.028596558 0.37180516 0.84217864 -0.4600951 0.20553178 -0.4759767 -0.8574736 0.0024633706 0.006723024
0.29252976 0.029000364 0.37117735 0.82662517 -0.48001286 0.21210623 -0.49820855 -0.84197533 0.00058016926 0.006094439
0.29010665 0.029393993 0.37058026 0.8104396 -0.49993005 0.21879432 -0.52046615 -0.8258339 -0.0013567246 0.005443983
0.2876674 0.029774794 0.37001175 0.7936611 -0.51980865 0.22554722 -0.54269814 -0.80908275 -0.0033270102 0.004775563
0.28523022 0.030140135 0.36946976 0.7763294 -0.53961045 0.23231623 -0.5648532 -0.7917552 -0.0053103846 0.004093087
0.28281337 0.030487362 0.36895218 0.7584843 -0.5592971 0.23905241 -0.5868794 -0.773885 -0.0072865095 0.003400477
0.28043503 0.030813843 0.3684569 0.7401651 -0.5788306 0.24570708 -0.6087255 -0.75550556 -0.009235097 0.002701636
0.27811345 0.031116927 0.36798176 0.7214117 -0.5981726 0.25223133 -0.6303397 -0.73665047 -0.011135809 0.0020004837
0.2758668 0.031393975 0.3675247 0.7022636 -0.61728495 0.2585764 -0.65167075 -0.7173532 -0.012968345 0.0013009291
0.27371335 0.031642348 0.3670836 0.6827602 -0.6361296 0.26469356 -0.6726671 -0.6976472 -0.014712399 0.00060688006
0.27167124 0.031859394 0.3666564 0.66294134 -0.65466815 0.27053386 -0.69327706 -0.6775662 -0.016347641 -7.7744015e-05
0.2697587 0.03204248 0.3662409 0.64284647 -0.6728626 0.27604863 -0.71344924 -0.65714335 -0.01785377 -0.00074903853
0.267994 0.03218896 0.36583504 0.6225153 -0.6906745 0.281189 -0.733132 -0.6364125 -0.019210467 -0.0014030831
0.2663953 0.03229619 0.3654367 0.6019875 -0.70806587 0.28590617 -0.75227386 -0.6154071 -0.020397417 -0.002035969
0.26498082 0.032361526 0.3650438 0.58130234 -0.7249985 0.29015136 -0.7708235 -0.59416044 -0.021394314 -0.0026437896
0.2637688 0.032382328 0.36465418 0.5604998 -0.741434 0.29387572 -0.78872895 -0.57270634 -0.022180837 -0.0032226238
0.26277742 0.032355953 0.3642658 0.53961927 -0.75733435 0.29703048 -0.8059391 -0.55107814 -0.02273668 -0.0037685637
0.2620249 0.03227976 0.3638765 0.51870024 -0.7726615 0.29956686 -0.82240224 -0.52930933 -0.023041515 -0.0042777006
0.26152945 0.032151107 0.36348417 0.49778265 -0.7873769 0.30143604 -0.8380668 -0.50743353 -0.023075048 -0.0047461167
0.26130933 0.031967346 0.3630867 0.47690588 -0.80144256 0.30258918 -0.8528814 -0.4854843 -0.022816956 -0.005169901
0.26137674 0.03172687 0.36268178 0.45610845 -0.81483 0.30299038 -0.86680794 -0.4634969 -0.022253852 -0.005546221
0.26172012 0.03143222 0.36226606 0.43542546 -0.82754993 0.30265483 -0.8798622 -0.44151467 -0.021400081 -0.0058765416
0.26232195 0.031086953 0.36183596 0.41489103 -0.8396221 0.3016107 -0.8920732 -0.41958332 -0.020276923 -0.006163399
0.2631647 0.030694643 0.3613879 0.39453864 -0.8510672 0.29988617 -0.9034706 -0.39774758 -0.018905628 -0.006409348
0.26423082 0.030258851 0.36091828 0.37440246 -0.8619053 0.29750928 -0.91408354 -0.37605292 -0.017307471 -0.0066169235
0.26550278 0.029783158 0.36042362 0.3545167 -0.8721565 0.29450816 -0.923941 -0.3545449 -0.015503753 -0.006788667
0.26696312 0.02927111 0.35990036 0.33491483 -0.8818414 0.29091093 -0.9330728 -0.33326828 -0.0135157015 -0.006927127
0.26859424 0.028726293 0.35934478 0.315631 -0.89097995 0.28674576 -0.94150764 -0.3122687 -0.011364603 -0.0070348424
0.2703786 0.028152265 0.3587534 0.2966992 -0.8995926 0.2820407 -0.94927514 -0.2915913 -0.009071736 -0.0071143564
0.2722987 0.027552605 0.3581227 0.27815357 -0.90769935 0.27682394 -0.9564043 -0.2712817 -0.006658392 -0.0071682124
0.274337 0.026930863 0.35744902 0.26002762 -0.91532063 0.27112353 -0.9629247 -0.25138462 -0.004145786 -0.0071989526
0.276476 0.026290616 0.35672885 0.24235547 -0.9224766 0.26496762 -0.96886545 -0.2319456 -0.0015552212 -0.0072091203
0.2786981 0.02563544 0.35595858 0.22517134 -0.9291875 0.25838444 -0.9742557 -0.21301019 0.0010919981 -0.0072012576
0.28098583 0.024968885 0.35513467 0.20850873 -0.9354737 0.25140187 -0.9791248 -0.1946232 0.0037746727 -0.007177907
0.28332165 0.024294525 0.35425347 0.1924018 -0.9413552 0.2440482 -0.98350215 -0.17683011 0.0064714924 -0.0071416125
0.28568798 0.023615938 0.35331154 0.17688467 -0.94685256 0.2363516 -0.9874167 -0.15967645 0.009161159 -0.007094916
0.2880674 0.022936672 0.3523052 0.16199091 -0.9519857 0.22833997 -0.990898 -0.14320704 0.011822464 -0.00704036
0.2904423 0.022260308 0.35123095 0.14775468 -0.9567752 0.2200416 -0.9939753 -0.12746742 0.014434105 -0.006980487
0.29279515 0.02159041 0.35008514 0.13420992 -0.961241 0.21148457 -0.99667764 -0.11250281 0.01697481 -0.0069178403
0.29510838 0.020930555 0.3488643 0.1213907 -0.9654035 0.2026971 -0.9990344 -0.09835871 0.01942328 -0.0068549635
0.2973646 0.020284291 0.3475648 0.10933067 -0.96928287 0.19370711 -1.001075 -0.085080035 0.021758303 -0.0067943977
0.29954612 0.019655198 0.34618303 0.09806393 -0.97289944 0.18454282 -1.0028285 -0.07271224 0.023958579 -0.0067386855
0.3016355 0.019046845 0.3447155 0.087624565 -0.97627336 0.17523246 -1.0043242 -0.06130074 0.02600281 -0.006690372
0.30361518 0.018462792 0.3431586 0.07804623 -0.97942495 0.16580391 -1.0055915 -0.050890557 0.027869776 -0.006651997
0.3054677 0.017906608 0.34150875 0.06936304 -0.9823744 0.15628545 -1.0066594 -0.041527085 0.029538184 -0.006626105
0.3071754 0.01738187 0.33976242 0.061609022 -0.985142 0.14670528 -1.0075575 -0.03325574 0.030986745 -0.0066152383
0.30872512 0.016891113 0.33791795 0.05480493 -0.987745 0.13709001 -1.008311 -0.02610485 0.032199748 -0.006620998
0.31012028 0.016432814 0.33598155 0.04891979 -0.99018884 0.1274615 -1.0089312 -0.020036202 0.033183556 -0.0066412175
0.31136885 0.016004434 0.33396146 0.04390966 -0.99247587 0.11784035 -1.0094248 -0.0149948485 0.033950042 -0.0066727893
0.3124786 0.015603415 0.33186585 0.039730374 -0.9946087 0.10824672 -1.0097992 -0.010925631 0.034511138 -0.006712606
0.31345734 0.015227217 0.32970285 0.036337957 -0.9965898 0.098701246 -1.0100616 -0.0077736005 0.03487873 -0.0067575607
0.3143129 0.014873291 0.3274807 0.03368836 -0.99842143 0.089224346 -1.010219 -0.0054837223 0.035064716 -0.0068045445
0.3150531 0.014539097 0.3252076 0.031737566 -1.0001061 0.07983662 -1.0102787 -0.004000973 0.03508099 -0.0068504494
0.31568578 0.014222081 0.32289162 0.03044149 -1.0016463 0.07055828 -1.0102477 -0.0032702964 0.03493946 -0.006892168
0.3162187 0.013919698 0.32054102 0.029756118 -1.0030446 0.061409898 -1.0101333 -0.0032366812 0.03465203 -0.006926594
0.31665975 0.013629405 0.31816405 0.029637415 -1.0043032 0.052412044 -1.0099427 -0.0038450994 0.03423059 -0.0069506173
0.3170167 0.013348651 0.31576875 0.030041339 -1.0054247 0.043584958 -1.0096827 -0.005040534 0.033687036 -0.0069611324
0.31729737 0.013074892 0.31336337 0.030923853 -1.0064116 0.034949217 -1.0093609 -0.0067679547 0.033033274 -0.0069550304
0.3175096 0.012805583 0.31095612 0.032240897 -1.0072663 0.026525363 -1.0089843 -0.008972302 0.032281205 -0.006929204
0.31766123 0.012538174 0.30855513 0.033948466 -1.0079912 0.018333655 -1.0085601 -0.011598609 0.031442717 -0.006880545
0.31776005 0.012270119 0.30616862 0.03600251 -1.0085888 0.010394655 -1.0080953 -0.014591813 0.030529715 -0.006805946
0.31781387 0.011998873 0.30380473 0.03835899 -1.0090615 0.0027288347 -1.0075971 -0.017896894 0.029554099 -0.0067022983
0.31783053 0.011721892 0.3014717 0.040973827 -1.0094118 -0.0046432912 -1.0070727 -0.021458779 0.02852778 -0.0065664975
0.31781784 0.011436624 0.29917768 0.04380305 -1.0096421 -0.0117014125 -1.0065293 -0.025222521 0.027462635 -0.0063954317
0.31778362 0.011140526 0.29693082 0.046802595 -1.0097551 -0.018425003 -1.005974 -0.029133063 0.026370576 -0.0061859954
0.31773573 0.010831053 0.29473937 0.04992837 -1.009753 -0.024793513 -1.0054141 -0.033135317 0.025263513 -0.005935082
0.3176819 0.010505654 0.29261145 0.053136423 -1.0096382 -0.030786656 -1.0048566 -0.03717436 0.024153315 -0.0056395805
0.31763005 0.010161784 0.29055527 0.05638268 -1.0094132 -0.036383875 -1.0043087 -0.04119511 0.023051899 -0.0052963845
0.3175879 0.009796903 0.28857902 0.05962305 -1.0090806 -0.04156468 -1.0037775 -0.045142494 0.02197118 -0.004902392
0.31756335 0.009408453 0.28669083 0.06281359 -1.0086428 -0.046308704 -1.0032703 -0.048961584 0.020923026 -0.004454484
0.3175642 0.008993894 0.28489897 0.065910205 -1.0081022 -0.050595455 -1.002794 -0.05259731 0.019919349 -0.0039495593
0.31759828 0.008550683 0.28321156 0.06886883 -1.0074612 -0.05440441 -1.0023562 -0.05599459 0.018972062 -0.0033845166
0.3176718 0.008077221 0.28163442 0.07165372 -1.0067234 -0.05772238 -1.001962 -0.05910967 0.01809052 -0.0027578901
0.31778505 0.0075757513 0.28016403 0.07426199 -1.0058963 -0.060564656 -1.0016109 -0.06194343 0.017274022 -0.0020748589
0.31793663 0.0070494628 0.2787944 0.07669899 -1.0049888 -0.062953755 -1.0013002 -0.064507976 0.016519342 -0.00134225
0.31812516 0.006501559 0.27751967 0.078970045 -1.0040092 -0.064912155 -1.001028 -0.06681537 0.015823256 -0.0005669035
0.31834927 0.005935218 0.27633387 0.08108057 -1.0029666 -0.06646241 -1.0007913 -0.068877764 0.015182518 0.00024437485
0.3186077 0.0053536394 0.27523103 0.083035916 -1.0018694 -0.06762703 -1.0005882 -0.07070725 0.014593903 0.0010847463
0.31889898 0.004760025 0.2742053 0.0848414 -1.0007262 -0.06842849 -1.0004159 -0.072315894 0.01405419 0.0019473718
0.3192218 0.004157551 0.27325073 0.08650245 -0.99954605 -0.06888932 -1.0002724 -0.07371585 0.013560134 0.0028254446
0.31957483 0.0035494203 0.27236137 0.0880244 -0.99833727 -0.069032036 -1.000155 -0.074919194 0.013108511 0.003712127
0.3199567 0.0029388312 0.27153134 0.08941258 -0.9971086 -0.068879135 -1.0000615 -0.075938016 0.012696096 0.00460058
0.32036605 0.0023289635 0.27075467 0.090672396 -0.99586874 -0.068453126 -0.9999893 -0.07678444 0.012319649 0.005483997
0.32080153 0.0017230166 0.2700254 0.0918092 -0.9946264 -0.06777653 -0.9999361 -0.077470556 0.011975942 0.00635554
0.32126176 0.0011241841 0.26933768 0.09282833 -0.9933902 -0.06687184 -0.9998995 -0.07800847 0.0116617475 0.00720838
0.3217454 0.0005356665 0.26868555 0.09373516 -0.9921688 -0.06576158 -0.9998771 -0.07841027 0.011373838 0.00803568
0.32225114 -3.9358158e-05 0.26806307 0.09453507 -0.99097097 -0.06446825 -0.9998666 -0.07868807 0.011108975 0.008830631
0.32277757 -0.00059768837 0.26746434 0.09523339 -0.98980516 -0.06301436 -0.9998654 -0.07885398 0.010863932 0.009586396
0.32332334 -0.001136126 0.2668834 0.0958355 -0.9886803 -0.061422437 -0.99987125 -0.078920096 0.010635482 0.01029614
0.3238871 -0.0016514901 0.26631433 0.09634676 -0.987605 -0.059714958 -0.9998818 -0.078898504 0.010420388 0.010953048
0.32446754 -0.002140582 0.26575124 0.09677252 -0.98658776 -0.05791445 -0.9998945 -0.07880132 0.010215422 0.011550287
0.32506323 -0.0026002014 0.26518816 0.09711816 -0.9856374 -0.056043446 -0.99990696 -0.07864065 0.010017357 0.01208102
0.32567286 -0.0030271672 0.26461914 0.09738903 -0.98476255 -0.054124407 -0.99991685 -0.07842858 0.009822957 0.012538435
0.32629508 -0.0034182817 0.26403832 0.09759049 -0.9839719 -0.05217987 -0.99992186 -0.07817722 0.009628995 0.012915695
0.32692853 -0.0037703463 0.26343974 0.09772791 -0.9832741 -0.050232362 -0.99991935 -0.07789868 0.009432241 0.013205973
0.3275718 -0.0040801773 0.26281747 0.09780664 -0.9826778 -0.04830435 -0.99990714 -0.077605054 0.009229463 0.013402442
0.32822362 -0.004344577 0.26216558 0.09783205 -0.98219174 -0.04641836 -0.99988276 -0.07730844 0.009017429 0.013498273
0.3288826 -0.004560352 0.2614782 0.09780949 -0.9818245 -0.04459691 -0.9998438 -0.07702094 0.008792913 0.013486639
0.32954687 -0.004725027 0.26075047 0.09774387 -0.98158216 -0.042858437 -0.9997883 -0.076752685 0.008553755 0.013363661
0.33021283 -0.004839018 0.25998265 0.09763817 -0.98146003 -0.041204963 -0.99971616 -0.076505944 0.008302087 0.013137265
0.33087626 -0.0049034497 0.25917596 0.097494915 -0.98145074 -0.039634462 -0.9996277 -0.076280974 0.008041121 0.012818319
0.33153304 -0.0049194545 0.25833178 0.09731667 -0.981547 -0.038144935 -0.9995234 -0.07607808 0.0077740666 0.012417702
0.332179 -0.004888159 0.25745136 0.09710592 -0.9817414 -0.03673431 -0.9994033 -0.07589754 0.007504125 0.011946278
0.33281004 -0.004810696 0.25653607 0.09686521 -0.9820269 -0.035400577 -0.99926794 -0.07573962 0.0072345086 0.011414924
0.33342198 -0.0046881954 0.25558722 0.096597075 -0.98239565 -0.034141712 -0.99911773 -0.07560462 0.0069684265 0.01083452
0.3340106 -0.004521785 0.2546061 0.09630404 -0.9828408 -0.032955658 -0.99895287 -0.07549281 0.006709082 0.010215926
0.33457187 -0.0043125944 0.25359404 0.095988624 -0.9833547 -0.0318404 -0.9987737 -0.07540448 0.006459685 0.009570018
0.33510154 -0.004061754 0.2525524 0.09565337 -0.9839302 -0.030793898 -0.9985806 -0.075339906 0.0062234444 0.008907674
0.33559552 -0.0037703975 0.25148243 0.09530081 -0.9845599 -0.029814145 -0.99837387 -0.07529938 0.00600357 0.008239768
0.33604962 -0.0034396474 0.2503855 0.09493344 -0.9852364 -0.028899077 -0.99815387 -0.075283185 0.0058032647 0.0075771627
0.3364597 -0.0030706367 0.24926284 0.09455382 -0.9859525 -0.028046679 -0.997921 -0.07529159 0.0056257383 0.006930737
0.33682162 -0.0026645006 0.24811588 0.094164476 -0.98670083 -0.027254926 -0.9976755 -0.07532489 0.0054742014 0.006311368
0.3371312 -0.0022223587 0.24694587 0.09376791 -0.98747396 -0.02652177 -0.9974177 -0.075383365 0.0053518577 0.0057299184
0.33738434 -0.0017453457 0.24575412 0.09336669 -0.9882647 -0.025845187 -0.99714804 -0.0754673 0.005261917 0.005197266
0.33757684 -0.0012345976 0.244542 0.092963316 -0.9890655 -0.025223155 -0.99686676 -0.07557697 0.0052075884 0.0047242884
0.33770454 -0.0006912319 0.24331078 0.09256032 -0.9898693 -0.024653625 -0.9965743 -0.07571266 0.005192077 0.004321849
0.33776334 -0.000116384355 0.24206178 0.09216024 -0.99066865 -0.024134573 -0.9962708 -0.07587466 0.0052185925 0.004000822
0.33774906 0.0004888078 0.24079634 0.0917656 -0.9914561 -0.023663975 -0.9959568 -0.07606323 0.005290342 0.0037720902
0.33765754 0.0011232296 0.23951577 0.09137893 -0.99222445 -0.023239791 -0.9956326 -0.07627868 0.0054105353 0.0036465134
0.33748466 0.001785744 0.23822135 0.09100275 -0.9929664 -0.022859989 -0.99529845 -0.076521285 0.0055823773 0.0036349716
0.3372262 0.0024752212 0.23691444 0.09063959 -0.9936745 -0.02252254 -0.99495476 -0.076791316 0.0058090785 0.003748334
0.3368781 0.0031905223 0.23559636 0.09029199 -0.9943415 -0.022225417 -0.99460185 -0.077089064 0.006093843 0.003997476
0.33643615 0.0039305356 0.2342684 0.089962475 -0.99495995 -0.021966584 -0.99424005 -0.07741481 0.0064398837 0.0043932693
0.33589622 0.0046941126 0.2329319 0.08965357 -0.9955227 -0.02174401 -0.99386966 -0.07776884 0.0068504014 0.004946582
0.33525658 0.0054795137 0.23158827 0.08936738 -0.99602413 -0.021554789 -0.9934915 -0.07815107 0.007326752 0.005660961
0.33452523 0.0062824516 0.23023963 0.08910441 -0.9964663 -0.021392534 -0.99310774 -0.07855992 0.007862829 0.0065105893
0.3337126 0.00709802 0.22888808 0.08886472 -0.9968529 -0.021249978 -0.9927211 -0.07899348 0.008450671 0.007462321
0.33282912 0.007921314 0.22753586 0.08864838 -0.99718773 -0.021119863 -0.99233407 -0.07944979 0.009082315 0.0084830085
0.3318853 0.008747425 0.22618513 0.08845545 -0.9974747 -0.020994922 -0.9919496 -0.07992693 0.009749797 0.009539505
0.33089155 0.0095714275 0.22483811 0.08828602 -0.9977175 -0.020867899 -0.99157006 -0.08042296 0.010445138 0.010598635
0.32985824 0.010388456 0.22349691 0.08814016 -0.99792004 -0.020731522 -0.9911983 -0.08093597 0.011160411 0.011627307
0.32879585 0.011193584 0.22216377 0.08801792 -0.998086 -0.02057853 -0.9908368 -0.08146401 0.011887633 0.0125923455
0.32771483 0.011981904 0.22084084 0.08791938 -0.99821925 -0.020401664 -0.9904883 -0.08200514 0.012618844 0.013460603
0.3266256 0.012748509 0.21953034 0.08784461 -0.9983237 -0.020193659 -0.99015546 -0.08255744 0.013346081 0.014198936
0.32553858 0.013488494 0.21823442 0.0877937 -0.9984029 -0.01994725 -0.9898409 -0.08311896 0.01406138 0.01477419
0.32446426 0.014196934 0.2169553 0.0877667 -0.9984609 -0.019655185 -0.9895474 -0.08368777 0.014756763 0.015153216
0.32341307 0.01486896 0.21569511 0.08776368 -0.9985013 -0.019310184 -0.98927736 -0.084261954 0.0154243 0.015302886
0.32239538 0.015499646 0.21445608 0.08778472 -0.9985281 -0.018904995 -0.9890335 -0.08483957 0.016056012 0.015190043
0.32142168 0.016084084 0.21324036 0.08782989 -0.998545 -0.018432349 -0.9888187 -0.08541868 0.016643936 0.014781533
0.3205024 0.016617373 0.21205014 0.087899245 -0.9985557 -0.017884986 -0.98863536 -0.08599735 0.017180111 0.01404421
0.31964797 0.017094601 0.21088761 0.08799288 -0.99856424 -0.017255643 -0.9884862 -0.08657366 0.017656572 0.012944931
0.31886885 0.017510865 0.20975496 0.08811085 -0.99857426 -0.016537057 -0.988374 -0.08714566 0.018065356 0.011450546
0.31817544 0.017861247 0.20865439 0.088253215 -0.9985895 -0.015721988 -0.98830116 -0.08771141 0.018398494 0.009527963
0.31757823 0.01814086 0.20758802 0.08842008 -0.99861395 -0.014803128 -0.9882705 -0.088268995 0.01864804 0.0071439333
0.3170876 0.01834479 0.2065581 0.08861148 -0.9986513 -0.013773238 -0.9882847 -0.08881649 0.018806022 0.0042653643
0.316714 0.018468129 0.20556675 0.08882751 -0.9987054 -0.0126250535 -0.9883463 -0.08935194 0.018864475 0.0008591041
0.31646788 0.018505972 0.2046162 0.08906823 -0.9987799 -0.011351312 -0.98845804 -0.08987341 0.018815443 -0.003108006
0.3163597 0.018453406 0.20370863 0.08933371 -0.99887884 -0.009944746 -0.9886225 -0.090378985 0.018650956 -0.0076690987
0.31639987 0.018305534 0.2028462 0.089624025 -0.9990059 -0.0083981 -0.9888423 -0.09086672 0.018363055 -0.012857333
0.3165988 0.01805745 0.20203114 0.08993924 -0.9991648 -0.006704148 -0.98912024 -0.09133468 0.017943786 -0.0187057
0.31696337 0.017706232 0.20126449 0.090278246 -0.999358 -0.004858957 -0.9894574 -0.09178034 0.017388033 -0.02521806
0.31748593 0.017256942 0.20054309 0.09063521 -0.99958134 -0.0028723525 -0.98984957 -0.092198744 0.016702147 -0.03227956
0.31815523 0.016716631 0.1998627 0.09100311 -0.9998294 -0.00075752847 -0.99029076 -0.09258435 0.015895337 -0.039745923
0.31896 0.016092345 0.19921903 0.09137494 -1.0000968 0.0014723167 -0.9907752 -0.092931606 0.014976816 -0.047472857
0.31988904 0.015391141 0.19860786 0.09174367 -1.0003777 0.003803988 -0.9912971 -0.09323496 0.01395579 -0.055316083
0.32093108 0.014620084 0.1980249 0.092102274 -1.0006669 0.00622423 -0.99185073 -0.09348887 0.012841497 -0.06313112
0.32207486 0.013786191 0.1974659 0.092443764 -1.0009587 0.008719962 -0.9924302 -0.09368778 0.011643089 -0.07077406
0.3233092 0.0128965285 0.19692656 0.092761114 -1.0012478 0.011277935 -0.9930297 -0.09382616 0.010369806 -0.078100435
0.3246228 0.0119581465 0.19640267 0.09304729 -1.0015285 0.013884951 -0.99364346 -0.09389844 0.0090308525 -0.084965974
0.32600445 0.010978097 0.19588995 0.09329528 -1.0017953 0.016527815 -0.9942657 -0.093899086 0.007635436 -0.09122636
0.32744285 0.009963427 0.19538411 0.09349808 -1.0020428 0.01919333 -0.99489045 -0.09382254 0.0061927717 -0.096737325
0.3289268 0.008921193 0.19488096 0.09364866 -1.0022655 0.0218683 -0.9955121 -0.09366325 0.004712064 -0.10135459
0.33044505 0.007858467 0.1943762 0.09374 -1.0024576 0.024539461 -0.99612474 -0.09341569 0.0032025594 -0.10493379
0.33198637 0.0067822495 0.19386554 0.093765095 -1.002614 0.027193753 -0.9967226 -0.09307429 0.0016733939 -0.10733081
0.3335395 0.005699616 0.19334474 0.09371692 -1.002729 0.029817913 -0.99729985 -0.092633516 0.00013381243 -0.10840127
0.3350932 0.0046176184 0.19280955 0.09358847 -1.0027971 0.032398745 -0.99785066 -0.092087805 -0.001406976 -0.108000875
0.33663622 0.0035433052 0.1922557 0.09337271 -1.0028129 0.034923054 -0.9983692 -0.09143161 -0.0029397616 -0.10598537
0.3381573 0.0024837283 0.19167894 0.093062624 -1.0027705 0.03737764 -0.99884987 -0.090659395 -0.0044553364 -0.10221042
0.3396452 0.001445964 0.19107501 0.09265122 -1.0026649 0.039749257 -0.99928653 -0.08976563 -0.005944456 -0.09653194
0.34108874 0.00043701008 0.19043961 0.09213146 -1.0024903 0.042024817 -0.9996737 -0.088744715 -0.007397985 -0.08880536
0.3424766 -0.00053605624 0.18976854 0.09149631 -1.0022413 0.044191074 -1.0000054 -0.087591134 -0.008806674 -0.078886524
0.34379756 -0.0014661858 0.18905748 0.09073878 -1.0019124 0.046234824 -1.0002757 -0.08629932 -0.010161319 -0.06663111
0.3450404 -0.0023463257 0.1883022 0.08985185 -1.0014979 0.048142876 -1.000479 -0.08486375 -0.011452708 -0.05189489
0.34619385 -0.0031694258 0.18749847 0.08882849 -1.0009925 0.049902033 -1.0006095 -0.08327886 -0.012671633 -0.0345335
0.34724668 -0.003928436 0.18664196 0.08766169 -1.0003905 0.0514991 -1.0006613 -0.0815391 -0.013808884 -0.014402717
0.3481876 -0.0046162903 0.18572848 0.08634446 -0.9996867 0.052920848 -1.0006286 -0.07963898 -0.014855228 0.008641183
0.34900847 -0.0052278964 0.18475609 0.08487381 -0.998878 0.05415822 -1.0005077 -0.07757722 -0.015803909 0.034680065
0.34971336 -0.0057658153 0.1837325 0.08326319 -0.9979718 0.05521834 -1.0003037 -0.075370215 -0.016657691 0.063539855
0.3503093 -0.0062345457 0.18266779 0.08153009 -0.9969782 0.056112424 -1.0000241 -0.07303865 -0.017421773 0.09498368
0.35080352 -0.0066385926 0.18157206 0.07969199 -0.9959074 0.05685171 -0.9996757 -0.07060325 -0.018101342 0.12877445
0.35120302 -0.0069824555 0.18045533 0.07776641 -0.99476933 0.05744741 -0.99926585 -0.0680847 -0.018701594 0.16467519
0.35151494 -0.007270632 0.17932773 0.07577089 -0.9935741 0.05791076 -0.99880195 -0.065503776 -0.01922771 0.202448
0.35174638 -0.007507636 0.17819929 0.07372283 -0.99233186 0.058252994 -0.99829096 -0.06288107 -0.019684905 0.24185762
0.35190448 -0.007697963 0.17708011 0.07163977 -0.99105257 0.05848533 -0.99774027 -0.06023733 -0.020078365 0.28266624
0.35199633 -0.007846115 0.17598023 0.0695392 -0.9897462 0.058618996 -0.9971571 -0.05759328 -0.02041328 0.32463685
0.35202903 -0.007956594 0.17490976 0.06743863 -0.9884231 0.05866521 -0.99654865 -0.05496961 -0.02069484 0.3675324
0.3520097 -0.008033901 0.17387874 0.06535555 -0.9870931 0.058635212 -0.995922 -0.05238703 -0.020928245 0.4111159
0.35194546 -0.00808254 0.17289728 0.06330746 -0.9857664 0.05854022 -0.9952847 -0.04986625 -0.021118686 0.45515043
0.35184336 -0.008107009 0.17197546 0.0613119 -0.98445296 0.058391467 -0.9946436 -0.047428034 -0.021271352 0.49939778
0.3517106 -0.008111815 0.1711233 0.059386276 -0.98316294 0.058200173 -0.99400616 -0.045092966 -0.02139144 0.54362315
0.35155421 -0.008101456 0.17035091 0.05754813 -0.9819064 0.05797756 -0.9933796 -0.042881813 -0.021484146 0.58758855
0.35138133 -0.008080436 0.16966835 0.05581496 -0.98069334 0.057734862 -0.99277097 -0.04081528 -0.021554658 0.6310569
0.3511991 -0.008053256 0.16908568 0.05420426 -0.9795339 0.057483304 -0.9921877 -0.038914066 -0.021608174 0.67379117
0.35101455 -0.008024419 0.16861303 0.052733526 -0.9784381 0.057234112 -0.9916368 -0.037198886 -0.021649882 0.7155544
0.35083485 -0.0079984255 0.16826044 0.05142029 -0.97741604 0.056998514 -0.9911257 -0.03569047 -0.021684976 0.75610864
0.35066706 -0.007979777 0.16803795 0.05028198 -0.97647774 0.056787737 -0.99066156 -0.034409463 -0.021718655 0.7952188
0.35051835 -0.007972976 0.1679557 0.049336128 -0.97563326 0.056613 -0.9902515 -0.033376597 -0.021756105 0.8326471
0.3503958 -0.007982526 0.1680237 0.048600234 -0.9748928 0.05648553 -0.9899029 -0.032612585 -0.021802524 0.86815614
0.3503065 -0.008012927 0.16825208 0.048091788 -0.9742663 0.05641656 -0.98962283 -0.032138128 -0.021863103 0.90150917
0.3502576 -0.008068682 0.16865087 0.04782829 -0.9737639 0.056417316 -0.9894186 -0.031973936 -0.021943036 0.9324691
0.35025617 -0.008154293 0.16923015 0.04782724 -0.9733956 0.05649902 -0.9892974 -0.032140713 -0.022047516 0.9607991
0.35030934 -0.008274257 0.17 0.048106123 -0.9731715 0.056672893 -0.9892665 -0.032659143 -0.022181734 0.98626137
0.35042208 -0.008431839 0.17096712 0.048675623 -0.9730981 0.056947425 -0.98933107 -0.033541836 -0.02234967 1.0086849
0.35059094 -0.008625313 0.17212452 0.04951912 -0.97316796 0.057320066 -0.98948795 -0.034768872 -0.022550425 1.0281547
0.35081035 -0.008851713 0.17346187 0.05061318 -0.9733702 0.057785533 -0.9897322 -0.036312208 -0.022781879 1.0448213
0.35107473 -0.009108072 0.17496878 0.051934354 -0.97369355 0.058338534 -0.9900587 -0.038143806 -0.02304192 1.0588351
0.35137844 -0.009391423 0.17663494 0.053459205 -0.97412723 0.058973785 -0.9904624 -0.040235624 -0.023328435 1.0703466
0.35171598 -0.009698799 0.17844996 0.055164296 -0.97466016 0.05968599 -0.9909381 -0.04255963 -0.0236393 1.079506
0.35208175 -0.010027226 0.18040347 0.05702614 -0.97528136 0.060469847 -0.99148095 -0.045087717 -0.0239724 1.0864637
0.35247013 -0.010373753 0.1824852 0.059021384 -0.9759798 0.061320104 -0.9920857 -0.047791965 -0.024325632 1.0913706
0.3528756 -0.010735402 0.18468471 0.061126545 -0.9767444 0.06223145 -0.9927472 -0.050644286 -0.02469687 1.0943766
0.3532925 -0.011109212 0.18699169 0.063318186 -0.97756433 0.063198596 -0.99346054 -0.053616636 -0.025084 1.0956323
0.3537153 -0.011492211 0.18939579 0.06557287 -0.9784285 0.064216256 -0.99422055 -0.056680977 -0.025484908 1.0952882
0.35413843 -0.011881436 0.19188663 0.067867145 -0.9793258 0.06527915 -0.9950222 -0.059809264 -0.025897477 1.0934944
0.3545563 -0.012273909 0.1944538 0.070177525 -0.98024535 0.06638194 -0.99586034 -0.06297339 -0.026319578 1.0904018
0.3549633 -0.012666681 0.19708708 0.07248068 -0.98117626 0.06751941 -0.9967299 -0.066145465 -0.026749121 1.0861604
0.3553539 -0.013056777 0.19977604 0.07475312 -0.9821073 0.06868623 -0.9976259 -0.06929737 -0.027183976 1.0809207
0.3557225 -0.013441231 0.20251034 0.07697139 -0.9830276 0.06987713 -0.99854314 -0.072401084 -0.027622031 1.0748333
0.3560635 -0.013817076 0.2052796 0.07911207 -0.98392606 0.0710868 -0.9994767 -0.07542855 -0.028061166 1.0680484
0.3563713 -0.014181343 0.20807351 0.081151694 -0.98479176 0.07230996 -1.0004213 -0.078351736 -0.028499272 1.0607165
0.3566404 -0.0145310685 0.21088167 0.08306685 -0.9856137 0.073541336 -1.0013719 -0.0811426 -0.028934225 1.0529879
0.35686514 -0.014863273 0.21369368 0.08483403 -0.9863808 0.07477558 -1.0023235 -0.08377304 -0.029363904 1.0450135
0.35704 -0.015175013 0.21649931 0.0864299 -0.9870821 0.076007485 -1.003271 -0.08621515 -0.029786214 1.0369431
0.35715935 -0.015463306 0.21928817 0.087830976 -0.9877067 0.07723172 -1.0042093 -0.08844082 -0.030199027 1.0289273
0.35721764 -0.01572519 0.22204986 0.08901381 -0.98824346 0.07844301 -1.0051334 -0.09042203 -0.03060023 1.0211166
0.35720927 -0.015957695 0.22477405 0.08995496 -0.98868144 0.07963605 -1.0060381 -0.092130706 -0.030987702 1.0136614
0.35712868 -0.016157858 0.2274504 0.09063099 -0.9890096 0.08080556 -1.0069183 -0.09353884 -0.031359334 1.0067121
0.35697028 -0.016322706 0.23006845 0.09101845 -0.9892169 0.081946224 -1.0077691 -0.09461836 -0.031712998 1.0004191
0.35673085 -0.016450327 0.23262091 0.091101654 -0.98929584 0.08305301 -1.0085863 -0.09534961 -0.03204714 0.99490106
0.35641676 -0.016542995 0.23511195 0.0908958 -0.98925287 0.08412158 -1.0093701 -0.095746234 -0.032362364 0.9901496
0.35603675 -0.016604029 0.2375487 0.09042383 -0.98909736 0.08514786 -1.0101216 -0.09583022 -0.03265983 0.9861246
0.35559952 -0.016636753 0.23993826 0.089708686 -0.9888393 0.086127736 -1.0108421 -0.09562356 -0.032940686 0.98278594
0.3551138 -0.01664449 0.24228777 0.0887733 -0.9884883 0.08705714 -1.0115327 -0.09514825 -0.03320609 0.9800936
0.35458827 -0.016630566 0.24460438 0.08764062 -0.9880541 0.08793195 -1.0121945 -0.0944263 -0.033457205 0.9780074
0.35403177 -0.016598297 0.24689513 0.086333625 -0.9875464 0.08874808 -1.0128288 -0.09347971 -0.033695176 0.97648704
0.35345292 -0.01655101 0.24916734 0.08487518 -0.98697495 0.08950145 -1.0134368 -0.09233044 -0.03392117 0.9754927
0.3528605 -0.016492028 0.25142798 0.08328827 -0.9863495 0.09018796 -1.0140195 -0.09100051 -0.034136344 0.97498417
0.3522632 -0.016424669 0.25368425 0.08159582 -0.98567975 0.09080351 -1.0145782 -0.0895119 -0.034341846 0.9749212
0.3516698 -0.01635226 0.25594327 0.07982079 -0.9849754 0.09134401 -1.0151141 -0.08788663 -0.034538835 0.9752638
0.35108894 -0.016278123 0.25821215 0.07798611 -0.98424613 0.091805354 -1.0156282 -0.086146675 -0.034728467 0.9759718
0.35052943 -0.016205583 0.26049796 0.07611476 -0.9835018 0.092183456 -1.0161219 -0.08431409 -0.034911893 0.9770051
0.34999996 -0.016137956 0.262808 0.0742296 -0.9827521 0.09247423 -1.0165961 -0.08241078 -0.035090283 0.9783236
0.34950924 -0.016078569 0.26514927 0.07235362 -0.98200655 0.09267357 -1.0170523 -0.08045877 -0.035264786 0.9798871
0.34906602 -0.016030746 0.26752895 0.07050975 -0.98127514 0.09277739 -1.0174915 -0.078480065 -0.035436556 0.9816556
0.348679 -0.015997805 0.26995414 0.06872093 -0.98056746 0.09278159 -1.0179149 -0.07649667 -0.03560675 0.9835889
0.34835693 -0.015983071 0.27243203 0.06701012 -0.9798932 0.09268208 -1.0183235 -0.074530564 -0.035776526 0.9856469
0.34810853 -0.01598987 0.2749697 0.06540024 -0.9792621 0.09247476 -1.0187188 -0.07260375 -0.035947036 0.98778945
0.34794253 -0.016021518 0.2775742 0.06391428 -0.97868407 0.092155546 -1.0191017 -0.07073828 -0.03611944 0.98997647
0.34786764 -0.016081344 0.2802528 0.062575094 -0.9781686 0.09172033 -1.0194736 -0.06895604 -0.036294892 0.99216783
0.3478926 -0.016172666 0.28301263 0.061405674 -0.9777255 0.09116502 -1.0198355 -0.06727908 -0.036474552 0.9943235
0.34802613 -0.01629881 0.28586075 0.06042895 -0.9773645 0.09048553 -1.0201886 -0.065729395 -0.036659576 0.9964032
0.34827694 -0.016463097 0.2888043 0.059667874 -0.97709525 0.08967775 -1.0205342 -0.06432898 -0.036851116 0.99836695
0.3486538 -0.01666885 0.29185045 0.05914538 -0.9769276 0.08873761 -1.0208732 -0.06309983 -0.037050333 1.0001745
0.34916538 -0.016919393 0.29500628 0.058884412 -0.97687113 0.08766099 -1.0212071 -0.06206395 -0.03725838 1.001786
0.34981713 -0.017216774 0.29827532 0.05890111 -0.9769329 0.08644671 -1.0215364 -0.06123805 -0.0374758 1.0031697
0.3506013 -0.017558014 0.3016472 0.059184417 -0.97710824 0.08510487 -1.0218595 -0.060617592 -0.03770075 1.0043296
0.35150674 -0.017938849 0.30510762 0.05971648 -0.97739017 0.08364857 -1.0221745 -0.06019282 -0.037930757 1.0052781
0.3525224 -0.01835502 0.30864254 0.06047946 -0.9777713 0.08209083 -1.0224794 -0.059953943 -0.038163356 1.0060279
0.35363728 -0.018802265 0.31223783 0.061455496 -0.97824436 0.08044472 -1.0227723 -0.05989117 -0.038396083 1.0065913
0.35484016 -0.019276328 0.31587937 0.062626734 -0.9788021 0.07872327 -1.023051 -0.05999472 -0.03862647 1.006981
0.35612 -0.019772938 0.31955293 0.06397529 -0.97943735 0.076939575 -1.0233135 -0.060254797 -0.038852047 1.0072095
0.35746577 -0.02028786 0.32324457 0.065483384 -0.9801429 0.0751066 -1.023558 -0.060661618 -0.039070368 1.0072892
0.3588664 -0.020816822 0.32694015 0.06713313 -0.98091125 0.07323742 -1.0237823 -0.061205395 -0.03927895 1.0072327
0.36031073 -0.02135557 0.33062547 0.068906665 -0.98173547 0.07134508 -1.0239844 -0.061876345 -0.039475337 1.0070524
0.36178774 -0.021899838 0.33428645 0.07078615 -0.98260796 0.069442645 -1.0241623 -0.06266467 -0.039657064 1.0067608
0.36328632 -0.022445371 0.33790898 0.07275373 -0.9835218 0.06754314 -1.024314 -0.063560605 -0.03982166 1.0063708
0.3647954 -0.022987913 0.3414789 0.07479155 -0.98446953 0.06565963 -1.0244377 -0.06455433 -0.03996666 1.0058945
0.3663038 -0.023523187 0.3449821 0.07688171 -0.98544395 0.06380518 -1.024531 -0.06563605 -0.040089607 1.0053445
0.36780062 -0.024046965 0.3484045 0.07900645 -0.9864379 0.061992757 -1.0245922 -0.06679603 -0.04018803 1.0047334
0.36927468 -0.024554972 0.35173196 0.08114788 -0.98744404 0.060235456 -1.0246191 -0.06802445 -0.040259466 1.0040736
0.37071493 -0.025042951 0.3549504 0.083288155 -0.988455 0.05854632 -1.0246098 -0.06931153 -0.040301453 1.0033779
0.37211022 -0.025506642 0.35804564 0.0854094 -0.98946375 0.056938402 -1.0245622 -0.07064747 -0.040311523 1.0026585
0.37344956 -0.02594179 0.3610036 0.08749378 -0.99046296 0.055424727 -1.0244744 -0.0720225 -0.040287208 1.001928
0.3747218 -0.026344119 0.3638101 0.08952339 -0.9914453 0.054018393 -1.0243444 -0.07342678 -0.04022605 1.001199
0.37591586 -0.026709396 0.36645114 0.09148047 -0.9924037 0.05273237 -1.02417 -0.074850604 -0.040125575 1.0004839
0.37702072 -0.027033351 0.3689125 0.093347125 -0.9933307 0.051579736 -1.0239495 -0.07628414 -0.039983325 0.9997953
0.37802523 -0.027311727 0.37118012 0.09510551 -0.99421906 0.050573543 -1.0236806 -0.07771761 -0.039796837 0.9991458
0.37891838 -0.027540259 0.37323987 0.09673776 -0.99506176 0.04972683 -1.0233614 -0.07914122 -0.039563637 0.99854773
0.379689 -0.027714698 0.3750776 0.098226026 -0.99585134 0.04905265 -1.02299 -0.08054519 -0.039281268 0.99801373
0.3803261 -0.027830774 0.3766792 0.09955247 -0.9965806 0.048564035 -1.0225642 -0.08191972 -0.038947262 0.9975562
0.3808213 -0.027885346 0.37803453 0.10070331 -0.9972439 0.0482706 -1.0220828 -0.08325688 -0.038559925 0.9971852
0.38117743 -0.027879715 0.3791493 0.10168141 -0.9978422 0.04816814 -1.0215472 -0.08455637 -0.03812056 0.9968997
0.38140002 -0.027816283 0.38003302 0.10249366 -0.99837816 0.048249017 -1.0209596 -0.08581964 -0.03763125 0.9966965
0.38149467 -0.027697457 0.3806954 0.10314693 -0.9988545 0.048505597 -1.0203223 -0.087048225 -0.037094083 0.996572
0.38146693 -0.027525652 0.3811461 0.103648186 -0.99927354 0.048930235 -1.0196372 -0.08824362 -0.036511134 0.99652296
0.38132238 -0.027303271 0.38139462 0.1040043 -0.99963796 0.0495153 -1.0189067 -0.08940735 -0.035884496 0.9965458
0.38106653 -0.027032733 0.38145068 0.10422219 -0.9999504 0.050253123 -1.0181328 -0.09054086 -0.03521625 0.9966371
0.38070497 -0.026716428 0.38132387 0.104308784 -1.0002135 0.051136114 -1.0173178 -0.09164575 -0.034508456 0.99679357
0.3802433 -0.026356775 0.38102382 0.10427098 -1.0004299 0.052156605 -1.0164638 -0.09272349 -0.033763204 0.99701166
0.37968707 -0.02595618 0.38056016 0.10411568 -1.000602 0.053306967 -1.0155729 -0.09377558 -0.032982584 0.99728805
0.3790418 -0.025517054 0.37994254 0.10384982 -1.0007327 0.05457955 -1.0146474 -0.094803534 -0.032168668 0.99761915
0.37831306 -0.025041802 0.3791805 0.10348029 -1.0008242 0.05596672 -1.0136893 -0.09580886 -0.031323537 0.9980017
0.37750646 -0.024532834 0.37828374 0.10301399 -1.0008794 0.057460845 -1.012701 -0.09679307 -0.030449279 0.99843216
0.37662756 -0.023992572 0.37726188 0.10245788 -1.0009007 0.059054237 -1.0116845 -0.097757645 -0.02954799 0.9989072
0.37568188 -0.023423396 0.3761245 0.101818815 -1.0008911 0.060739335 -1.010642 -0.098704144 -0.02862171 0.9994234
0.37467498 -0.02282773 0.37488127 0.10110374 -1.0008527 0.062508464 -1.0095757 -0.099634044 -0.02767254 0.9999771
0.37361246 -0.022207981 0.37354177 0.10031955 -1.0007885 0.06435399 -1.0084877 -0.10054886 -0.026702564 1.0005652
0.37249988 -0.021566559 0.37211567 0.09947316 -1.0007007 0.06626826 -1.0073802 -0.10145011 -0.025713857 1.001184
0.37134278 -0.020905867 0.37061256 0.09857148 -1.0005921 0.06824365 -1.0062554 -0.10233928 -0.024708506 1.0018303
0.37014675 -0.020228317 0.3690421 0.09762143 -1.0004654 0.07027251 -1.0051155 -0.10321789 -0.02368859 1.0025007
0.36891738 -0.019536335 0.36741394 0.09662994 -1.000323 0.07234716 -1.0039625 -0.10408744 -0.022656213 1.0031914
0.36766014 -0.018832298 0.3657376 0.09560386 -1.0001678 0.07446005 -1.0027987 -0.10494946 -0.021613408 1.0038993
0.36638066 -0.018118624 0.36402273 0.09455015 -1.0000021 0.076603495 -1.0016263 -0.10580545 -0.02056228 1.004621
0.36508447 -0.017397726 0.36227903 0.09347569 -0.9998287 0.07876986 -1.0004473 -0.10665691 -0.019504908 1.005353
0.3637772 -0.016672011 0.36051607 0.09238742 -0.99965 0.080951504 -0.99926394 -0.10750535 -0.018443374 1.0060917
0.3624643 -0.015943889 0.3587435 0.09129225 -0.9994687 0.0831408 -0.99807847 -0.108352296 -0.01737976 1.0068339
0.3611515 -0.015215784 0.35697097 0.09019709 -0.9992874 0.08533002 -0.996893 -0.10919921 -0.016316174 1.0075761
0.35984418 -0.01449007 0.355208 0.08910881 -0.9991087 0.087511666 -0.99570966 -0.11004766 -0.01525464 1.008315
0.358548 -0.013769172 0.3534643 0.08803437 -0.9989353 0.08967803 -0.9945307 -0.11089912 -0.014197269 1.0090469
0.3572685 -0.0130555 0.35174945 0.08698065 -0.9987695 0.091821484 -0.99335825 -0.11175511 -0.01314614 1.0097685
0.35601127 -0.012351461 0.3500731 0.08595458 -0.99861425 0.09393437 -0.9921944 -0.11261713 -0.012103334 1.0104764
0.35478187 -0.011659464 0.3484449 0.08496306 -0.99847186 0.09600907 -0.9910414 -0.11348669 -0.011070932 1.0111672
